13abc 0.07436 225.554527 10.6459
filter R48
56374.500 19.700 0.060
56374.529 19.670 0.070
56375.529 19.530 0.060
56376.495 19.320 0.060
56376.525 19.270 0.040
56386.478 18.500 0.030
56386.508 18.460 0.020
56392.447 18.590 0.030
56393.273 18.620 0.030
56396.439 18.910 0.030
56446.298 21.100 0.230
56447.234 20.920 0.200
56448.256 20.980 0.270
56450.253 21.280 0.260
filter Bnot
56396.65 19.28 0.04
56407.45 20.02 0.10
filter Vs
56385.50 18.44 0.07
56392.50 18.48 0.17
56402.50 19.16 0.96
56411.50 19.19 0.77
filter Vnot
56396.65 18.64 0.04
56407.45 20.02 0.10
filter rspm
56385.37 18.209 0.019
56388.47 18.161 0.016
56397.28 18.641 0.024
56398.25 18.724 0.018
56422.33 20.170 0.126
filter ispm
56385.37 18.798 0.031
56388.47 18.879 0.034
56397.28 19.497 0.053
56398.25 19.661 0.036
56409.28 19.857 0.081
56422.33 20.272 0.117
filter zspm
56398.25 20.187 0.072
56409.28 20.517 0.092
56422.33 20.691 0.097
filter Yspm
56385.37 18.588 0.074
56388.47 18.889 0.062
56397.28 19.630 0.131
56398.25 19.509 0.189
56409.28 19.202 0.117
56422.33 19.593 0.174
#filter Jspm
#Joel, PSF fit
#56398.25 18.928 0.347
#56409.28 20.811 0.343
#filter Hspm
#Joel, PSF fit
#56409.28 20.423 0.343
filter g60
56388.44 18.38 0.02
56389.34 18.41 0.03
56390.25 18.44 0.05
56392.21 18.53 0.06
56409.19 20.11 0.42
56412.42 20.18 0.08
56414.31 20.32 0.06
56416.22 20.54 0.06
56422.38 21.06 0.08
56423.36 21.11 0.10
56426.22 21.13 0.10
56427.21 21.26 0.15
filter r60
56375.40 19.42 0.05
56388.44 18.31 0.03
56389.34 18.31 0.03
56390.25 18.34 0.04
56392.21 18.36 0.05
56393.21 18.46 0.02
56406.17 19.39 0.14
56409.19 19.33 0.11
56412.42 19.50 0.05
56416.22 19.60 0.08
56422.38 20.17 0.06
56423.36 20.20 0.06
56426.22 20.32 0.06
56427.21 20.43 0.08
filter i60
56388.44 18.94 0.06
56389.34 18.93 0.05
56390.25 19.14 0.11
56392.21 19.10 0.12
56393.21 19.08 0.05
56412.42 19.89 0.09
56413.41 19.85 0.07
56415.32 19.91 0.08
56417.36 19.95 0.15
56422.38 20.39 0.11
56423.36 20.38 0.10
56426.22 20.51 0.11
56427.21 20.62 0.15
