13asv 0.0362 245.679971 +18.959717
filter rspm
#Brads subtractions from 190415
56417.42 18.10 0.01
56424.37 16.73 0.01
56428.34 16.54 0.01
56433.32 16.54 0.01
56435.35 16.61 0.01
56438.41 16.74 0.01
56441.35 16.98 0.01
56447.34 17.36 0.01
56459.34 17.58 0.01
56463.24 17.71 0.01
56487.00 18.72 0.03
filter ispm
56417.42 18.28 0.01
56424.37 17.16 0.01
56428.34 17.21 0.01
56433.32 17.37 0.02
56435.35 17.41 0.01
56438.41 17.57 0.01
56441.35 17.84 0.01
56447.34 18.24 0.02
56459.34 17.99 0.01
56463.24 17.97 0.02
56487.00 19.14 0.04
filter zspm
56417.42 18.37 0.03
56424.37 17.28 0.01
56428.34 17.22 0.02
56435.35 17.38 0.02
56438.41 17.48 0.02
56441.35 17.71 0.01
56447.34 17.79 0.02
56459.34 17.80 0.02
56463.24 17.79 0.04
56487.00 19.26 0.09
filter Yspm
56417.42 18.14 0.04
56424.37 17.03 0.01
56428.34 17.22 0.02
56435.35 17.86 0.03
56438.41 18.09 0.08
56441.35 18.09 0.05
56447.34 18.06 0.04
56459.34 17.35 0.02
56463.24 17.15 0.02
#56487.00 18.20 0.08
filter Jspm
56417.42 18.07 0.06
56424.37 17.06 0.02
56428.34 17.15 0.03
56435.35 17.65 0.04
56441.35 18.40 0.08
56447.34 18.80 0.10
56459.34 18.38 0.07
56463.24 18.32 0.07
#56487.00 > 18.37
filter Hspm
56417.42 18.13 0.13
56424.37 17.25 0.05
56428.34 17.28 0.07
56435.35 17.73 0.09
56441.35 18.03 0.17
56447.34 17.91 0.12
56459.34 17.61 0.08
56463.24 17.47 0.09
#56487.00 > 17.64
#filter B60
#56537.157 20.810 0.090
#56539.227 20.730 0.080
#56541.153 20.620 0.210
#56542.143 20.800 0.070
#56546.220 20.730 0.110
#56549.147 20.790 0.150
#56551.141 20.960 0.160
#56555.131 20.870 0.200
#56559.140 20.970 0.110
#56561.134 20.920 0.120
#56563.133 20.820 0.100
#56566.132 21.100 0.100
#56567.127 21.100 0.110
#56572.157 20.850 0.140
#56578.122 20.890 0.110
filter g60
56443.167 17.080 0.020
56443.173 17.080 0.010
56448.302 17.480 0.010
56451.293 17.730 0.010
56456.176 18.110 0.010
56459.177 18.350 0.010
56462.264 18.580 0.020
56467.259 18.940 0.050
56470.210 19.070 0.010
56474.193 19.170 0.020
56477.183 19.280 0.020
56480.191 19.300 0.020
56485.185 19.390 0.020
56489.217 19.460 0.040
56537.160 20.270 0.040
56539.231 20.280 0.040
56541.162 20.360 0.040
56546.224 20.320 0.060
56548.173 20.430 0.160
56550.141 20.570 0.110
56552.183 20.370 0.170
56553.137 20.490 0.100
56555.135 20.560 0.120
56557.142 20.450 0.120
56559.144 20.630 0.110
56561.137 20.670 0.050
56563.137 20.700 0.100
56566.136 20.750 0.120
56572.167 20.880 0.160
56578.126 20.820 0.160
56580.105 20.770 0.130
filter r60
56443.166 17.210 0.010
56443.172 17.180 0.010
56448.301 17.490 0.010
56451.292 17.540 0.010
56456.175 17.540 0.010
56459.176 17.600 0.010
56462.263 17.730 0.010
56467.258 18.000 0.020
56467.262 18.000 0.040
56470.209 18.210 0.010
56473.266 18.310 0.010
56473.269 18.330 0.010
56476.208 18.430 0.050
56479.231 18.560 0.020
56479.234 18.540 0.020
56482.219 18.680 0.010
56486.185 18.790 0.020
56490.217 18.880 0.020
56537.155 20.310 0.080
56539.226 20.220 0.050
56541.150 20.350 0.080
56546.218 20.720 0.210
56548.168 20.590 0.110
56550.130 20.740 0.130
56552.177 20.740 0.160
56553.132 20.650 0.090
56555.130 20.720 0.170
56556.178 20.850 0.190
56559.138 20.860 0.090
56561.132 21.040 0.140
56563.131 20.810 0.100
56573.127 21.050 0.140
56578.120 21.120 0.170
filter i60
56443.163 18.080 0.040
56443.165 18.070 0.030
56446.259 18.330 0.020
56446.260 18.340 0.020
56449.266 18.240 0.010
56452.290 18.200 0.010
56456.169 18.090 0.010
56459.174 18.050 0.010
56462.262 17.980 0.020
56467.258 18.120 0.050
56467.261 18.170 0.040
56470.208 18.350 0.070
56473.264 18.540 0.020
56473.268 18.520 0.020
56476.206 18.640 0.050
56479.229 18.830 0.030
56479.232 18.860 0.030
56482.217 19.020 0.020
56486.183 19.110 0.030
56490.215 19.340 0.060
56537.154 20.670 0.140
56539.224 20.910 0.120
56541.148 20.950 0.120
56546.216 20.920 0.150
56547.211 20.850 0.130
56549.133 21.020 0.160
56551.138 21.050 0.150
56555.128 21.070 0.170
filter Unot
56418.11 17.032 0.042
56425.08 15.987 0.029
56435.95 16.474 0.038
56440.08 16.819 0.038
56445.01 17.369 0.034
56456.94 18.599 0.048
56465.11 19.357 0.185
filter Bnot
56418.11 17.690 0.021
56425.08 16.595 0.018
56435.95 16.721 0.016
56440.08 16.930 0.021
56445.01 17.394 0.027
56456.94 18.480 0.022
56465.11 18.961 0.091
filter Vnot
56418.11 17.764 0.021
56425.08 16.609 0.018
56435.95 16.670 0.016
56440.08 16.807 0.021
56445.01 17.160 0.027
56456.94 17.646 0.022
56465.11 18.084 0.091
#filter Rnat
#56418.11 17.384 0.022
##56765.14 20.36 0.545
#filter Inat
#56418.11 17.787 0.022
##56765.14 20.390 0.513
#filter WHIRCH
#56435.398 17.799 0.025
#56441.378 18.103 0.039
#56457.396 17.733 0.042
#56461.368 17.666 0.018
filter R48
56413.442 20.509 0.334
56413.471 20.366 0.234
56414.470 19.608 0.145
56415.469 19.009 0.088
56415.493 19.051 0.083
56415.499 19.014 0.125
56416.444 18.529 0.031
56416.474 18.469 0.019
56416.477 18.509 0.042
56417.438 18.075 0.040
56423.439 16.947 0.024
56423.468 16.912 0.022
56423.480 16.955 0.022
56424.438 16.851 0.020
56424.453 16.843 0.021
56424.455 16.846 0.020
56425.430 16.831 0.019
56425.453 16.792 0.023
56425.459 16.843 0.029
56426.453 16.751 0.035
56426.483 16.763 0.025
56427.435 16.747 0.010
56427.466 16.738 0.010
56427.467 16.738 0.015
56433.424 16.745 0.027
56433.454 16.790 0.025
56433.484 16.766 0.028
56434.410 16.722 0.023
56434.439 16.741 0.020
56434.468 16.751 0.025
