13ddg 0.084 11.961798 31.821517
filter R48
56532.254 21.448 0.311
56532.290 21.089 0.258
56533.275 20.804 0.228
56533.377 21.162 0.153
56537.335 19.687 0.034
56537.444 19.754 0.042
56537.480 19.701 0.050
56539.198 19.481 0.064
56539.235 19.412 0.055
56539.313 19.451 0.047
56540.466 19.252 0.029
56540.502 19.207 0.036
56541.191 19.288 0.074
56541.231 19.202 0.056
56541.292 19.199 0.047
56542.193 19.165 0.069
56543.205 19.060 0.047
56543.244 18.946 0.034
56543.283 19.031 0.046
56545.418 18.939 0.031
56546.178 18.920 0.056
56546.228 18.877 0.048
56546.402 18.925 0.036
56547.304 18.903 0.039
56547.439 18.908 0.043
56547.476 18.861 0.037
56548.377 18.889 0.038
56548.437 18.918 0.041
56548.474 18.897 0.036
56549.376 18.862 0.037
56549.435 18.862 0.037
56549.472 18.881 0.033
56550.373 18.922 0.032
56550.433 18.838 0.038
56550.466 18.860 0.032
56551.369 18.923 0.042
56551.411 18.886 0.041
56551.444 18.901 0.032
56552.346 18.942 0.061
56552.386 18.891 0.050
56552.422 18.909 0.052
56561.155 19.361 0.070
56561.303 19.473 0.079
56561.340 19.389 0.079
56562.421 19.442 0.064
56562.459 19.406 0.096
56562.492 19.532 0.070
56563.394 19.509 0.066
56563.428 19.419 0.047
56563.461 19.475 0.059
56564.367 19.484 0.059
56564.403 19.516 0.058
56564.442 19.581 0.064
56565.344 19.671 0.055
56565.410 19.669 0.065
56565.443 19.576 0.055
56566.346 19.613 0.051
56566.391 19.620 0.059
56566.434 19.596 0.070
56567.337 19.761 0.048
56567.371 19.624 0.051
56567.414 19.591 0.059
56568.316 19.594 0.048
56568.366 19.596 0.058
56568.402 19.623 0.052
56569.304 19.603 0.072
56569.431 19.666 0.063
56569.463 19.526 0.052
56570.367 19.598 0.121
56570.408 19.540 0.151
56570.446 19.794 0.201
56571.351 19.619 0.097
56571.394 19.725 0.098
56571.439 19.479 0.068
56572.341 19.786 0.077
56572.377 19.683 0.073
56572.427 19.734 0.067
56573.329 19.715 0.060
56573.362 19.783 0.056
56573.395 19.795 0.065
56576.348 19.743 0.064
56576.470 19.710 0.093
56577.100 19.651 0.126
56577.126 19.992 0.114
56577.248 19.800 0.079
56578.140 20.030 0.094
56578.165 19.901 0.099
56578.190 19.798 0.083
56579.327 19.891 0.109
56579.352 19.898 0.104
56580.253 19.841 0.121
56580.309 19.959 0.102
56580.334 20.047 0.110
56581.236 20.089 0.159
56581.311 20.230 0.180
56581.337 20.100 0.204
56587.127 20.311 0.128
56587.244 20.266 0.122
56587.268 20.574 0.130
56588.169 20.687 0.253
56588.266 20.376 0.223
56588.292 20.619 0.214
56589.194 20.638 0.087
56589.247 20.712 0.170
56589.274 20.595 0.151
56590.176 20.675 0.152
56590.322 20.558 0.096
56590.346 20.569 0.124
56591.248 20.432 0.129
56591.274 20.359 0.304
56591.304 20.744 0.100
56592.260 20.775 0.097
56592.373 20.807 0.191
56592.398 20.726 0.128
56596.106 20.825 0.166
56596.253 20.553 0.140
56596.280 20.894 0.207
56597.182 20.852 0.177
56597.269 20.884 0.178
56597.296 20.794 0.154
56598.198 20.602 0.133
56598.265 20.987 0.242
56598.291 20.821 0.157
56599.193 20.862 0.231
56599.222 20.678 0.181
56599.257 20.995 0.159
56600.202 21.251 0.134
56600.320 20.810 0.154
56600.346 20.733 0.205
56602.092 20.804 0.268
56602.206 21.154 0.308
56603.133 20.946 0.164
56603.221 21.129 0.229
56603.246 21.149 0.309
56604.248 21.430 0.231
56605.292 21.001 0.228
56605.336 21.052 0.167
56605.360 21.202 0.232
56607.129 20.836 0.172
56607.247 20.558 0.161
56607.273 20.923 0.187
56608.203 21.103 0.204
56608.233 20.938 0.278
#filter Rs
#56533.275 20.830 0.170
#56533.377 21.230 0.270
#56537.335 19.770 0.050
#56537.444 19.860 0.050
#56537.480 19.770 0.050
#56539.198 19.550 0.060
#56539.235 19.470 0.050
#56539.313 19.520 0.040
#56540.466 19.340 0.030
#56540.502 19.290 0.030
#56541.191 19.380 0.070
#56541.231 19.290 0.040
#56541.292 19.260 0.040
#56542.193 19.230 0.040
#56543.205 19.140 0.040
#56543.244 19.040 0.030
#56543.283 19.110 0.030
#56545.418 19.010 0.030
#56546.178 18.960 0.040
#56546.228 18.960 0.040
#56546.402 19.020 0.030
#56547.304 19.020 0.030
#56547.439 19.010 0.030
#56547.476 18.970 0.030
#56548.377 19.010 0.030
#56548.437 19.010 0.030
#56548.474 18.970 0.030
#56549.376 18.960 0.020
#56549.435 18.950 0.030
#56549.472 18.980 0.030
#56550.373 19.020 0.030
#56550.433 18.950 0.020
#56550.466 18.960 0.030
#56551.369 19.000 0.040
#56551.411 18.960 0.040
#56551.444 18.990 0.030
#56552.346 19.020 0.040
#56552.386 18.950 0.040
#56552.421 19.000 0.040
#56561.155 19.460 0.050
#56561.303 19.590 0.060
#56561.340 19.400 0.060
#56562.421 19.520 0.040
#56562.459 19.480 0.050
#56562.492 19.630 0.060
#56563.394 19.570 0.050
#56563.428 19.460 0.050
#56563.461 19.560 0.050
#56564.367 19.600 0.040
#56564.403 19.600 0.040
#56564.442 19.640 0.050
#56565.344 19.720 0.050
#56565.410 19.770 0.060
#56565.443 19.650 0.050
#56566.346 19.690 0.050
#56566.391 19.740 0.050
#56566.434 19.690 0.050
#56567.337 19.840 0.050
#56567.371 19.690 0.040
#56567.414 19.670 0.040
#56568.316 19.700 0.040
#56568.366 19.680 0.040
#56568.402 19.730 0.040
#56569.304 19.650 0.060
#56569.431 19.750 0.050
#56569.463 19.620 0.050
#56571.351 19.700 0.070
#56571.394 19.800 0.090
#56571.439 19.610 0.070
#56572.341 19.860 0.050
#56572.377 19.730 0.060
#56572.427 19.830 0.060
#56573.329 19.770 0.050
#56573.362 19.860 0.050
#56573.395 19.860 0.060
#56576.348 19.850 0.060
#56576.470 19.740 0.100
#56577.100 19.740 0.120
#56577.126 19.850 0.180
#56577.248 19.860 0.070
#56578.190 19.750 0.110
#56579.327 19.960 0.090
#56579.352 19.990 0.090
#56580.253 19.940 0.120
#56580.309 20.160 0.150
#56580.334 20.170 0.120
#56581.236 20.370 0.230
#56581.311 20.500 0.260
#56581.337 20.150 0.180
#56587.127 20.530 0.150
#56587.244 20.440 0.130
#56587.268 20.740 0.210
#56588.169 20.690 0.250
#56588.266 20.090 0.190
#56589.194 20.650 0.100
#56589.247 20.820 0.160
#56589.274 20.610 0.140
#56590.176 20.730 0.130
#56590.322 20.280 0.150
#56590.346 20.570 0.120
#56591.248 20.300 0.160
#56591.274 20.100 0.220
#56591.304 20.580 0.180
#56592.260 20.850 0.140
#56592.373 20.850 0.170
#56592.398 20.820 0.190
#56596.106 21.060 0.240
#56596.253 20.820 0.180
filter B60
56541.253229999915 19.280 0.025
56541.261460000183 19.263 0.016
56546.286009999923 19.024 0.016
56548.218770000152 19.083 0.029
56550.205699999817 19.051 0.044
56552.249700000044 19.202 0.071
56554.168260000180 19.312 0.157
56558.247369999997 19.694 0.058
56560.248980000149 19.720 0.081
56562.458690000232 20.011 0.093
56564.218249999918 20.252 0.047
56565.325079999864 20.439 0.040
56568.183519999962 20.631 0.080
56568.303220000118 20.807 0.083
56572.372320000082 21.215 0.151
56572.404209999833 21.130 0.139
56573.308199999854 21.055 0.112
filter g60
56541.256419999991 19.104 0.012
56541.264659999870 19.134 0.014
56546.287649999838 18.896 0.010
56548.220420000143 18.932 0.023
56550.207359999884 18.911 0.022
56552.251350000035 19.038 0.038
56558.249019999988 19.412 0.038
56560.250649999827 19.563 0.040
56562.460359999910 19.752 0.057
56564.219909999985 19.894 0.029
56565.326719999779 19.988 0.025
56566.217110000085 20.005 0.045
56568.185169999953 20.215 0.043
56568.304860000033 20.140 0.036
56572.373970000073 20.720 0.053
56572.405850000214 20.600 0.057
56573.310550000053 20.739 0.049
56578.389620000031 21.161 0.072
56580.309280000161 21.054 0.124
filter i60
56541.258020000067 19.368 0.030
56564.312049999833 20.006 0.061
56567.301810000092 20.060 0.041
56572.369119999930 20.098 0.076
56572.401010000147 19.920 0.061
56573.305000000168 19.872 0.069
56578.384080000222 19.852 0.076
56580.306090000086 19.913 0.049
filter r60
56539.317710000090 19.436 0.019
56546.284399999771 18.882 0.012
56548.217149999924 18.864 0.021
56550.204090000130 18.887 0.018
56552.248079999816 18.954 0.035
56558.245749999769 19.184 0.029
56560.247359999921 19.264 0.042
56564.313649999909 19.522 0.031
56568.169910000172 19.674 0.032
56568.301609999966 19.671 0.039
56572.370709999930 19.773 0.032
56572.402600000147 19.749 0.029
56573.306590000167 19.809 0.042
56578.385679999832 20.066 0.070
56580.307680000085 20.132 0.060
filter z60
56541.263 19.425 0.186
56541.2631 19.4251 0.1861
#filter WHIRCH
#56561.179 19.093 0.091
#56581.188 19.845 0.056
#56585.386 20.018 0.080
filter rspm
#190521
56543.31 18.98 0.01
56545.30 18.87 0.01
56548.25 18.80 0.01
56554.17 18.90 0.01
56558.16 19.09 0.01
56561.15 19.25 0.01
56563.14 19.35 0.01
56569.23 19.57 0.01
56577.15 19.89 0.02
56580.21 20.02 0.02
56596.37 20.74 0.08
filter ispm
#190521
56543.31 19.20 0.02
56545.30 19.20 0.01
56548.25 19.23 0.01
56554.17 19.30 0.02
56558.16 19.61 0.02
56561.15 19.80 0.02
56563.14 19.92 0.02
56569.23 19.88 0.02
56577.15 19.81 0.02
56580.21 19.91 0.03
56596.37 20.76 0.09
filter zspm
#190521
56543.31 19.76 0.24
56545.30 19.57 0.08
56548.25 19.58 0.07
56554.17 19.82 0.10
56558.16 19.99 0.10
56561.15 20.15 0.15
56563.14 20.32 0.12
56569.23 20.27 0.13
56577.15 19.98 0.10
56580.21 20.18 0.10
56596.37 21.06 0.30
filter Yspm
#190521
#56543.31 > 18.10
56545.30 18.84 0.11
56548.25 18.89 0.14
56554.17 19.03 0.17
56558.16 19.32 0.20
56561.15 19.06 0.12
56563.14 19.33 0.15
56569.23 19.19 0.12
56577.15 19.08 0.12
56580.21 19.14 0.18
56596.37 19.55 0.18
filter Jspm
#190521
#56543.31 > 18.03
56545.30 19.39 0.33
56548.25 19.26 0.21
#56554.17 > 18.77
#56558.16 > 18.23
#56561.15 > 18.50
#56563.14 > 18.72
#56569.23 > 18.89
56577.15 19.86 0.38
#56580.21 > 18.90
#56596.37 > 19.07
#filter Hspm
#190521
#56543.31 > 17.63
#56545.30 > 18.28
#56548.25 > 18.79
#56554.17 > 18.23
#56558.16 > 18.36
#56561.15 > 18.32
#56563.14 > 18.64
#56569.23 > 18.24
#56577.15 > 18.51
#56580.21 > 18.46
#56596.37 > 18.74
##Old redux:
#filter rspm
#56543.00 18.9516 0.02
#56545.00 18.8312 0.02
#56548.00 18.7951 0.02
#56554.00 18.8597 0.02
#56558.00 19.0244 0.02
#56561.00 19.1255 0.02
#56563.00 19.2082 0.02
#56569.00 19.4857 0.02
#56577.00 19.7728 0.02
#56580.00 19.9058 0.02
#filter ispm
#56543.000 19.1322 0.02
#56545.000 19.1171 0.02
#56548.000 19.1640 0.02
#56554.000 19.2057 0.03
#56558.000 19.5007 0.02
#56561.000 19.5382 0.03
#56563.000 19.6755 0.03
#56569.000 19.7227 0.03
#56577.000 19.6685 0.02
#56580.000 19.7457 0.03
#filter zspm
#56543.000 19.3742 0.10
#56545.000 19.3741 0.05
#56548.000 19.5021 0.05
#56554.000 19.7022 0.07
#56558.000 19.9109 0.06
#56561.000 20.1170 0.08
#56563.000 20.5749 0.10
#56569.000 20.0369 0.07
#56577.000 19.8187 0.06
#56580.000 19.9907 0.07
#filter Yspm
#56545.000 19.1301 0.06
#56548.000 19.3119 0.05
#56554.000 19.3795 0.10
#56558.000 19.7163 0.09
#56563.000 20.1721 0.11
#56569.000 19.3908 0.08
#56577.000 19.4748 0.07
#56580.000 19.5780 0.07
#filter Yspm_AB
#56545.000 19.1301 0.06
#56548.000 19.3119 0.05
#56554.000 19.3795 0.10
#56558.000 19.7163 0.09
#56563.000 20.1721 0.11
#56569.000 19.3908 0.08
#56577.000 19.4748 0.07
#56580.000 19.5780 0.07
#filter Jspm_AB
#56545.000 19.7727 0.12
#56548.000 20.1897 0.11
#56577.000 20.1566 0.14
#56580.000 20.6815 0.15
#filter Hspm_AB
#56577.000 20.2484 0.15
#56580.000 20.6852 0.24
