13dge 0.015854 75.896169 1.571493
filter Unot
2456543.70 17.60 0.07
2456546.67 16.15 0.06
2456549.67 15.51 0.05
2456558.73 15.37 0.08
2456566.64 16.02 0.03
2456574.60 16.75 0.05
2456579.68 17.60 0.06
2456591.65 18.50 0.06
filter Bnot
2456543.70 17.45 0.02
2456546.67 16.39 0.02
2456549.67 15.84 0.01
2456558.73 15.52 0.04
2456566.64 15.98 0.03
2456574.60 16.83 0.02
2456579.68 17.34 0.02
2456591.65 18.25 0.02
filter Vnot
2456543.70 17.34 0.02
2456546.67 16.38 0.02
2456549.67 15.84 0.01
2456558.73 15.44 0.04
2456566.64 15.70 0.03
2456574.60 16.04 0.02
2456579.68 16.38 0.02
2456591.65 17.11 0.02
filter Blcogt
2456541.19317 19.03 0.07
2456541.19800 18.96 0.05
2456541.22936 18.93 0.03
2456541.25784 19.01 0.05
2456541.26264 19.15 0.08
2456541.62762 18.58 0.02
2456541.63257 18.67 0.03
2456542.23874 18.25 0.04
2456542.24355 18.25 0.04
2456545.15369 16.98 0.10
2456545.25662 16.75 0.04
2456545.26029 16.72 0.04
2456545.28505 16.89 0.04
2456545.28870 16.68 0.03
2456545.83315 16.59 0.01
2456545.83679 16.57 0.01
2456546.25674 16.41 0.01
2456546.26038 16.42 0.01
2456546.28505 16.43 0.01
2456546.28870 16.41 0.01
2456547.25705 16.15 0.01
2456547.26091 16.15 0.01
2456547.28410 16.17 0.01
2456547.28777 16.19 0.01
2456548.58126 15.92 0.01
2456548.58421 15.93 0.01
2456548.60328 15.92 0.01
2456548.60623 15.92 0.01
2456556.83524 15.41 0.01
2456556.83750 15.41 0.01
2456556.85302 15.39 0.01
2456560.23598 15.54 0.01
2456560.25082 15.50 0.01
2456560.25309 15.51 0.01
2456560.26925 15.51 0.01
2456560.27152 15.50 0.02
2456560.93954 15.50 0.01
2456560.94179 15.50 0.01
2456562.86980 15.64 0.01
2456562.87206 15.63 0.01
2456562.88686 15.63 0.01
2456562.88912 15.64 0.01
2456562.90458 15.61 0.01
2456562.90683 15.65 0.01
2456563.78508 15.64 0.01
2456563.78734 15.73 0.01
2456572.47705 16.53 0.02
2456572.47931 16.54 0.02
2456574.47091 16.78 0.01
2456574.47317 16.77 0.02
2456576.90387 17.05 0.03
2456576.90612 17.03 0.02
2456579.59510 17.10 0.02
2456579.59807 17.24 0.02
2456579.60529 17.38 0.02
2456579.60829 17.37 0.02
2456581.46705 17.73 0.04
2456581.47000 17.45 0.03
2456583.68558 17.81 0.04
2456583.68853 17.89 0.08
2456585.52150 17.81 0.04
2456589.41757 18.31 0.07
2456589.42051 18.24 0.06
2456590.90838 18.21 0.03
2456590.91133 18.17 0.03
2456591.73877 18.25 0.03
2456591.74179 18.24 0.03
2456593.65781 18.41 0.04
2456593.66090 18.46 0.06
2456593.67189 18.35 0.03
2456593.67498 18.32 0.03
2456595.40128 18.48 0.08
2456595.40424 18.47 0.06
2456598.83530 18.54 0.05
2456598.83845 18.60 0.04
2456600.39627 18.77 0.18
2456600.39921 18.51 0.09
2456602.45434 18.34 0.19
2456602.45729 18.53 0.03
2456602.46772 18.65 0.03
2456602.47066 18.69 0.11
2456604.37675 18.71 0.05
2456604.37969 18.63 0.04
2456606.59125 18.70 0.04
2456606.59420 18.63 0.04
2456608.48825 18.79 0.04
2456608.49120 18.70 0.04
2456611.73230 18.80 0.06
2456611.73664 18.77 0.05
2456611.75236 18.75 0.05
2456613.68031 18.93 0.08
2456616.68015 18.88 0.08
2456616.68449 18.86 0.07
2456619.34938 18.77 0.04
2456619.35372 18.84 0.04
2456622.55809 18.91 0.05
2456622.56243 18.85 0.04
2456625.60152 18.87 0.03
2456625.60587 18.92 0.03
2456628.75892 19.06 0.04
2456628.76328 19.00 0.03
2456628.77446 18.97 0.03
2456628.77881 18.98 0.04
2456632.57801 19.10 0.05
2456632.58235 19.04 0.04
2456640.39013 18.74 0.23
2456640.39493 19.55 0.23
filter Vlcogt
2456541.26759 18.50 0.04
2456541.27008 18.72 0.12
2456541.63765 18.33 0.03
2456541.64014 18.32 0.02
2456542.24853 17.96 0.03
2456542.25103 17.97 0.03
2456545.16307 16.83 0.03
2456545.26425 16.81 0.02
2456545.26617 16.77 0.03
2456545.29252 16.78 0.02
2456545.29444 16.75 0.03
2456545.84065 16.61 0.01
2456545.84256 16.58 0.01
2456546.26417 16.48 0.01
2456546.26608 16.50 0.01
2456546.29250 16.48 0.01
2456546.29441 16.52 0.06
2456547.26475 16.22 0.01
2456547.26667 16.21 0.01
2456547.29179 16.19 0.01
2456547.29375 16.18 0.01
2456548.58731 16.00 0.02
2456548.58888 15.99 0.01
2456548.60932 15.98 0.02
2456548.61088 16.00 0.01
2456556.84005 15.48 0.01
2456556.84126 15.48 0.01
2456556.85782 15.39 0.01
2456560.23838 15.47 0.01
2456560.23961 15.45 0.02
2456560.25671 15.45 0.02
2456560.94418 15.39 0.01
2456560.94541 15.42 0.01
2456562.87444 15.50 0.01
2456562.87566 15.50 0.01
2456562.89156 15.48 0.01
2456562.89278 15.51 0.01
2456562.90924 15.50 0.02
2456562.91045 15.49 0.01
2456563.78984 15.53 0.01
2456563.79105 15.52 0.01
2456572.48179 15.99 0.02
2456572.48301 16.05 0.02
2456574.47561 16.15 0.01
2456574.47683 16.17 0.01
2456576.90852 16.25 0.01
2456576.90975 16.35 0.04
2456579.60137 16.46 0.01
2456579.60319 16.41 0.01
2456579.61146 16.43 0.02
2456579.61303 16.82 0.12
2456581.47319 16.66 0.02
2456581.47475 16.31 0.02
2456583.69171 16.71 0.02
2456583.69328 16.75 0.02
2456585.52757 16.72 0.02
2456585.52913 16.72 0.02
2456589.42361 16.99 0.03
2456589.42517 17.03 0.03
2456590.91444 17.08 0.02
2456590.91601 17.11 0.01
2456591.74493 17.25 0.13
2456591.74656 17.25 0.13
2456593.66444 17.28 0.02
2456593.66609 17.28 0.02
2456593.67837 17.26 0.01
2456593.68001 17.22 0.01
2456595.40762 17.36 0.04
2456595.40927 17.34 0.02
2456598.84228 17.53 0.02
2456600.40244 17.52 0.06
2456600.40400 17.57 0.05
2456602.46038 17.53 0.02
2456602.46194 17.54 0.02
2456602.47378 17.53 0.02
2456602.47534 17.56 0.02
2456604.38281 17.61 0.02
2456604.38454 17.66 0.02
2456606.59730 17.68 0.02
2456606.59889 17.73 0.02
2456608.49431 17.77 0.03
2456608.49591 17.77 0.03
2456611.74120 17.77 0.02
2456611.74347 17.77 0.02
2456611.75697 17.71 0.02
2456611.75922 17.76 0.03
2456613.69154 17.96 0.04
2456616.68896 17.96 0.04
2456616.69122 17.86 0.03
2456619.35826 17.97 0.02
2456619.36052 18.00 0.02
2456622.56692 18.06 0.03
2456622.56918 18.15 0.02
2456625.61041 18.08 0.02
2456625.61266 18.04 0.02
2456628.76788 18.29 0.02
2456628.77014 18.31 0.02
2456628.78334 18.73 0.07
2456628.78560 18.65 0.06
2456632.58683 18.35 0.03
2456632.58909 18.38 0.03
2456640.39988 18.65 0.21
2456640.40236 18.46 0.09
filter glcogt
2456540.60098 19.37 0.02
2456540.60588 19.35 0.03
2456540.82988 18.68 0.18
2456540.83469 19.32 0.11
2456541.57646 18.62 0.02
2456541.58126 18.65 0.02
2456541.60802 18.62 0.02
2456541.61285 18.62 0.02
2456542.15817 18.29 0.02
2456542.16297 18.30 0.02
2456542.18771 18.27 0.01
2456542.19252 18.25 0.01
2456542.57235 18.07 0.01
2456542.57600 18.13 0.04
2456543.59583 17.57 0.02
2456543.59957 17.61 0.02
2456544.93557 16.90 0.01
2456544.93922 16.85 0.01
2456545.13921 17.05 0.03
2456545.14287 17.01 0.01
2456545.24685 16.94 0.02
2456545.25051 16.90 0.01
2456545.81867 17.01 0.14
2456545.82231 16.71 0.01
2456546.24229 16.64 0.01
2456546.24596 16.64 0.01
2456546.26900 16.60 0.01
2456546.27266 16.61 0.01
2456546.82938 16.50 0.02
2456546.83302 16.48 0.01
2456546.85373 16.49 0.01
2456546.85737 16.48 0.01
2456546.87969 16.47 0.01
2456546.88333 16.50 0.01
2456547.24229 16.38 0.01
2456547.24596 16.39 0.01
2456547.27083 16.36 0.01
2456548.56956 16.10 0.01
2456548.57251 16.11 0.01
2456548.58961 16.10 0.01
2456548.59256 16.10 0.01
2456548.81825 16.08 0.01
2456548.82122 16.08 0.01
2456548.84023 16.07 0.02
2456548.84318 16.22 0.13
2456550.81523 15.86 0.01
2456550.81818 15.87 0.02
2456551.81253 15.70 0.01
2456551.81547 15.71 0.01
2456551.83318 15.72 0.01
2456551.83613 15.71 0.01
2456552.83367 15.65 0.01
2456552.83661 15.66 0.01
2456554.56668 15.55 0.01
2456554.56910 15.55 0.01
2456554.58314 15.58 0.01
2456554.58539 15.58 0.01
2456556.81054 15.58 0.01
2456556.82698 15.51 0.02
2456559.53301 15.59 0.01
2456559.53528 15.59 0.01
2456559.55955 15.56 0.01
2456559.56181 15.55 0.01
2456560.52256 15.64 0.01
2456560.53749 15.64 0.01
2456560.53975 15.64 0.01
2456560.94804 15.52 0.01
2456560.95031 15.53 0.01
2456561.95765 15.57 0.01
2456561.95991 15.57 0.01
2456563.79325 15.73 0.01
2456563.79551 15.73 0.01
2456572.49057 16.37 0.01
2456572.49282 16.40 0.01
2456574.47009 16.50 0.01
2456574.47235 16.50 0.01
2456577.21926 16.74 0.01
2456577.22153 16.77 0.01
2456579.50736 16.97 0.01
2456579.51031 16.99 0.01
2456579.58644 16.99 0.01
2456579.58939 16.97 0.01
2456579.60731 17.00 0.01
2456579.61027 16.98 0.01
2456581.53774 17.15 0.01
2456581.54069 17.17 0.01
2456581.56110 17.14 0.01
2456583.69897 17.31 0.03
2456583.71911 17.35 0.02
2456589.42994 17.79 0.03
2456589.43289 17.81 0.03
2456592.69244 17.97 0.01
2456592.69541 17.97 0.01
2456593.65880 18.04 0.02
2456593.66176 18.02 0.01
2456595.42402 18.07 0.03
2456595.43870 18.12 0.02
2456595.44425 18.08 0.02
2456595.44729 18.08 0.02
2456595.46432 18.07 0.01
2456595.46728 18.05 0.01
2456598.84068 18.19 0.02
2456598.84363 18.20 0.02
2456600.42161 18.24 0.02
2456600.42456 18.25 0.02
2456600.44222 18.19 0.02
2456600.44517 18.19 0.02
2456602.42715 18.31 0.02
2456602.43023 18.22 0.02
2456604.42435 18.31 0.02
2456604.42731 18.29 0.01
2456606.50694 18.35 0.02
2456606.50990 18.35 0.01
2456608.53575 18.38 0.03
2456608.53870 18.40 0.03
2456611.41683 18.46 0.02
2456613.83130 18.47 0.03
2456617.20858 18.44 0.16
2456619.42983 18.56 0.02
2456619.43418 18.53 0.02
2456622.55818 18.65 0.01
2456622.56253 18.65 0.02
2456625.63141 18.71 0.02
2456625.63575 18.71 0.02
2456628.78904 18.73 0.02
2456628.79338 18.74 0.01
2456640.68315 18.90 0.03
2456640.68796 18.89 0.03
2456640.87909 18.82 0.07
2456640.88389 18.71 0.06
filter rlcogt
2456540.61090 19.02 0.03
2456540.61344 19.00 0.03
2456540.83973 18.84 0.09
2456541.58639 18.31 0.03
2456541.58895 18.35 0.02
2456541.61786 18.30 0.02
2456541.62036 18.32 0.03
2456542.16794 17.91 0.02
2456542.17044 17.96 0.03
2456542.19751 17.98 0.02
2456542.57984 17.82 0.02
2456542.58175 17.85 0.02
2456543.60344 17.20 0.12
2456543.60537 17.51 0.20
2456544.94301 16.75 0.01
2456544.94493 16.76 0.01
2456545.14671 16.76 0.02
2456545.14863 16.81 0.08
2456545.25434 16.67 0.01
2456545.25627 16.65 0.03
2456545.82611 16.50 0.01
2456545.82802 16.49 0.01
2456546.24980 16.44 0.01
2456546.25171 16.42 0.01
2456546.27645 16.43 0.01
2456546.27837 16.44 0.01
2456546.83691 16.31 0.01
2456546.83882 16.31 0.02
2456546.86132 16.30 0.01
2456546.86323 16.30 0.02
2456546.88723 16.30 0.01
2456546.88914 16.29 0.01
2456547.24983 16.19 0.01
2456547.27464 16.18 0.01
2456548.57561 16.00 0.01
2456548.57718 15.97 0.01
2456548.59566 15.96 0.01
2456548.59722 16.01 0.01
2456548.82443 15.95 0.01
2456548.82601 15.94 0.01
2456548.84633 15.90 0.02
2456548.84789 15.93 0.03
2456550.82138 15.90 0.09
2456550.82294 15.75 0.02
2456551.81856 15.59 0.01
2456551.82014 15.80 0.11
2456551.83921 15.61 0.01
2456551.84078 15.59 0.01
2456552.83970 15.56 0.01
2456552.84126 15.52 0.01
2456554.57286 15.42 0.01
2456554.58781 15.43 0.01
2456554.58903 15.44 0.01
2456556.81534 15.45 0.01
2456556.83176 15.51 0.02
2456556.83296 15.53 0.02
2456559.53826 15.44 0.01
2456559.53954 15.44 0.01
2456559.56421 15.38 0.01
2456559.56543 15.39 0.01
2456560.52509 15.47 0.01
2456560.52631 15.52 0.01
2456560.54215 15.44 0.01
2456560.54337 15.44 0.01
2456560.95271 15.50 0.01
2456560.95392 15.63 0.02
2456563.79807 15.59 0.01
2456563.79928 15.58 0.01
2456572.49527 16.20 0.01
2456572.49648 16.28 0.03
2456574.47484 16.21 0.01
2456574.47605 16.17 0.01
2456577.22395 16.23 0.01
2456577.22517 16.24 0.01
2456579.59250 16.30 0.01
2456579.59406 16.31 0.01
2456579.61340 16.25 0.01
2456579.61497 16.29 0.01
2456581.54381 16.34 0.01
2456581.54537 16.35 0.01
2456581.56421 16.31 0.01
2456581.56578 16.33 0.01
2456583.70375 16.42 0.02
2456583.72390 16.42 0.02
2456585.53839 16.44 0.02
2456585.55817 16.44 0.02
2456585.55973 16.45 0.02
2456589.43598 16.70 0.02
2456589.43755 16.68 0.01
2456591.82836 16.83 0.01
2456591.82991 16.96 0.14
2456591.84726 16.82 0.02
2456592.69862 16.92 0.01
2456592.70020 16.97 0.01
2456593.66495 16.98 0.02
2456593.66653 16.99 0.01
2456595.45056 17.04 0.02
2456595.45215 17.08 0.02
2456595.47039 17.07 0.01
2456595.47196 17.07 0.02
2456598.84683 17.24 0.02
2456598.84839 17.24 0.02
2456600.42766 17.27 0.02
2456600.42922 17.27 0.02
2456600.44828 17.25 0.02
2456600.44984 17.25 0.02
2456602.43350 17.35 0.02
2456602.43507 17.34 0.02
2456604.43042 17.41 0.02
2456604.43198 17.42 0.02
2456606.51456 17.54 0.02
2456608.54182 17.54 0.03
2456608.54338 17.56 0.07
2456611.42134 17.65 0.03
2456611.42361 17.78 0.07
2456613.84115 17.80 0.03
2456613.84368 17.83 0.03
2456617.21306 17.82 0.15
2456617.21531 17.72 0.06
2456619.43867 17.80 0.02
2456619.44093 17.84 0.03
2456622.56708 18.05 0.02
2456622.56937 18.00 0.02
2456625.64034 18.12 0.02
2456625.64259 18.11 0.02
2456628.79796 18.22 0.02
2456628.80022 18.24 0.02
2456640.69304 18.60 0.04
2456640.88888 18.24 0.07
2456640.89115 18.45 0.08
filter ilcogt
2456540.61606 19.35 0.07
2456540.61856 19.45 0.09
2456540.84494 19.30 0.43
2456540.84743 18.73 0.50
2456541.59412 18.72 0.05
2456541.62300 18.67 0.03
2456541.62549 18.78 0.04
2456542.17308 18.36 0.04
2456542.17558 18.38 0.03
2456542.58380 18.26 0.05
2456542.58571 18.20 0.04
2456543.60762 17.46 0.51
2456543.60953 17.99 0.35
2456544.94701 17.01 0.02
2456545.15068 17.06 0.04
2456545.15259 17.09 0.04
2456545.25832 16.79 0.02
2456545.26024 16.72 0.02
2456545.83014 17.17 0.21
2456545.83205 16.76 0.01
2456546.25377 16.71 0.03
2456546.25568 16.70 0.03
2456546.28042 17.23 0.05
2456546.28233 17.27 0.08
2456546.84097 16.54 0.01
2456546.84288 16.54 0.02
2456546.86534 16.54 0.02
2456546.86725 16.54 0.01
2456546.89130 16.52 0.01
2456546.89319 16.53 0.01
2456547.25381 16.39 0.03
2456547.27863 16.45 0.02
2456547.28056 16.43 0.02
2456548.57889 16.45 0.09
2456548.58045 16.23 0.02
2456548.59894 16.23 0.02
2456548.60051 16.32 0.02
2456548.82784 16.21 0.01
2456548.82941 16.19 0.02
2456548.84965 16.15 0.01
2456548.85122 16.19 0.02
2456550.82475 16.04 0.02
2456550.82630 16.03 0.02
2456551.82184 15.96 0.01
2456551.82340 15.94 0.01
2456551.84248 15.95 0.01
2456551.84404 15.94 0.01
2456552.84296 15.92 0.01
2456552.84451 15.95 0.01
2456554.57424 15.91 0.02
2456554.57546 15.91 0.02
2456554.59042 15.90 0.02
2456554.59164 15.91 0.01
2456556.81807 16.05 0.02
2456556.81929 16.06 0.02
2456556.83439 16.09 0.03
2456556.83559 16.11 0.03
2456559.54090 16.11 0.01
2456559.54212 16.13 0.01
2456559.56678 16.10 0.01
2456559.56801 16.09 0.01
2456560.52767 16.13 0.01
2456560.52889 16.17 0.01
2456560.54477 16.17 0.02
2456560.54598 16.17 0.02
2456563.80074 16.32 0.01
2456563.80194 16.30 0.01
2456572.49785 16.85 0.05
2456572.49906 16.97 0.04
2456574.47743 16.82 0.02
2456574.47865 16.79 0.02
2456577.22652 16.76 0.02
2456577.22773 16.74 0.01
2456579.59587 16.74 0.02
2456579.59743 16.75 0.02
2456579.61671 16.73 0.02
2456579.61828 16.71 0.02
2456581.54711 16.73 0.02
2456581.54867 16.70 0.02
2456581.56906 16.68 0.02
2456583.70556 16.70 0.02
2456583.70712 16.65 0.02
2456583.72574 16.65 0.02
2456585.54185 16.77 0.07
2456585.54341 16.59 0.02
2456585.56145 16.60 0.02
2456585.56301 16.61 0.02
2456589.43926 16.80 0.03
2456589.44083 16.85 0.03
2456591.83172 16.91 0.02
2456591.83329 16.90 0.02
2456592.70204 17.09 0.02
2456592.70361 17.08 0.02
2456593.66833 17.10 0.02
2456593.66990 17.13 0.02
2456595.45387 17.23 0.03
2456595.45543 17.22 0.03
2456595.47367 17.20 0.02
2456595.47523 17.20 0.02
2456598.85019 17.47 0.07
2456598.85174 17.43 0.03
2456600.43120 17.43 0.04
2456600.43287 17.46 0.04
2456600.45155 17.46 0.03
2456600.45311 17.69 0.16
2456602.43678 17.51 0.10
2456602.43846 17.60 0.04
2456604.43369 17.64 0.03
2456604.43525 17.68 0.03
2456606.51626 17.83 0.03
2456606.51782 17.76 0.03
2456608.54508 17.77 0.03
2456608.54664 17.78 0.03
2456611.42604 17.94 0.05
2456611.42830 17.93 0.05
2456617.21771 18.03 0.12
2456617.21997 18.12 0.12
2456619.44333 18.14 0.03
2456619.44560 18.16 0.03
2456622.57178 18.38 0.04
2456622.57404 18.34 0.04
2456625.64509 18.48 0.04
2456625.64735 18.44 0.05
2456628.80272 18.53 0.05
2456628.80498 18.46 0.05
2456640.89355 18.56 0.14
2456640.89582 18.45 0.13
#filter WHIRCK
#2456581.988 16.000 0.017
#2456584.919 15.780 0.016
#2456587.020 16.125 0.019
#2456592.010 16.543 0.021
#2456636.939 18.941 0.503
#2456640.876 18.619 0.106
#filter WHIRCH
#2456563.993 16.562 0.013
#2456581.972 16.033 0.012
#2456584.906 15.876 0.011
#2456587.004 16.000 0.012
#2456592.001 16.530 0.013
#2456608.961 17.663 0.018
#2456636.903 18.348 0.057
#2456640.835 18.938 0.062
#filter WHIRCJ
#2456564.002 16.839 0.013
#2456581.980 17.245 0.014
#2456584.911 16.846 0.012
#2456587.012 16.959 0.013
#2456592.024 17.425 0.013
#2456608.986 19.272 0.043
#2456636.919 20.380 0.169
#2456640.851 20.654 0.189
filter U_UVOT
#2456539.7255  19.454  12.077
#2456540.8873  19.511  12.060
#2456541.5592  19.446  12.061
2456542.5564  18.556   0.179
2456545.1256  16.780   0.076
2456549.9017  15.309   0.058
2456551.8956  15.153   0.054
2456553.9319  15.086   0.053
2456555.5338  15.174   0.056
2456557.5348  15.288   0.058
2456559.0714  15.491   0.063
2456561.9400  15.825   0.065
2456563.8482  15.983   0.068
2456565.0833  16.227   0.069
2456567.1880  16.309   0.077
2456570.7269  16.929   0.081
2456571.6911  16.998   0.086
2456573.7595  17.299   0.105
2456575.4034  17.589   0.117
filter B_UVOT
2456539.7274  19.677  12.893
2456540.8883  19.185   0.220
2456541.5597  18.870   0.182
2456542.5571  17.785   0.095
2456545.1264  16.741   0.066
2456549.9024  15.761   0.058
2456551.8967  15.500   0.051
2456553.9330  15.396   0.050
2456555.5348  15.392   0.050
2456557.5358  15.405   0.050
2456559.0724  15.474   0.051
2456561.9410  15.564   0.052
2456563.8491  15.778   0.059
2456565.0843  15.823   0.058
2456567.1883  16.003   0.063
2456570.7276  16.384   0.063
2456571.6920  16.517   0.065
2456573.7203  16.760   0.077
2456575.4038  16.985   0.077
filter V_UVOT
2456539.7599  18.839  11.617
2456540.8931  18.416   0.249
2456541.5622  18.420   0.263
2456542.5614  17.551   0.142
2456545.1308  16.674   0.087
2456549.9060  15.779   0.068
2456551.9029  15.585   0.063
2456553.9392  15.410   0.061
2456555.5400  15.401   0.063
2456557.5413  15.357   0.062
2456559.0777  15.367   0.062
2456561.9137  15.393   0.068
2456563.8542  15.631   0.066
2456565.0902  15.583   0.064
2456567.1901  15.711   0.072
2456570.7312  15.901   0.069
2456571.6971  15.999   0.073
2456573.7258  16.183   0.091
2456575.4060  16.130   0.080
#filter rspm
#2456540.92153 18.71 0.01
filter ispm
2456540.92153 19.27 0.03
2456544.91111 17.02 0.01
2456550.89444 15.91 0.01
2456554.88750 15.87 0.01
filter zspm
2456540.92153 18.56 0.04
2456544.91111 16.91 0.01
2456550.89444 16.03 0.01
2456554.88750 15.91 0.01
filter Yspm
2456540.922 18.27 0.18
2456544.911 16.54 0.03
2456550.894 15.66 0.01
2456554.888 15.67 0.01
filter Jspm
2456540.922 18.37 0.29
2456544.911 16.65 0.05
2456550.894 15.67 0.01
2456554.888 15.68 0.02
filter Hspm
#2456540.922 17.07 9.99
2456544.911 16.79 0.12
2456550.894 15.84 0.03
2456554.888 15.90 0.04
