13dkx 0.0345 20.221425 3.339925
#PS1-13dhs
filter R48
56547.383 20.780 0.150
56547.504 20.970 0.200
56548.249 20.000 0.110
56548.294 20.180 0.090
56548.487 19.930 0.060
56549.388 19.620 0.040
56549.483 19.530 0.040
56549.519 19.520 0.050
56550.421 19.160 0.030
56550.496 19.180 0.030
56551.238 18.930 0.050
56551.271 18.900 0.040
56551.304 18.800 0.040
56552.238 18.630 0.050
56552.273 18.600 0.040
56552.306 18.640 0.040
56561.225 17.360 0.010
56561.407 17.370 0.010
56561.440 17.360 0.010
56563.209 17.300 0.010
56563.279 17.340 0.010
56563.312 17.310 0.010
56564.239 17.300 0.010
56564.491 17.320 0.010
56565.201 17.290 0.010
56565.307 17.300 0.010
56565.490 17.270 0.010
56566.392 17.320 0.010
56566.461 17.290 0.010
56566.496 17.290 0.010
56568.192 17.270 0.010
56568.234 17.290 0.010
56568.269 17.280 0.010
56569.289 17.260 0.010
56569.496 17.290 0.010
56570.254 17.250 0.010
56571.467 17.300 0.010
56572.369 17.380 0.010
56573.178 17.380 0.010
56573.277 17.420 0.010
56573.310 17.430 0.010
56577.300 17.660 0.010
56577.326 17.700 0.010
56578.227 17.720 0.010
56578.252 17.710 0.010
56579.256 17.750 0.020
56579.356 17.730 0.010
56580.258 17.760 0.020
56580.354 17.790 0.020
56581.256 17.760 0.030
56581.335 17.790 0.030
56587.147 18.020 0.020
56587.287 17.960 0.020
56587.311 17.970 0.020
56588.213 18.010 0.020
56588.369 17.970 0.020
56588.394 18.000 0.020
56589.296 18.030 0.010
56589.323 18.020 0.010
56589.349 18.020 0.020
56590.261 18.070 0.010
56590.372 18.070 0.020
56590.397 18.050 0.020
56591.300 17.950 0.050
56591.358 18.130 0.020
56591.383 18.090 0.020
56592.290 17.920 0.020
56592.422 18.110 0.020
56593.124 17.930 0.030
56593.149 18.130 0.020
56593.173 18.170 0.010
56596.133 17.970 0.030
56596.315 18.240 0.020
56596.340 18.210 0.020
56597.242 18.280 0.020
56597.321 18.180 0.020
56597.347 18.230 0.020
56598.249 18.280 0.020
56598.319 18.300 0.020
56598.346 18.290 0.020
56599.248 18.380 0.020
56599.295 18.380 0.020
56599.320 18.380 0.020
56600.254 18.230 0.030
56600.373 18.400 0.020
56602.126 18.480 0.040
56602.252 18.440 0.030
56602.277 18.430 0.030
56603.179 18.520 0.030
56603.240 18.520 0.030
56603.315 18.520 0.020
56604.285 18.620 0.020
56605.117 18.650 0.020
56605.144 18.630 0.020
56605.169 18.640 0.020
56606.091 18.670 0.050
56606.143 18.710 0.030
56606.167 18.700 0.070
56607.144 18.760 0.030
56607.331 18.620 0.060
56607.356 18.810 0.030
filter Unot
56558.52 17.161 0.028
56566.63 16.925 0.026
56574.53 17.469 0.046
56579.57 18.117 0.052
filter Bnot
56558.52 17.569 0.030
56566.63 17.252 0.028
56574.53 17.524 0.017
56579.57 18.001 0.016
56591.64 19.206 0.042
filter Vnot
56558.52 17.445 0.030
56566.63 17.131 0.028
56574.53 17.274 0.017
56579.57 17.528 0.016
56591.64 18.170 0.042
filter B60
56550.226910000201 19.623276908959 0.073
56550.231759999879 19.277334833815 0.042
56550.360929999966 19.315073751252 0.030
56550.453189999796 19.302925411206 0.014
56552.216490000021 18.672484923137 0.113
56552.347089999821 18.696636023485 0.034
56559.222740000114 17.528530114794 0.012
56559.356589999981 17.513836712979 0.010
56567.176659999881 17.342075246154 0.010
56567.309379999992 17.341174812007 0.010
56569.236320000142 17.380996728896 0.010
56569.367250000127 17.390503453790 0.010
56571.299039999954 17.506664384235 0.010
56573.159310000017 17.546568794533 0.011
56573.289479999803 17.539964257890 0.010
56578.328170000110 17.984316760889 0.016
56579.346059999894 18.018416063837 0.019
filter g60
56550.230109999888 19.285412442147 0.038
56550.234960000031 19.235031236988 0.027
56550.364130000118 19.167348711965 0.024
56550.456379999872 19.157994214587 0.012
56552.218140000012 18.446647588219 0.033
56552.348749999888 18.487447476973 0.015
56559.225949999876 17.389349364563 0.010
56567.177610000130 17.181395025576 0.010
56567.310329999775 17.193771441615 0.010
56569.237259999849 17.201988067164 0.010
56569.368199999910 17.169388723525 0.010
56571.299990000203 17.270109708720 0.010
56573.161119999830 17.386526930903 0.010
56573.291350000072 17.325077912895 0.010
56578.329969999846 17.675833269752 0.010
56579.347860000096 17.757822989735 0.010
filter r60
56550.221499999985 19.126324186577 0.036
56550.224700000137 19.061017029568 0.030
56550.359310000204 19.021234827388 0.023
56550.367370000109 19.118110463186 0.026
56551.261450000107 18.822060602471 0.031
56551.389990000054 18.721183969734 0.021
56553.213729999959 18.241634017809 0.019
56553.344479999971 18.226020610284 0.015
56559.221119999886 17.405893161967 0.011
56559.354890000075 17.403109912584 0.010
56567.175749999937 17.116585162795 0.010
56567.306220000144 17.101833284304 0.010
56569.235400000121 17.074902408684 0.010
56569.366340000182 17.094376688715 0.010
56571.298130000010 17.182504081352 0.010
56573.158400000073 17.195439280324 0.010
56573.288569999859 17.225502391047 0.010
56578.327260000166 17.494373460525 0.011
56579.345149999950 17.554252998005 0.010
filter i60
56550.219899999909 19.323409930553 0.042
56550.223100000061 19.286086031326 0.055
56550.357720000204 19.172234575847 0.029
56550.365770000033 19.190723853865 0.023
56551.259850000031 18.971969302136 0.036
56551.388389999978 18.878916949543 0.021
56553.212129999883 18.479052891558 0.031
56553.342840000056 18.402733993073 0.012
56559.219519999810 17.605222547709 0.014
56567.174850000069 17.572993896661 0.010
56567.305310000200 17.615186002022 0.010
56569.234499999788 17.633649050925 0.011
56569.365439999849 17.666979877588 0.016
56571.297220000066 17.700706031527 0.018
56573.157490000129 17.828586331572 0.014
56573.287669999991 17.814224253336 0.011
56578.325350000057 18.157109655017 0.023
56579.344250000082 18.146238709442 0.019
filter z60
56550.228509999812 19.094587331605 0.106
56550.233359999955 19.300654504015 0.141
56550.362530000042 19.401949293676 0.146
56550.454789999872 19.287721658331 0.083
56552.214889999945 18.400401531165 0.192
56552.345490000211 18.632489905898 0.084
56559.224349999800 17.649883128751 0.060
56559.358239999972 17.572787705213 0.022
56560.195299999788 17.621450575534 0.085
56560.371869999915 17.631856576299 0.042
56562.397750000004 17.538882635384 0.036
56562.524910000153 17.545380868736 0.078
56564.183999999892 17.375457042420 0.072
56564.310980000068 17.422477194464 0.032
56568.171659999993 17.505376024832 0.048
56568.298159999773 17.504816228015 0.028
56573.160219999962 17.800346845896 0.057
56573.290390000213 17.733065593410 0.042
56578.329069999978 17.896900244727 0.052
56579.346960000228 17.968565436756 0.045
56580.273649999872 17.957961218435 0.061
56580.408950000070 17.938083719803 0.062
#filter WHIRCH
#56563.413 17.390 0.021
#56581.239 17.446 0.019
#56585.344 17.541 0.019
#56608.152 17.978 0.021
#filter WHIRCJ
#56563.423 17.161 0.020
#56581.244 18.640 0.020
#56608.164 18.722 0.026
filter ispm
56554.241 18.119 0.018
56561.231 17.446 0.006
56568.197 17.561 0.009
56573.231 17.732 0.012
56580.253 18.162 0.013
filter zspm
56554.241 18.237 0.040
56561.231 17.514 0.010
56568.197 17.471 0.012
56573.231 17.632 0.014
56580.253 17.792 0.015
filter Yspm
56554.241 17.664 0.078
56561.231 17.174 0.041
56568.197 17.613 0.062
56573.231 17.910 0.077
56580.253 17.766 0.057
filter Jspm
56561.231 17.200 0.063
56568.197 17.513 0.115
56573.231 17.844 0.147
56580.253 18.349 0.222
filter Hspm
56561.231 17.361 0.126
56568.197 17.637 0.216
56573.231 17.789 0.223
56580.253 17.845 0.198
#filter ps1_g
## Pan-STARRS1
#56573.475 17.770 0.033
#56573.494 17.201 0.021
#filter ps1_i
## Pan-STARRS1
#56559.536 17.436 0.021
#56559.548 17.434 0.024
