13dym 0.04130 351.125804 +14.651100
#13dym 0.04213 351.125804 +14.651100
#in Abell 2593
filter R48
56597.145 21.160 0.260
56598.177 20.800 0.180
56598.210 20.430 0.140
56599.112 20.130 0.080
56599.141 20.010 0.080
56599.176 20.020 0.070
56600.086 19.550 0.050
56600.111 19.510 0.050
56600.298 19.610 0.060
56602.107 18.920 0.040
56602.170 18.900 0.030
56602.195 18.920 0.040
56603.096 18.500 0.040
56603.172 18.560 0.030
56603.206 18.520 0.030
56605.103 18.240 0.020
56605.134 18.190 0.020
56605.159 18.170 0.020
56606.082 18.020 0.030
56606.107 18.100 0.020
56606.132 18.070 0.030
filter B60
56604.255 18.340 0.067
56611.154 18.005 0.033
56624.262 19.743 0.142
filter g60
56602.270 18.641 0.015
56605.273 17.998 0.007
56611.155 17.711 0.017
56624.263 19.289 0.061
filter r60
56602.269 18.705 0.016
56605.272 18.078 0.008
56611.153 17.569 0.012
56624.261 18.136 0.020
filter i60
56602.267 18.696 0.026
filter rspm
56605.14 18.110 0.006
56606.15 17.962 0.005
56607.13 17.856 0.007
56608.11 17.772 0.010
filter ispm
56605.14 18.138 0.011
56606.15 18.079 0.007
56607.13 18.030 0.007
56608.11 17.980 0.017
filter zspm
56605.14 18.104 0.020
56606.15 18.152 0.017
56607.13 18.059 0.017
56608.11 18.062 0.026
filter Yspm
56605.14 17.647 0.071
56606.15 17.667 0.080
56607.13 17.469 0.069
56608.11 17.258 0.149
filter Jspm
56605.14 17.770 0.120
56606.15 17.643 0.086
56607.13 17.514 0.077
56608.11 17.912 0.183
filter Hspm
#Joel subs?
56605.138 17.60 0.120
56606.146 17.56 0.110
56607.129 17.53 0.120
#filter Y
#56611.03  17.671  0.017
#56613.01  17.486  0.021
#56618.08  17.557  0.017
#56623.01  17.280  0.017
#filter Jrc2
#56611.05  17.355  0.018
#56613.03  16.690  0.019
#56618.10  17.162  0.021
#56623.03  17.050  0.025
#filter H
#56613.02  16.717  0.030
#56623.02  17.012  0.035
