13dzm 0.018193 17.824325 +33.112441
filter R48
56598.296 20.770 0.170
56599.262 19.800 0.070
56600.199 19.270 0.030
56600.322 19.230 0.040
56600.348 19.380 0.040
56602.090 18.320 0.030
56602.209 18.200 0.020
56603.135 17.710 0.010
56603.224 17.670 0.010
56603.248 17.660 0.010
56604.246 17.220 0.010
56604.366 17.200 0.040
56604.391 17.180 0.010
56605.294 16.900 0.010
56605.338 16.740 0.010
56605.363 16.890 0.010
56606.265 16.650 0.090
56607.127 16.430 0.010
56607.250 16.410 0.010
56607.275 16.380 0.010
56608.177 16.250 0.010
56608.205 16.250 0.010
56608.241 16.210 0.010
filter B60
56608.149 16.415 0.002
56622.360 16.705 0.010
56624.259 16.980 0.006
56628.317 17.582 0.010
filter g60
56605.273 16.886 0.001
56606.263 16.600 0.011
56608.150 16.202 0.002
56622.361 16.272 0.004
56624.260 16.476 0.004
filter r60
56605.276 16.876 0.002
56606.262 16.334 0.008
56608.148 16.025 0.001
56609.233 15.878 0.005
56622.359 15.941 0.003
56624.258 16.056 0.002
56628.316 16.194 0.002
filter i60
56605.274 16.812 0.002
56606.260 16.437 0.016
56608.147 16.187 0.002
56622.359 16.500 0.010
56624.257 16.451 0.005
56628.315 16.409 0.003
filter rspm
56609.144 15.90 0.01
56615.156 15.63 0.01
56627.295 16.24 0.01
filter ispm
56609.144 16.14 0.01
56615.156 16.12 0.01
56627.295 16.57 0.01