13ez 0.04363 182.463737 +19.787693
#filter B
#56347.004 20.00 9.99
filter R48
#Forced photometry?
56335.398 18.845 0.065
56335.462 18.848 0.070
56335.500 18.879 0.055
56336.401 18.583 0.044
56336.484 18.546 0.052
56336.523 18.568 0.051
56337.424 18.318 0.071
56337.494 18.308 0.059
56337.531 18.280 0.042
56339.338 17.888 0.056
56339.519 17.976 0.049
56340.426 17.829 0.156
56340.455 17.816 0.154
56340.485 17.873 0.054
56341.389 17.767 0.071
56341.419 17.769 0.059
56341.448 17.733 0.064
56342.351 17.778 0.066
56342.381 17.713 0.044
56354.240 17.759 0.042
56354.270 17.820 0.062
56354.300 17.785 0.053
56355.252 17.844 0.043
56355.281 17.859 0.040
56355.312 17.865 0.026
56356.239 17.952 0.062
56356.268 17.913 0.050
56356.297 17.950 0.044
56357.237 17.972 0.034
56362.363 18.270 0.052
56362.393 18.229 0.030
56362.423 18.235 0.050
56364.381 18.259 0.039
56364.393 18.272 0.048
56364.406 18.284 0.048
56364.419 18.267 0.049
56367.220 18.304 0.070
56367.250 18.407 0.065
56367.279 18.331 0.059
56368.228 18.335 0.054
56368.258 18.379 0.067
56368.288 18.420 0.048
56369.241 18.375 0.060
56369.271 18.388 0.070
56369.300 18.444 0.044
56370.271 18.442 0.055
56370.300 18.433 0.048
56370.330 18.409 0.052
56373.395 18.616 0.057
56373.435 18.564 0.057
56373.464 18.597 0.056
56375.236 18.707 0.088
56375.266 18.799 0.133
56375.296 18.811 0.170
56382.297 19.256 0.095
56382.327 19.274 0.111
56382.356 19.227 0.052
56386.151 19.398 0.083
56386.181 19.438 0.094
56386.212 19.396 0.132
56387.183 19.299 0.061
56387.213 19.332 0.150
56387.242 19.496 0.082
56390.242 19.924 0.162
56390.271 19.518 0.080
56390.301 19.633 0.127
56396.252 19.848 0.104
56396.283 19.909 0.135
56396.312 19.811 0.133
56400.254 19.998 0.127
56400.285 20.000 0.154
56400.314 19.975 0.170
56401.239 20.090 0.163
56401.268 20.090 0.199
56402.238 19.938 0.169
56402.268 20.100 0.165
56402.298 19.888 0.140
56403.247 19.963 0.181
56403.279 19.885 0.250
56415.251 20.685 0.343
56415.290 20.553 0.281
56415.325 20.587 0.283
56416.227 20.354 0.227
56416.257 20.462 0.263
56416.288 20.648 0.295
56417.196 20.420 0.221
56417.236 20.366 0.295
56417.275 20.362 0.223
56423.211 20.597 0.354
56423.249 20.630 0.293
56423.278 20.655 0.360
56424.180 20.575 0.352
56424.247 20.354 0.259
56425.219 20.221 0.297
56426.255 20.522 0.251
56426.284 20.692 0.331
56427.288 20.595 0.260
56428.250 20.669 0.280
56434.265 20.333 0.223
56445.273 20.698 0.252
##filter r48
##Cenko - skip this
#56335.398 18.910 0.020
#56335.462 18.930 0.020
#56335.500 18.970 0.030
#56336.401 18.680 0.020
#56336.484 18.620 0.020
#56336.523 18.700 0.030
#56337.424 18.420 0.020
#56337.494 18.440 0.020
#56337.531 18.420 0.020
#56339.519 18.090 0.020
#56340.426 17.960 0.010
#56340.455 17.980 0.010
#56340.485 18.000 0.010
#56341.389 17.900 0.010
#56341.419 17.910 0.010
#56341.448 17.880 0.010
#56342.351 17.930 0.030
#56342.381 17.810 0.010
#56354.240 17.870 0.020
#56354.270 17.930 0.020
#56354.300 17.920 0.010
#56355.252 17.980 0.010
#56355.281 18.070 0.020
#56355.312 17.970 0.010
#56356.239 18.070 0.010
#56356.268 18.050 0.010
#56356.297 18.100 0.010
#56357.237 18.100 0.010
#56362.363 18.370 0.020
#56362.393 18.340 0.020
#56362.423 18.360 0.020
#56364.381 18.370 0.020
#56364.393 18.410 0.020
#56364.406 18.380 0.020
#56364.419 18.340 0.020
#56367.220 18.440 0.040
#56367.250 18.510 0.030
#56367.279 18.440 0.020
#56368.228 18.470 0.020
#56368.258 18.460 0.020
#56368.288 18.510 0.020
#56369.241 18.520 0.020
#56369.271 18.480 0.020
#56369.300 18.540 0.020
#56370.271 18.520 0.030
#56370.300 18.580 0.020
#56370.330 18.550 0.020
#56373.395 18.700 0.030
#56373.435 18.690 0.030
#56373.464 18.760 0.030
#56375.236 18.780 0.050
#56375.266 18.930 0.060
#56375.296 18.830 0.040
#56382.297 19.390 0.040
#56382.327 19.420 0.040
#56382.356 19.320 0.040
#56386.151 19.500 0.040
#56386.181 19.560 0.060
#56386.212 19.520 0.030
#56387.183 19.440 0.040
#56387.213 19.540 0.040
#56387.242 19.580 0.040
#56390.242 20.030 0.080
#56390.271 19.660 0.050
#56390.301 19.650 0.050
#56396.252 19.870 0.040
#56396.283 19.920 0.050
#56396.312 19.890 0.050
#56400.254 20.000 0.070
#56400.285 20.000 0.070
#56400.314 20.070 0.070
#56401.239 20.020 0.070
#56401.268 20.100 0.090
#56402.238 19.920 0.070
#56402.268 20.210 0.130
#56402.298 20.040 0.070
#56403.247 19.860 0.110
#56403.279 19.830 0.120
#56403.308 20.520 0.180
#56415.290 20.480 0.100
#56415.325 20.430 0.100
#56416.227 20.270 0.110
#56416.257 20.460 0.100
#56416.288 20.520 0.100
#56417.196 20.360 0.070
#56417.236 20.340 0.120
#56423.211 20.700 0.120
#56423.249 20.470 0.100
#56423.278 20.850 0.160
#56424.180 20.560 0.080
#56424.247 20.390 0.070
#56424.279 20.560 0.080
#56425.190 20.790 0.100
#56425.219 20.710 0.090
#56425.249 20.660 0.090
#56426.160 20.600 0.160
#56426.255 20.640 0.110
#56427.186 20.830 0.150
#56427.288 20.630 0.130
#56428.189 21.000 0.150
#56428.250 20.950 0.140
#56428.292 21.380 0.270
#56434.231 20.540 0.170
#56445.273 20.830 0.160
filter ispm
56349.272 18.031 0.034
56367.251 18.435 0.007
56369.313 18.449 0.057
56374.200 18.571 0.038
56375.266 18.603 0.064
56382.364 19.119 0.073
56384.351 19.172 0.104
filter zspm
56349.272 17.949 0.015
56362.352 18.271 0.014
56367.251 18.273 0.015
56369.313 18.241 0.014
56374.200 18.354 0.015
56375.266 18.458 0.018
56382.364 18.781 0.023
56384.351 18.990 0.024
56386.316 19.223 0.046
56388.416 18.931 0.043
56401.392 19.636 0.051
filter Yspm
56349.272 17.690 0.027
56362.352 17.857 0.023
56367.251 17.672 0.026
56369.313 17.599 0.023
56374.200 17.460 0.021
56375.266 17.510 0.021
56382.364 17.781 0.025
56384.351 17.888 0.030
56386.316 17.958 0.032
56388.416 18.013 0.037
56401.392 18.546 0.055
filter Jspm
56349.272 18.190 0.096
56362.352 19.368 0.264
56367.251 19.003 0.228
56369.313 18.856 0.172
56374.200 18.574 0.148
56375.266 18.711 0.158
56382.364 19.273 0.238
56384.351 19.245 0.310
56386.316 19.426 0.354
56388.416 19.256 0.368
#filter Yspm_old
#56349.272 17.690 0.027
#56362.352 17.857 0.023
#56367.251 17.672 0.026
#56369.313 17.599 0.023
#56374.200 17.460 0.021
#56375.266 17.510 0.021
#56382.364 17.781 0.025
#56384.351 17.888 0.030
#56386.316 17.958 0.032
#56388.416 18.013 0.037
#56401.392 18.546 0.055
#filter WFCAMY
#56349.272 17.690 0.027
#56362.352 17.857 0.023
#56367.251 17.672 0.026
#56369.313 17.599 0.023
#56374.200 17.460 0.021
#56375.266 17.510 0.021
#56382.364 17.781 0.025
#56384.351 17.888 0.030
#56386.316 17.958 0.032
#56388.416 18.013 0.037
#56401.392 18.546 0.055
#filter WFCAMY
# 56349.000 17.727     0.030
# 56362.000 17.889     0.024
# 56367.000 17.704     0.029
# 56369.000 17.626     0.028
# 56374.000 17.489     0.030
# 56375.000 17.543     0.023
# 56382.000 17.814     0.024
# 56384.000 17.919     0.027
# 56386.000 17.949     0.036
# 56388.000 18.005     0.035
# 56401.000 18.573     0.031
#filter WFCAMY
#RATIR, aperture
#56349.272 17.760 0.03
#56362.352 17.893 0.03
#56367.251 17.720 0.03
#56369.313 17.640 0.03
#56374.200 17.494 0.03
#56375.266 17.541 0.03
#56382.364 17.839 0.03
#56384.351 17.912 0.03
#56386.316 17.933 0.03
#56388.416 17.994 0.03
#56401.392 18.668 0.03
#filter Y
#CSPII
#56345.29  17.841  0.022
#56347.26  17.871  0.030
#56348.27  18.011  0.033
#56349.31  18.084  0.028
#56351.28  18.047  0.035
#56353.31  18.351  0.026
#56354.28  18.225  0.042
#56355.31  18.411  0.027
#56356.28  18.470  0.029
#56371.28  17.881  0.021
#56377.21  17.767  0.020
#56378.22  17.688  0.031
#56379.21  17.940  0.023
#56383.18  18.167  0.023
#filter Jrc2
#CSPII
#56345.33  17.851  0.027
#56347.25  17.972  0.034
#56348.26  18.021  0.037
#56349.29  18.095  0.030
#56350.27  18.000  0.040
#56351.26  18.262  0.045
#56353.33  18.448  0.048
#56354.28  18.410  0.061
#56356.30  18.929  0.068
