13s 0.059 203.22207 35.95937
filter R48
#Forced photometry
56324.419 19.194 0.058
56324.456 19.216 0.053
56324.492 19.189 0.056
56327.357 18.468 0.045
56327.431 18.457 0.059
56327.470 18.449 0.074
56328.371 18.274 0.067
56328.491 18.273 0.046
56328.529 18.312 0.051
56329.431 18.192 0.072
56329.489 18.199 0.067
56329.525 18.183 0.065
56330.431 18.082 0.082
56330.494 18.043 0.051
56330.530 18.061 0.064
56335.407 17.803 0.044
56335.508 17.840 0.073
56335.553 17.812 0.044
56336.455 17.786 0.061
56336.501 17.778 0.060
56336.540 17.796 0.051
56337.442 17.762 0.054
56337.511 17.747 0.095
56337.547 17.784 0.065
56338.450 17.758 0.074
56338.505 17.775 0.058
56338.558 17.776 0.053
56340.499 17.733 0.079
56340.529 17.752 0.081
56340.562 17.750 0.057
56341.494 17.757 0.077
56341.524 17.758 0.081
56341.554 17.783 0.080
56354.398 18.478 0.083
56354.427 18.451 0.047
56354.456 18.470 0.065
56362.330 18.636 0.057
56362.360 18.651 0.049
56362.390 18.631 0.059
56363.318 18.614 0.061
56363.348 18.657 0.056
56363.376 18.577 0.058
56367.544 18.654 0.064
56369.321 18.708 0.047
56369.350 18.747 0.054
56369.380 18.769 0.087
56370.455 18.766 0.047
56370.485 18.691 0.061
56370.514 18.766 0.103
56372.388 18.916 0.114
56373.475 18.946 0.056
56373.536 18.923 0.077
56374.329 19.075 0.082
56374.359 19.065 0.072
56374.388 18.922 0.060
56375.414 19.066 0.058
56375.443 19.082 0.068
56375.473 19.166 0.076
56376.415 19.124 0.078
56376.445 19.116 0.070
56376.474 19.172 0.069
56382.239 19.400 0.066
56382.274 19.477 0.065
56382.304 19.330 0.041
56385.291 19.494 0.043
56385.320 19.504 0.047
56385.349 19.545 0.054
56386.252 19.490 0.071
56386.281 19.498 0.039
56386.311 19.516 0.035
56387.364 19.625 0.041
56387.393 19.575 0.045
56387.423 19.582 0.043
56389.353 19.626 0.065
56389.383 19.630 0.038
56389.413 19.590 0.083
56390.401 19.613 0.072
56390.430 19.641 0.075
56392.268 19.830 0.088
56392.297 19.809 0.061
56392.329 19.744 0.063
56393.326 19.844 0.067
56393.356 19.708 0.050
56395.240 19.802 0.059
56395.269 19.811 0.049
56395.299 19.808 0.055
56396.236 19.838 0.056
56396.265 19.859 0.070
56396.300 19.802 0.057
56399.360 19.973 0.085
56399.404 20.055 0.089
56399.434 19.923 0.099
56400.343 19.985 0.099
56400.372 19.893 0.083
56400.402 20.050 0.094
56401.348 20.072 0.083
56401.378 19.946 0.097
56401.408 19.980 0.080
56402.329 19.989 0.084
56402.358 20.135 0.131
56402.389 19.991 0.068
56403.344 20.020 0.102
56403.374 20.037 0.116
56403.404 20.123 0.106
56404.349 20.087 0.101
56404.378 19.946 0.081
56404.408 20.122 0.091
56412.344 20.350 0.188
56412.373 20.496 0.246
56412.403 20.199 0.194
56413.342 20.420 0.162
56413.372 20.473 0.180
56413.402 20.434 0.176
56414.333 19.926 0.092
56414.371 20.267 0.116
56414.442 20.628 0.227
56415.343 20.551 0.165
56415.373 20.394 0.167
56415.403 20.244 0.155
56416.335 20.163 0.125
56416.367 20.433 0.145
56417.268 20.543 0.129
56417.320 20.447 0.148
56417.352 20.427 0.116
56422.354 20.515 0.171
56422.397 20.528 0.139
56423.158 20.778 0.161
56423.303 20.706 0.152
56423.359 20.434 0.137
56424.261 20.625 0.149
56424.328 20.655 0.184
56424.362 20.425 0.140
56425.263 20.518 0.163
56425.356 20.689 0.162
56425.386 20.574 0.159
56426.288 20.648 0.168
56426.342 20.705 0.165
56426.372 20.691 0.193
56427.273 20.634 0.157
56427.328 20.549 0.194
56427.358 20.856 0.238
56428.260 20.803 0.243
56428.316 20.999 0.191
56428.367 20.707 0.183
56429.320 20.689 0.218
56429.369 20.721 0.246
56431.362 20.748 0.206
56431.399 20.836 0.240
56431.429 21.162 0.319
56432.332 20.873 0.346
56432.400 20.700 0.201
56433.342 20.636 0.224
56434.304 20.614 0.232
56443.225 20.931 0.252
56444.298 21.146 0.285
56445.202 20.978 0.196
56445.302 20.918 0.300
56446.206 21.115 0.293
56446.277 21.111 0.307
56447.217 21.192 0.296
56447.286 21.337 0.320
56448.215 21.332 0.272
56449.201 21.214 0.226
56449.271 21.090 0.314
56450.219 20.997 0.265
56453.272 21.032 0.262
56454.206 21.402 0.317
56454.271 21.250 0.335
56455.188 21.433 0.294
56455.255 21.531 0.350
56456.201 21.491 0.345
56457.194 21.096 0.248
56458.199 21.376 0.332
56458.260 21.219 0.277
56463.238 21.136 0.352
filter rspm
56341.44 17.625 0.004
56346.30 17.846 0.004
56356.28 18.371 0.004
56362.26 18.489 0.004
56366.26 18.579 0.004
56368.28 18.642 0.005
56373.24 18.864 0.007
56380.21 19.212 0.012
56383.37 19.312 0.008
56385.42 19.377 0.021
56387.38 19.504 0.014
filter ispm
56341.44 18.348 0.005
56346.30 18.479 0.006
56356.28 19.059 0.006
56362.26 18.949 0.007
56366.26 18.906 0.006
56368.28 18.887 0.006
56373.24 18.962 0.008
56380.21 19.414 0.021
56383.37 19.571 0.010
56385.42 19.665 0.028
56387.38 19.756 0.019
filter zspm
56341.44 18.412 0.012
56346.30 18.677 0.013
56356.28 18.993 0.019
56362.26 18.998 0.020
56366.26 19.028 0.016
56368.28 18.975 0.015
56373.24 19.041 0.021
56383.37 19.611 0.027
56385.42 19.646 0.041
56387.38 19.767 0.031
filter Yspm
56341.44 18.541 0.038
56346.30 18.619 0.036
56356.28 18.609 0.036
56362.26 18.450 0.031
56366.26 18.332 0.025
56368.28 18.197 0.020
56373.24 18.174 0.025
56383.37 18.538 0.028
filter Jspm
56341.44 18.608 0.062
56346.30 18.820 0.059
56362.26 19.170 0.095
56366.26 19.342 0.079
56368.28 19.238 0.077
56383.37 19.688 0.131
filter g60
56335.267 17.561 0.007
filter r60
56335.265 17.755 0.011
filter i60
56335.264 18.314 0.018
