14apg 0.08717 189.480312 +8.384737
#14apg 0.075 189.480312 +8.384737
filter rspm
56783.218 18.939     0.009
56789.289 18.978     0.021
56798.296 19.256     0.011
56804.228 19.479     0.011
56810.297 19.785     0.030
56825.200 20.431     0.029
56836.240 20.636     0.054
filter ispm
56783.218 19.161     0.010
56789.289 19.126     0.027
56798.296 19.421     0.015
56804.228 19.452     0.012
56810.297 19.561     0.030
56825.200 20.377     0.031
56836.240 20.746     0.063
filter zspm
56783.218 19.335     0.029
56789.289 19.566     0.088
56798.296 19.834     0.056
56804.228 19.852     0.033
56825.200 20.717     0.111
filter Yspm
56783.218 18.682 0.086
56789.289 18.595 0.201
56798.296 18.617 0.087
56804.228 18.508 0.053
56810.297 18.562 0.144
56825.200 19.310 0.143
filter Jspm
56783.218 19.178 0.242
56798.296 19.020 0.237
56804.228 19.252 0.167
56825.200 19.474 0.278
filter Hspm
56783.218 18.811 0.246
56804.228 18.893 0.273
filter R48
56770.234 20.880 0.230
56771.189 20.610 0.200
56771.222 20.580 0.270
56772.173 20.340 0.130
56772.236 20.050 0.100
56775.326 19.700 0.070
56775.371 19.600 0.070
56776.273 19.440 0.070
56776.327 19.270 0.070
56777.229 19.340 0.050
56778.169 19.240 0.060
56778.214 19.080 0.070
56779.171 19.200 0.040
56779.217 19.210 0.040
56780.285 19.090 0.040
56780.316 19.130 0.040
56781.284 19.150 0.040
56781.315 19.160 0.050
56782.328 19.090 0.040
56782.359 19.060 0.050
filter g60
56795.36082 19.50 0.16
filter i60
56796.333 19.439 0.040
filter r60
56796.335 19.352 0.039
