14atg 0.02129 193.186849 +26.470284
filter R48
56779.25485 20.95 0.99
56779.28984 20.89 0.99
56780.28726 20.72 0.16
56780.31845 20.14 0.19
56781.28632 20.19 0.11
56781.31722 20.40 0.12
56782.33081 19.92 0.06
56782.36182 19.79 0.06
56789.18534 18.03 0.03
56789.21855 18.14 0.04
56790.22228 17.89 0.03
56790.24882 17.86 0.03
56791.22491 17.74 0.02
56791.25366 17.71 0.02
56792.22751 17.54 0.02
56792.26103 17.55 0.02
56794.27654 17.28 0.03
56794.31181 17.31 0.01
56795.26931 17.20 0.02
56796.28573 17.15 0.01
56797.38406 17.01 0.02
56802.24029 16.97 0.01
56802.27573 16.97 0.01
56803.23689 16.98 0.01
56803.27221 16.95 0.01
56804.23747 16.97 0.01
56804.27250 16.98 0.01
56805.23713 17.00 0.01
56805.27213 17.02 0.01
56825.17589 18.02 0.01
56825.20623 18.01 0.01
56825.26703 17.97 0.01
56825.30928 17.97 0.02
56826.17703 18.02 0.01
56826.21501 18.01 0.01
56827.17749 18.08 0.01
56827.20987 18.14 0.01
56828.22206 18.13 0.01
56829.23089 18.22 0.02
56830.17872 18.27 0.01
56830.21257 18.23 0.01
56831.19698 18.27 0.01
56831.22027 18.27 0.01
56832.19700 18.31 0.02
56832.22595 18.36 0.01
56833.20183 18.34 0.01
56833.23057 18.38 0.02
56834.20147 18.40 0.02
56834.22978 18.44 0.02
56835.20029 18.50 0.02
56835.22844 18.56 0.02
56836.20456 18.52 0.02
56836.22757 18.50 0.02
56837.19690 18.54 0.02
56837.21752 18.51 0.02
56838.18843 18.64 0.02
56838.21844 18.61 0.02
56839.18891 18.61 0.02
56839.21890 18.58 0.02
56840.18251 18.68 0.02
56840.20924 18.67 0.02
filter B60
56785.418469999917 19.076384880958 0.016
56786.382379999850 18.797855452477 0.030
56791.159049999900 17.833868882815 0.031
56794.260830000043 17.291068389017 0.026
56796.244669999927 17.197230894214 0.006
56801.304279999807 17.202604380967 0.005
56804.164890000131 17.355330727036 0.005
56805.164499999955 17.484604486565 0.005
56807.166339999996 17.691696847988 0.006
56810.167859999929 18.058990935823 0.011
56813.165800000075 18.392773492442 0.035
filter g60
56785.421659999993 18.885469930734 0.012
56786.385580000002 18.568202303545 0.014
56791.162239999976 17.571488336878 0.016
56793.391809999943 17.271406302727 0.014
56795.169879999943 17.096496907114 0.002
56796.183269999921 17.060544564302 0.004
56801.306090000086 16.954994982381 0.002
56803.169259999879 17.056901299898 0.002
56803.171070000157 17.056681285988 0.002
56804.166699999943 17.138244713500 0.003
56805.166309999768 17.181148391963 0.002
56806.166509999894 17.319054671214 0.003
56807.168149999809 17.356533001784 0.003
56809.164249999914 17.562353329071 0.005
56811.220929999836 17.805056418356 0.005
56813.167830000166 17.993667111461 0.010
56815.199169999920 18.184551003851 0.016
56819.251310000196 18.557637060262 0.041
56828.184919999912 19.010608129366 0.015
56829.283720000181 18.987872869197 0.033
56830.227890000213 19.078654493818 0.017
56831.179370000027 19.095051013820 0.022
56833.179039999843 19.148668223191 0.023
56836.180939999875 19.200764838374 0.020
56837.178479999769 19.240553392399 0.025
56839.178489999846 19.345069190981 0.028
56841.172809999902 19.381359373507 0.039
56843.174209999852 19.320152043203 0.036
56845.173659999855 19.399282474122 0.058
56848.172520000022 19.516176673486 0.057
56858.187940000091 19.546738242760 0.091
56861.203799999785 19.686604840582 0.039
56864.168459999841 19.640539812594 0.048
56876.163490000181 19.839514395317 0.134
56877.157860000152 19.819311309511 0.118
56881.155160000082 20.078182367963 0.190
56883.181059999857 20.160747734419 0.077
filter i60
56785.415240000002 18.726053261791 0.015
56786.379149999935 18.517428677011 0.027
56791.154810000211 17.592820204736 0.015
56793.388379999902 17.288646245916 0.012
56795.168070000131 17.139087837526 0.015
56796.181470000185 17.082878144668 0.013
56801.302449999843 17.004816291652 0.034
56803.160629999824 17.039037186708 0.006
56803.167460000142 17.039227747821 0.004
56804.162049999926 17.067890094526 0.006
56805.161660000216 17.084076752122 0.006
56806.163699999917 17.126637709902 0.006
56807.163490000181 17.126761138546 0.005
56808.165409999900 17.140818986869 0.004
56810.164979999885 17.248794746305 0.008
56812.151200000200 17.312096393242 0.010
56814.166910000145 17.380355536748 0.009
56816.167760000098 17.444869263964 0.012
56819.249439999927 17.496948875856 0.013
56828.183120000176 17.949379243831 0.011
56829.281909999903 17.971839548789 0.023
56830.226090000011 18.065770811030 0.020
56831.177569999825 18.091644232003 0.014
56832.235859999899 18.167786268304 0.020
56834.177480000071 18.218615551448 0.017
56836.179130000062 18.293783524932 0.018
56837.177579999901 18.319603080153 0.020
56838.202769999858 18.414279647755 0.013
56840.178549999837 18.453030296080 0.024
56841.171099999920 18.530761124837 0.033
56842.171070000157 18.562016493326 0.043
56843.172199999914 18.537086050993 0.042
56844.170710000210 18.602749734487 0.042
56845.171639999840 18.650226940999 0.039
56846.170919999946 18.750167470272 0.039
56847.169869999867 18.718963607314 0.046
56848.169929999858 18.728657752955 0.046
56858.184369999915 19.014682255843 0.019
56861.201239999849 19.070296201090 0.038
56864.164239999838 19.177072361880 0.039
56874.156700000167 19.447541055192 0.068
56875.176049999893 19.368481073927 0.066
56876.160300000105 20.700000000000 0.999
56881.150890000165 20.200000000000 0.999
56882.150280000176 19.700000000000 0.999
56883.175869999919 21.100000000000 0.999
filter r60
56785.416840000078 18.757810015448 0.011
56786.380750000011 18.539723142211 0.022
56791.157420000061 17.540304935687 0.016
56795.168980000075 17.040709016263 0.003
56796.182370000053 17.009240927179 0.006
56801.303350000177 16.862979059380 0.011
56803.168360000011 16.852388239860 0.001
56803.170160000212 16.852515844784 0.002
56804.163960000034 16.886462367055 0.003
56805.163569999859 16.908693164778 0.002
56806.165610000025 16.941609005668 0.002
56807.165409999900 16.972446556271 0.002
56808.167450000066 16.998663261488 0.002
56810.166920000222 17.119452027950 0.004
56812.167129999958 17.241404607202 0.005
56814.168920000084 17.344738641639 0.008
56816.169819999952 17.458650727243 0.011
56819.250399999786 17.524305439161 0.019
56828.184020000044 18.112872107415 0.012
56829.282819999848 18.132800590857 0.023
56830.226989999879 18.236193731518 0.011
56831.178470000159 18.228605435640 0.010
56833.178139999975 18.355106692174 0.014
56836.180040000007 18.417950675922 0.014
56838.203670000192 18.507018571639 0.010
56840.179459999781 18.544474185660 0.013
56842.172040000092 18.631247433540 0.025
56844.171999999788 18.700316554377 0.026
56846.172970000189 18.762855703116 0.037
56848.171610000078 18.798670374658 0.030
56858.187040000223 19.062340606843 0.059
56861.102889999840 19.207468964633 0.047
56864.166860000230 19.267984514229 0.025
56866.164830000140 19.386415665152 0.094
56871.160709999967 19.522556995042 0.052
56875.177649999969 19.524930928668 0.054
56876.161900000181 19.653438741208 0.066
56881.153560000006 20.800000000000 0.999
56882.151959999930 20.700000000000 0.999
56883.179459999781 21.300000000000 0.999
filter z60
56793.390209999867 17.489223269437 0.037
56801.305180000141 16.989359185372 0.016
56804.265789999999 17.145614965760 0.014
56805.165409999900 17.119201562887 0.015
56807.167239999864 17.129730247668 0.015
56810.168759999797 17.228971001853 0.020
56811.220019999892 17.234154895640 0.026
56812.168109999970 17.301483907486 0.025
filter rspm
56795.255 17.038 0.049
56798.353 16.866 0.019
56806.224 16.878 0.028
56818.197 17.490 0.022
56825.258 17.847 0.024
filter ispm
56795.255 17.191 0.032
56798.353 17.020 0.022
56806.224 17.023 0.025
56818.197 17.440 0.023
56825.258 17.738 0.029
filter zspm
56798.353 17.134 0.010
56806.224 17.095 0.016
56818.197 17.320 0.029
56825.258 17.465 0.022
filter Yspm
56798.353 16.721 0.020
56806.224 16.678 0.027
56818.197 16.807 0.038
56825.258 16.925 0.035
filter Jspm
56795.255 16.722 0.053
56798.353 16.650 0.039
56806.226 16.800 0.087
56818.197 17.410 0.111
56825.258 17.530 0.120
filter Hspm
56795.255 17.132 0.116
56798.353 16.689 0.072
56806.226 16.957 0.185
56818.197 17.014 0.101
56825.258 17.191 0.122