14bbr 0.06549 186.546284 +7.668036
filter rspm
56806.258 18.075 0.015
56818.252 18.551 0.018
56830.237 18.896 0.050
filter ispm
56806.258 18.609 0.028
56818.252 19.265 0.030
56830.237 19.137 0.027
filter zspm
56806.258 18.581 0.025
56818.252 19.246 0.059
56830.237 19.145 0.056
filter Yspm
56806.258 18.449 0.152
56818.252 18.969 0.251
56830.237 18.707 0.194
filter Jspm
56806.258 19.151 0.132
filter B60
56809.175 18.348 0.009
56810.274 18.436 0.014
56818.252 19.150 0.085
56828.174 20.200 0.069
56828.180 20.023 0.059
56830.223 20.123 0.057
56831.174 20.178 0.076
#56832.232 19.777 0.054
#56833.175 20.089 0.083
#56834.174 19.970 0.067
#56837.174 20.160 0.106
#56838.199 20.272 0.046
#56839.175 20.364 0.055
#56840.175 20.098 0.082
filter g60
56809.178 18.233 0.008
56810.275 18.236 0.008
56818.254 18.878 0.050
56828.177 19.767 0.060
56828.182 19.885 0.050
56830.225 20.010 0.067
56831.177 20.085 0.051
56834.176 20.340 0.066
#56836.178 20.223 0.083
#56838.202 20.275 0.061
#56839.177 20.127 0.066
#56840.178 19.995 0.057
filter i60
56809.172 18.685 0.021
56810.264 18.778 0.024
56818.250 19.276 0.068
56820.233 19.317 0.079
56828.172 19.278 0.063
56828.178 19.263 0.045
56830.221 19.182 0.040
56831.171 19.094 0.039
56832.171 19.236 0.045
56833.172 19.254 0.053
56834.171 19.329 0.063
56836.173 19.316 0.075
56838.171 19.288 0.079
56839.172 19.495 0.061
56840.172 19.464 0.091
filter r60
56809.173 18.152 0.010
56810.272 18.271 0.011
56818.251 18.645 0.046
56828.173 19.016 0.027
56828.179 19.020 0.031
56830.222 19.135 0.033
56831.173 19.117 0.027
56832.231 18.960 0.039
56833.174 19.209 0.037
56834.173 19.227 0.042
56836.175 19.439 0.045
56837.173 19.506 0.063
56838.198 19.466 0.033
56839.174 19.486 0.042
56840.174 19.720 0.071
filter z60
56809.176 18.645 0.116
56833.176 18.958 0.171
56834.176 19.224 0.117
56836.177 18.649 0.112
filter R48
56794.236 19.050 0.180
56795.228 18.750 0.090
56797.193 18.500 0.030
56797.237 18.530 0.020
56802.200 18.220 0.020
56802.232 18.300 0.020
56803.197 18.230 0.020
56803.228 18.240 0.020
56804.198 18.230 0.020
56804.229 18.170 0.020
56805.197 18.210 0.020
56805.229 18.200 0.020
56826.176 19.050 0.050
56826.214 18.810 0.040
56827.176 18.940 0.040
56827.209 18.890 0.040
56828.221 18.950 0.040
56829.230 19.170 0.050
56831.180 19.180 0.040
56831.203 19.080 0.030
56832.188 19.140 0.060
56832.217 19.140 0.040
56833.192 19.290 0.050
56833.221 19.090 0.040
56834.192 19.240 0.040
56834.220 19.110 0.040
56835.191 19.300 0.060
56835.219 19.000 0.050
56836.195 19.360 0.060
56836.218 19.260 0.070
56837.188 19.370 0.050
56837.208 19.330 0.050
56838.178 19.440 0.060
56838.208 19.450 0.050
56839.179 19.410 0.050
filter gnot
56810.17 18.198 0.10
56811.27 18.364 0.10
56819.25 18.913 0.10
filter rnot
56810.17 18.139 0.10
56811.27 18.167 0.10
56819.25 18.584 0.10
filter inot
56810.17 18.983 0.10
56811.27 19.005 0.10
56819.25 19.262 0.10
filter HAWKIJ
56804.95 18.729 0.026
56809.00 19.029 0.022
56813.97 19.637 0.051
56819.08 20.004 0.072
56821.00 19.807 0.278
filter HAWKIH
56804.95 18.902 0.026
56809.00 19.068 0.022
56813.97 19.412 0.051
56819.08 19.510 0.072
