14bpo 0.07847 258.629576 +31.157130
#Old photometry from Ori
#filter rspm
#56835.000 18.9793 0.0240
#56846.000 19.5622 0.0214
#56849.000 19.7487 0.0302
#56860.000 20.4898 0.0331
#56867.000 20.8244 0.0427
#filter ispm
#56835.000 19.3265 0.0334
#56846.000 19.8037 0.0285
#56849.000 19.7802 0.0342
#56860.000 20.3968 0.0361
#56867.000 20.7833 0.0461
#filter zspm
#56846.000 20.0210 0.0646
#56849.000 20.1649 0.0857
#56860.000 20.6191 0.0859
#56867.000 21.2543 0.1320
#filter Yspm_AB
#Ori's aperture phot
#56846.225 19.7840 0.077
#56849.226 19.6262 0.083
#56860.229 20.0939 0.097
#56867.188 20.3816 0.115
#filter Y
#Ori's aperture phot
#56846.255 19.7840 0.077
#56849.226 19.6262 0.083
#56860.229 20.0939 0.097
#56867.188 20.3816 0.115
filter Jspm
#Joels photometry, at least first epoch... Second epoch Jspm_AB from ori, shifted?
56835.228 19.424 0.116
56846.255 20.650 0.253
56860.229 20.126 0.241
#filter Jspm_AB
#Ori's aperture phot
#56846.255 21.5134 0.3779
#56860.229 21.2066 0.3052
filter rspm
#Brad's subs from 190402
56835.22844 18.980 0.016
56846.25463 19.562 0.012
56849.22575 19.738 0.025
56860.22901 20.474 0.023
56867.18840 20.807 0.036
filter ispm
#Brad's subs from 190402
56835.22844 19.284 0.023
56846.25463 19.766 0.019
56849.22575 19.731 0.029
56860.22901 20.395 0.022
56867.18840 20.789 0.029
filter zspm
#Brad's subs from 190402
56846.25463 19.940 0.053
56849.22575 20.313 0.113
56860.22901 20.646 0.083
56867.18840 21.113 0.144
filter Yspm
#Brad 2020?
56846.25463	19.27 0.07
56849.22575	18.88 0.06
56860.22901	19.55 0.09
56867.18840 19.77 0.11
#filter Jspm
##Brad 191203
#56846.25463 18.93 9.99
#56849.22575 19.59 9.99
#56860.22901 19.13 9.99
#56867.18840 18.86 9.99
#filter Hspm
#Brad 191203
#56846.25463 17.99 9.99
#56849.22575 18.59 9.99
#56860.22901 18.51 9.99
#56867.18840 19.03 9.99
filter R48
56817.347 21.308 0.218
56817.385 21.291 0.254
56818.282 21.063 0.206
56818.315 21.142 0.205
56819.304 20.544 0.202
56820.294 20.746 0.334
56820.320 20.516 0.299
56821.294 20.103 0.199
56821.319 19.883 0.172
56822.295 20.015 0.182
56822.320 19.711 0.114
56823.362 19.563 0.155
56823.388 19.564 0.108
56824.384 19.300 0.084
56824.413 19.396 0.083
56825.370 19.313 0.079
56825.396 19.268 0.074
56826.374 19.157 0.069
56826.399 19.089 0.060
56827.364 19.043 0.068
56827.389 19.030 0.071
56828.357 18.965 0.074
56828.390 18.977 0.082
56829.290 18.897 0.073
56829.324 19.003 0.070
56831.334 18.937 0.077
56831.364 18.909 0.083
56832.319 18.932 0.090
56832.368 18.846 0.076
56833.329 18.898 0.080
56833.356 18.926 0.081
56834.325 18.919 0.090
56834.353 18.937 0.090
56835.323 18.908 0.061
56835.351 18.936 0.055
56836.315 19.006 0.082
56836.343 19.015 0.067
#filter Rs
#56821.294 20.02 0.21
#56821.319 19.45 0.21
#56822.295 19.87 0.12
#56822.320 19.76 0.12
#56823.362 19.64 0.18
#56823.362 19.64 0.18
#56823.388 19.53 0.09
#56824.384 19.38 0.06
#56824.413 19.41 0.06
#56825.370 19.34 0.04
#56825.396 19.32 0.05
#56826.374 19.17 0.04
#56826.399 19.14 0.04
#56827.364 19.07 0.04
#56827.389 19.04 0.04
#56828.357 18.98 0.03
#56828.390 19.00 0.03
#56829.290 18.95 0.03
#56829.324 19.03 0.03
#56831.334 18.97 0.03
#56831.364 18.94 0.03
#56832.319 18.95 0.03
#56832.368 18.77 0.03
#56833.329 18.96 0.03
#56833.356 18.99 0.03
#56834.325 18.95 0.03
#56834.353 18.99 0.03
#56835.323 18.95 0.03
#56835.351 18.99 0.03
#56836.315 19.06 0.03
#56836.343 19.07 0.03
filter B60
56834.290 19.257 0.013
56837.309 19.538 0.017
56838.309 19.717 0.021
56839.460 19.842 0.054
56840.301 19.926 0.036
56841.295 20.152 0.025
56843.254 20.410 0.050
56845.236 20.763 0.100
56846.235 20.857 0.125
filter g60
56834.293 19.100 0.008
56837.312 19.335 0.011
56839.463 19.554 0.026
56840.364 19.621 0.018
56841.298 19.784 0.019
56843.257 19.970 0.026
56845.240 20.092 0.056
56846.239 20.354 0.064
filter i60
56834.287 19.310 0.023
56837.305 19.557 0.040
56838.306 19.708 0.037
56839.456 19.798 0.049
56840.298 19.852 0.046
56841.292 19.827 0.065
56843.251 19.988 0.057
56845.234 20.011 0.050
56846.233 19.961 0.049
filter r60
56828.349 19.043 0.020
56834.289 18.955 0.009
56837.307 19.159 0.014
56838.307 19.209 0.016
56839.458 19.309 0.027
56840.300 19.325 0.015
56841.293 19.387 0.020
filter z60
56834.292 19.646 0.174
56837.310 19.534 0.112
56838.311 19.521 0.123
56840.362 19.686 0.152
56842.285 19.649 0.204
56843.256 19.951 0.176
56845.239 19.677 0.164
56846.238 19.973 0.165
56847.379 19.777 0.153
