14bqg 0.03291 245.986385 +36.228411
filter rspm
56826.266 19.26 0.02
56830.275 18.38 0.01
filter ispm
56826.266 19.05 0.02
56830.275 18.31 0.01
filter zspm
56826.266 18.86 0.03
56830.275 18.10 0.02
filter Yspm
56826.266 18.18 0.05
56830.275 17.60 0.06
filter Jspm
56826.266 18.05 0.05
filter Hspm
56826.266 18.91 0.34
#Old version of RATIR phot:
#filter rspm
#56826.266 19.322 0.020
#56830.275 18.408 0.006
#filter ispm
#56826.266 18.949 0.018
#56830.275 18.280 0.008
#filter zspm
#56826.266 18.688 0.023
#56830.275 18.343 0.034
##JJ PSF fit:
#filter Y
#56826.266 18.499 0.061
#56830.275 17.756 0.043
#filter J2m
#56826.266 17.915 0.041
#56830.275 17.073 0.074
#filter H2m
#56826.266 17.895 0.082
filter R48
56824.319 19.889 0.226
56824.345 19.891 0.213
56824.397 19.732 0.215
56824.429 19.542 0.162
56825.293 19.374 0.137
56825.320 19.400 0.134
56826.309 19.162 0.121
56826.334 19.016 0.081
56827.299 18.854 0.074
56827.324 18.808 0.111
56828.398 18.746 0.119
56828.426 18.616 0.063
56829.332 18.362 0.069
56829.359 18.426 0.067
56830.344 18.342 0.076
56859.203 18.878 0.126
56859.243 18.875 0.106
56860.177 18.780 0.083
56860.195 18.822 0.112
56861.176 18.700 0.087
56861.194 18.760 0.076
56862.175 18.839 0.096
56862.193 18.812 0.081
56863.174 18.894 0.097
56863.190 18.993 0.123
56864.173 18.841 0.114
56864.188 19.014 0.145
56866.171 19.037 0.136
56866.187 18.911 0.086
56878.168 19.883 0.151
filter g60
56832.481 18.897 0.084
filter i60
56832.465 18.477 0.016
filter Blcogt
56836.327 19.056 0.072
56836.331 18.916 0.067
56843.347 19.145 0.097
56843.351 18.975 0.095
56846.330 19.396 0.166
56846.334 19.194 0.151
56894.199 20.312 0.370
56911.098 20.876 0.371
56911.101 20.926 0.327
filter Vlcogt
56836.334 18.390 0.066
56843.354 18.444 0.072
56843.357 18.631 0.087
56846.338 18.473 0.093
56846.340 18.308 0.086
56865.263 19.488 0.169
56865.265 19.432 0.158
56911.107 20.744 0.440
filter glcogt
56836.339 19.852 0.062
56838.340 19.805 0.079
56843.360 19.845 0.043
56843.363 19.888 0.045
56865.268 21.254 0.138
56865.272 21.184 0.129
56919.222 22.832 0.166
56922.278 23.040 0.211
56922.283 23.024 0.232
56924.268 22.728 0.167
56924.271 22.630 0.128
filter rlcogt
56836.344 19.465 0.030
56836.347 19.248 0.029
56838.346 18.890 0.033
56838.349 18.725 0.045
56843.367 19.684 0.046
56843.370 19.441 0.033
56911.304 22.207 0.118
56919.226 22.531 0.101
56919.229 22.626 0.111
56921.257 22.954 0.138
56921.259 22.900 0.138
56922.292 22.896 0.141
56924.275 23.059 0.142
56924.278 22.874 0.126
filter ilcogt
56836.349 18.496 0.084
56836.352 18.587 0.089
56838.352 18.064 0.092
56838.354 17.946 0.089
56911.310 21.523 0.132
56921.263 21.750 0.112
56922.295 21.610 0.125
56924.283 22.420 0.100
