14ddi 0.08133 257.639496 +31.659566
#filter R48
#56836.31410 21.30 0.18
#56836.34178 21.02 0.13
filter HAWKIJ
56845.07 19.196 0.035
56850.01 19.466 0.044
56854.02 19.921 0.046
56858.02 20.376 0.039
filter HAWKIH
56845.07 19.523 0.035
56850.01 19.831 0.044
56854.02 20.105 0.046
56858.02 20.430 0.039
filter B60
56839.285 20.298 0.040
56839.294 20.459 0.050
56840.275 20.054 0.025
56841.269 19.883 0.034
56845.211 19.349 0.036
56846.210 19.257 0.037
filter g60
56839.289 20.212 0.022
56839.297 20.196 0.019
56840.279 19.861 0.015
56841.272 19.682 0.013
56845.214 19.107 0.022
56846.213 19.068 0.017
filter r60
56839.283 20.358 0.043
56839.292 20.233 0.031
56840.274 19.983 0.037
56841.258 19.747 0.031
56845.209 19.189 0.031
56846.209 19.207 0.022
filter i60
56839.281 20.285 0.260
56839.291 20.333 0.054
56840.272 20.044 0.045
56841.223 19.817 0.055
56845.208 19.414 0.041
56846.207 19.369 0.036
filter rspm
#Brad 190625
56846.35 19.07 0.01
56850.25 18.93 0.02
56863.33 19.42 0.02
56896.23 20.97 0.04
filter ispm
#Brad 190625
56846.35 19.24 0.02
56850.25 19.32 0.02
56863.33 19.98 0.03
56896.23 21.15 0.05
filter zspm
#Brad 190625
56846.35 19.63 0.05
56850.25 19.56 0.05
56863.33 20.56 0.08
56896.23 21.94 0.32
filter Yspm
#Brad 190625
56846.35 18.96 0.06
56850.25 19.12 0.07
56863.33 19.34 0.07
56896.23 20.52 0.23
filter Jspm
#Brad 190625
56846.35 19.16 0.11
56850.25 19.42 0.13
#56863.33 19.51 9.99
#56896.23 18.34 9.99
#filter Hspm
##Brad 190625
#56846.35 19.12 0.36
#56850.25 18.57 9.99
#56863.33 18.75 9.99
#56896.23 17.91 9.99
#Old photometry:
#filter rspm
#56846 19.1058 0.0158
#56850 18.9736 0.0162
#56863 19.4660 0.0191
#56896 20.9951 0.0337
#filter ispm
#56846 19.2793 0.0206
#56850 19.3277 0.0227
#56863 20.0208 0.0309
#56896 21.1575 0.0444
#filter zspm
#56846 19.6200 0.0490
#56850 19.6206 0.0455
#56863 20.6049 0.0868
#56896 21.7735 0.1786
#filter Yspm_AB
#56846 19.5713 0.0647
#56850 19.7958 0.0672
#56863 20.1607 0.0829
#56896 21.0305 0.1279
#filter Jspm_AB
#56846 20.101 0.112
#56850 20.302 0.115
#filter Hspm_AB
#56846 20.411 0.228
filter gnot
56847.51 18.920 0.014
56853.46 18.984 0.015
56861.45 19.585 0.016
56870.49 20.549 0.027
filter rnot
56847.51 19.052 0.014
56853.46 18.929 0.015
56861.45 19.303 0.016
56870.49 19.775 0.027
filter inot
56847.51 19.232 0.017
56853.46 19.326 0.018
56861.45 19.877 0.018
56870.49 19.913 0.020
