14deb 0.13243 229.614857 +19.742951
filter R48
56831.22740 21.32 0.20
56832.23523 21.69 0.29
56833.24001 21.48 0.26
56834.23918 21.12 0.18
56834.27060 21.55 0.26
56835.23773 20.98 0.16
56835.26889 21.20 0.18
56836.23571 21.08 0.17
56836.26428 21.24 0.20
56837.22345 21.09 0.17
56837.25632 20.86 0.14
56838.19426 20.73 0.09
56838.22427 20.87 0.15
56839.19477 20.85 0.15
56839.22476 20.82 0.10
56840.18838 20.44 0.12
56840.21507 20.67 0.08
filter HAWKIJ
56839.98 20.456 0.101
56845.03 20.775 0.057
56849.96 21.349 0.106
56853.97 20.974 0.082
56857.97 20.744 0.052
filter HAWKIH
56839.98 20.391 0.101
56845.03 20.862 0.057 
56849.96 21.407 0.106
56853.97 21.782 0.082
56857.97 21.359 0.052
filter gnot
56840.06 20.862 0.058
56847.02 21.503 0.112
56852.81 22.066 0.058
56860.94 23.078 0.096
filter rnot
56840.06 20.760 0.058
56847.02 20.791 0.112
56852.81 21.139 0.056
56860.94 21.712 0.096
56869.93 22.543 0.021
filter inot
56840.06 20.507 0.098
56847.02 20.611 0.102
56852.81 21.122 0.045
56860.94 21.318 0.040
56869.93 21.984 0.091
filter g60
56840.28685 20.898 0.090
56841.28023 20.861 0.106
56845.22421 21.432 0.287
56846.22332 21.061 0.216
56848.23000 21.397 0.327
filter r60
56840.28201 20.874 0.090
56841.27539 20.480 0.106
56845.21839 20.519 0.287
56846.21779 20.561 0.216
filter i60
56839.29874 20.419 0.065
56840.28042 20.558 0.149
56841.27380 20.588 0.106
56845.21610 20.259 0.143
56846.21550 20.609 0.127