14yw 0.016882 176.264696 +19.973620
filter rspm
56727.289	15.87 0.01
56728.161	15.83 0.01
56731.276	15.78 0.01
56739.172	16.35 0.01
56744.212	16.58 0.01
filter ispm
56727.289	16.46 0.01
56728.161	16.48 0.01
56731.276	16.51 0.01
56739.172	17.14 0.01
56744.212	17.20 0.01
filter zspm
56727.289	16.42 0.01
56728.161	16.41 0.01
56731.276	16.42 0.01
filter Yspm
56727.289	16.26 0.01
56728.161	16.33 0.02
56731.276	16.62 0.01
#Old version of phot:
#filter rspm
#56727.289 15.848 0.006
#56728.161 15.849 0.002
#56731.276 15.828 0.004
#56739.172 16.323 0.006
#56744.212 16.567 0.004
#filter ispm
#56727.289 16.457 0.008
#56728.161 16.551 0.004
#56731.276 16.534 0.006
#56739.172 17.160 0.010
#56744.212 17.234 0.006
#filter zspm
#56727.289 16.379 0.010
#56728.161 16.381 0.006
#56731.276 16.381 0.007
#filter Yspm
#56727.289 16.252 0.013
#56728.161 16.263 0.019
#56731.276 16.555 0.017
filter Jspm
#By joel?
56739.172 17.882 0.055
filter g60
#P60, Fremling pipeline
56724.526 16.421 0.003
filter r60
#P60, Fremling pipeline
56724.528 16.243 0.003
filter i60
#P60, Fremling pipeline
56724.526 16.902 0.009
filter R48
#PTFIDE, marshal
56721.17676 16.68 0.07
56721.28602 16.68 0.08
56722.33501 16.41 0.14
56724.16840 16.18 0.12
56724.20133 16.18 0.11
56725.16586 16.02 0.08
56725.21534 16.07 0.08
56726.16419 16.05 0.10
56726.29022 16.11 0.14
56727.19177 16.01 0.12
56727.31537 15.98 0.10
56728.21669 16.00 0.11
56728.34742 15.97 0.13
56729.26242 15.96 0.12
56729.37903 15.93 0.10
56730.28036 16.02 0.15
56730.36924 15.97 0.15
56735.34909 16.17 0.12
56735.39152 16.23 0.12
56736.29338 16.29 0.12
56736.38472 16.37 0.16
56737.28647 16.41 0.13
56737.43419 16.34 0.12
56738.39954 16.50 0.11
56739.17721 16.60 0.12
56739.30419 16.58 0.11
56740.20566 16.67 0.12
56741.15242 16.63 0.11
56741.21985 16.73 0.13
56742.16072 16.72 0.11
56742.24683 16.71 0.08
56745.15784 16.65 0.12
56745.27270 16.65 0.11
56746.28454 16.80 0.14
56748.19622 16.70 0.08
56751.22413 16.77 0.13
56752.20365 16.80 0.10
56752.27691 16.77 0.10
56754.15389 16.97 0.11
56754.21551 17.01 0.12
56755.15477 17.06 0.12
56755.21508 17.26 0.14
56756.15794 17.17 0.14
56756.24449 17.24 0.17
56762.27248 17.73 0.13
56764.19102 17.74 0.12
56764.28309 17.71 0.14
56766.38203 17.86 0.12
56767.33310 17.87 0.13
56768.28206 17.97 0.12
56769.18675 18.02 0.14
56769.26690 18.02 0.15
56770.17580 18.09 0.10
56771.17148 18.07 0.11
56771.27134 18.31 0.22
56772.19713 18.26 0.15
56772.31325 18.18 0.17
56776.17663 18.27 0.10
56776.23294 18.11 0.09
56777.17198 18.33 0.09
56777.24852 18.27 0.08
56778.15294 18.29 0.08
56778.24626 18.41 0.11
56779.15300 18.30 0.11
56779.25251 18.22 0.10
56780.17648 18.45 0.11
56780.20649 18.62 0.15
56781.17645 18.35 0.10
56781.20619 18.32 0.10
56782.19825 18.51 0.10
56782.23704 18.42 0.09
56783.17718 18.42 0.09
56783.20683 18.68 0.13
#filter PTF48R
# Semelis forced phot
#56746.285 16.799 0.236
#56754.216 17.016 0.212
#56755.155 17.060 0.196
#56755.215 17.259 0.263
#56756.158 17.175 0.187
#56756.245 17.246 0.235
#56762.272 17.736 0.249
#56764.191 17.741 0.204
#56764.283 17.710 0.206
#56766.382 17.860 0.182
#56767.333 17.876 0.230
#56768.282 17.968 0.232
#56769.187 18.024 0.270
#56769.267 18.019 0.226
#56770.176 18.092 0.183
#56771.171 18.072 0.199
#56771.271 18.316 0.360
#56772.197 18.266 0.291
#56772.313 18.187 0.266
#56776.177 18.274 0.190
#56776.233 18.117 0.157
#56777.172 18.339 0.159
#56777.249 18.273 0.144
#56778.153 18.291 0.149
#56778.246 18.414 0.217
#56779.153 18.307 0.206
#56779.253 18.225 0.178
#56780.176 18.456 0.211
#56780.206 18.629 0.290
#56781.176 18.356 0.180
#56781.206 18.328 0.177
#56782.198 18.511 0.174
#56782.237 18.424 0.146
#56783.177 18.426 0.158
#56783.207 18.685 0.236
filter r48
# Cenko Automated PSF Photometry
#Systematically 0.2 mag fainter than PTFIDE...
56721.286 16.740 0.010
56722.335 16.640 0.010
56724.168 16.400 0.010
56724.201 16.330 0.010
56725.215 16.240 0.010
56726.164 16.170 0.010
56726.290 16.250 0.010
56727.192 16.220 0.010
56727.315 16.170 0.010
56728.217 16.090 0.010
56728.347 16.140 0.010
56729.262 15.890 0.010
56729.379 15.900 0.010
56730.280 16.040 0.010
56730.369 15.930 0.010
56735.349 16.260 0.010
56735.392 16.270 0.010
56736.293 16.440 0.010
56736.385 16.250 0.010
56738.400 16.690 0.010
56739.177 16.720 0.010
56739.304 16.750 0.010
56740.206 16.400 0.010
56740.250 16.790 0.020
56741.152 16.870 0.010
56741.220 16.870 0.010
56742.161 16.860 0.010
56742.247 16.590 0.020
56745.158 16.910 0.010
56745.273 16.900 0.010
56746.176 16.900 0.020
56746.285 16.910 0.010
56748.196 16.820 0.010
56751.224 17.000 0.010
56752.204 17.030 0.010
56752.277 17.020 0.010
56754.154 17.200 0.010
56754.216 17.200 0.010
56755.155 17.280 0.010
56755.215 17.290 0.010
56756.158 17.360 0.010
56756.244 17.350 0.020
56757.163 17.280 0.030
56757.261 17.870 0.100
56761.191 17.860 0.040
56761.292 17.930 0.040
56762.198 17.930 0.040
56762.272 17.840 0.010
56763.208 17.870 0.020
56763.281 17.910 0.040
56764.191 17.930 0.020
56764.283 17.880 0.020
56766.382 17.920 0.020
56767.333 18.050 0.020
56768.282 18.130 0.020
56769.187 18.210 0.020
56769.267 18.100 0.050
56770.176 18.080 0.010
56771.171 18.040 0.010
56771.271 18.090 0.030
56772.197 18.210 0.020
56772.313 18.300 0.030
56776.177 18.400 0.020
56777.172 18.300 0.020
56777.249 18.460 0.020
56778.246 18.310 0.020
56779.153 18.470 0.020
56779.253 18.460 0.020
56780.176 18.440 0.020
56780.206 18.270 0.020
56781.176 18.660 0.020
56781.206 18.650 0.020
56782.237 18.390 0.020
56783.207 18.410 0.020
