16abc 0.023196 203.689542 +13.853974
filter G48
57481.359 21.350 0.120
57481.388 21.260 0.130
57482.346 19.260 0.070
57482.375 19.330 0.050
57482.404 19.280 0.040
57483.346 18.780 0.040
57483.375 18.730 0.040
57483.404 18.640 0.040
57484.346 18.250 0.050
57484.375 18.210 0.050
57484.403 18.290 0.050
57492.371 16.130 0.040
57492.399 16.120 0.040
57492.428 16.150 0.040
57510.348 16.240 0.040
57510.378 16.240 0.040
57510.408 16.250 0.040
57511.346 16.300 0.040
57511.375 16.350 0.040
57511.405 16.330 0.040
57512.340 16.390 0.040
57512.370 16.380 0.040
57512.400 16.380 0.050
57513.335 16.460 0.030
57513.364 16.490 0.040
57513.394 16.520 0.040
57518.369 16.880 0.040
57518.399 16.900 0.050
57519.340 16.990 0.090
57519.370 17.030 0.070
57519.400 17.040 0.060
57520.338 17.020 0.040
57520.367 17.010 0.040
57520.396 17.070 0.050
57521.342 17.150 0.050
57521.371 17.180 0.050
57521.401 17.170 0.050
57522.401 17.160 0.040
filter R48
57493.371 16.320 0.060
57494.379 16.240 0.070
57495.329 16.230 0.070
57495.368 16.230 0.070
57496.306 16.180 0.080
57496.342 16.190 0.080
57505.396 16.210 0.070
57505.436 16.200 0.080
filter g60
57483.177 18.880 0.040
57484.363 18.320 0.050
57484.376 18.360 0.040
57494.344 16.080 0.050
57495.377 16.010 0.030
57496.422 16.000 0.050
57500.335 15.930 0.050
57502.337 15.950 0.060
57505.388 16.100 0.040
57526.178 17.820 0.050
57548.335 18.720 0.060
57549.266 18.750 0.050
57559.279 18.920 0.090
57574.261 18.920 0.400
57580.244 19.260 0.060
57581.249 19.280 0.060
filter r60
57483.172 18.870 0.020
57484.358 18.300 0.020
57484.370 18.290 0.020
57494.338 16.140 0.020
57495.383 16.070 0.010
57496.416 16.000 0.020
57500.330 15.910 0.020
57502.332 15.960 0.020
57505.390 16.030 0.010
57526.173 16.780 0.030
57526.231 16.770 0.020
57548.328 17.750 0.020
57549.262 17.830 0.010
57559.284 18.140 0.030
57580.240 18.830 0.030
57581.245 18.730 0.030
57587.277 18.860 0.060
filter i60
57483.175 19.040 0.040
57484.361 18.420 0.030
57484.373 18.390 0.030
57494.354 16.440 0.020
57495.386 16.420 0.020
57496.419 16.430 0.030
57500.332 16.490 0.030
57502.334 16.530 0.030
57505.386 16.610 0.020
57526.176 17.030 0.030
57526.233 17.050 0.030
57548.333 17.970 0.030
57549.264 17.980 0.030
57580.242 19.270 0.070
57581.247 19.110 0.060
57587.279 19.460 0.090
filter Blcogt
57482.891 19.070 0.090
57482.895 19.010 0.090
57483.429 18.810 0.050
57483.432 18.810 0.050
57483.544 18.790 0.080
57483.548 18.740 0.080
57483.659 18.730 0.090
57484.223 18.480 0.070
57484.226 18.510 0.070
57485.188 17.900 0.100
57485.191 18.020 0.340
57485.211 18.050 0.070
57485.215 18.060 0.070
57485.254 18.060 0.040
57485.257 18.040 0.040
57485.267 17.920 0.090
57485.271 17.970 0.070
57485.284 18.040 0.070
57485.288 17.990 0.070
57485.299 18.020 0.090
57485.303 18.010 0.070
57485.380 17.970 0.040
57485.383 17.940 0.040
57486.107 17.760 0.040
57486.110 17.750 0.030
57486.161 17.610 0.070
57486.165 17.660 0.070
57486.855 17.360 0.100
57487.109 17.300 0.090
57487.113 17.290 0.070
57487.264 17.350 0.040
57487.267 17.350 0.040
57487.850 17.040 0.100
57487.903 16.970 0.100
57487.907 17.050 0.100
57488.843 16.860 0.070
57488.847 16.890 0.090
57489.126 16.810 0.030
57489.128 16.810 0.040
57489.840 16.090 0.130
57489.917 16.600 0.100
57489.919 16.510 0.100
57490.115 16.660 0.050
57490.118 16.640 0.040
57490.197 16.550 0.040
57490.200 16.510 0.040
57490.838 16.390 0.070
57490.840 16.440 0.070
57490.843 16.390 0.100
57490.845 16.540 0.100
57490.901 16.450 0.100
57490.903 16.390 0.070
57491.294 16.520 0.040
57491.297 16.470 0.040
57491.490 16.440 0.090
57491.492 16.420 0.070
57492.403 16.300 0.030
57492.406 16.320 0.030
57492.851 16.220 0.070
57492.853 16.220 0.070
57492.944 16.130 0.210
57492.946 16.200 0.100
57493.397 16.190 0.040
57493.400 16.190 0.040
57493.829 16.200 0.090
57493.832 16.130 0.110
57494.420 16.140 0.050
57494.422 16.150 0.050
57494.535 16.150 0.070
57494.537 16.150 0.070
57498.122 15.940 0.040
57498.125 16.050 0.040
57504.066 16.220 0.040
57504.069 16.210 0.040
57505.288 16.180 0.040
57505.291 16.210 0.040
57509.246 16.560 0.030
57509.249 16.550 0.030
57513.323 16.850 0.030
57513.326 16.820 0.040
57515.368 17.030 0.040
57515.371 17.060 0.040
57517.330 17.240 0.040
57517.333 17.250 0.030
57518.330 17.340 0.040
57518.333 17.350 0.040
57520.340 17.550 0.030
57520.343 17.560 0.040
57528.327 18.240 0.050
57528.329 18.310 0.060
57532.323 18.610 0.060
57532.326 18.550 0.060
57534.323 18.590 0.080
57534.326 18.700 0.080
57546.139 19.110 0.050
57546.142 18.980 0.040
57546.291 19.010 0.050
57546.294 18.970 0.050
57555.101 19.130 0.100
57555.104 19.290 0.120
57557.111 19.140 0.140
57557.113 19.470 0.160
57563.239 19.170 0.090
57563.242 19.110 0.080
57568.960 19.420 0.060
57568.963 19.450 0.070
57569.003 19.340 0.050
57569.006 19.380 0.050
57576.063 19.500 0.140
57576.066 19.450 0.090
57583.168 19.650 0.110
57583.170 19.620 0.100
57590.018 19.680 0.150
57590.020 20.030 0.160
57597.006 19.870 0.110
57597.010 19.630 0.110
57617.968 19.490 0.260
57617.971 20.090 0.430
57618.968 20.020 0.340
57618.972 19.830 0.240
filter Vlcogt
57482.899 19.100 0.090
57482.901 19.160 0.110
57483.435 18.700 0.090
57483.436 18.740 0.080
57483.551 18.760 0.090
57483.554 18.810 0.080
57483.667 18.660 0.100
57484.230 18.480 0.090
57484.233 18.530 0.090
57485.219 18.030 0.100
57485.221 17.970 0.100
57485.260 17.980 0.100
57485.261 17.990 0.100
57485.291 17.970 0.100
57485.294 18.040 0.110
57485.307 18.080 0.110
57485.309 18.070 0.100
57485.386 17.900 0.100
57485.387 17.890 0.110
57486.112 17.700 0.040
57486.114 17.710 0.040
57486.169 17.630 0.040
57486.171 17.660 0.040
57486.859 17.350 0.110
57486.861 17.360 0.110
57487.117 17.170 0.110
57487.119 17.750 0.110
57487.270 17.230 0.110
57487.272 17.260 0.110
57487.854 17.100 0.110
57487.856 17.060 0.110
57487.910 17.040 0.110
57487.913 17.090 0.110
57488.850 16.840 0.080
57488.853 16.830 0.080
57489.131 16.700 0.080
57489.133 16.700 0.080
57489.845 15.980 0.150
57489.847 16.570 0.120
57489.922 16.590 0.090
57489.923 16.680 0.090
57490.121 16.630 0.080
57490.122 16.560 0.130
57490.203 16.500 0.080
57490.205 16.490 0.080
57490.848 16.410 0.080
57490.906 16.480 0.070
57490.908 16.490 0.070
57491.300 16.440 0.070
57491.302 16.410 0.070
57491.495 16.370 0.100
57491.496 16.570 0.100
57492.409 16.220 0.100
57492.411 16.210 0.100
57492.951 16.020 0.160
57493.403 16.140 0.070
57493.405 16.120 0.070
57493.834 16.360 0.100
57493.836 16.200 0.080
57494.425 16.060 0.080
57494.427 16.130 0.080
57494.540 16.150 0.080
57494.542 16.080 0.090
57498.128 15.980 0.040
57498.130 15.920 0.040
57504.072 16.010 0.040
57504.073 16.040 0.040
57505.294 16.110 0.040
57505.296 16.040 0.040
57509.252 16.330 0.040
57509.254 16.290 0.040
57513.329 16.490 0.040
57513.331 16.660 0.040
57515.374 16.660 0.060
57515.376 16.690 0.120
57517.336 16.690 0.050
57517.338 16.710 0.050
57518.336 16.760 0.050
57518.338 16.750 0.050
57520.346 16.870 0.040
57520.348 16.860 0.040
57528.332 17.250 0.040
57528.334 17.240 0.040
57532.329 17.460 0.040
57532.331 17.500 0.050
57534.329 17.600 0.060
57534.331 17.540 0.060
57546.145 18.040 0.040
57546.147 18.070 0.040
57546.297 18.120 0.040
57546.298 18.100 0.040
57555.107 18.320 0.070
57555.108 18.300 0.060
57557.116 18.400 0.070
57557.118 18.490 0.070
57563.245 18.490 0.070
57563.247 18.510 0.080
57568.966 18.720 0.060
57568.968 18.620 0.060
57569.009 18.660 0.050
57569.011 18.700 0.050
57576.069 18.750 0.080
57576.070 18.830 0.130
57583.173 18.850 0.090
57583.175 18.860 0.090
57590.023 19.060 0.090
57590.025 19.200 0.120
57597.014 19.640 0.120
57597.017 19.420 0.130
57617.976 19.450 0.230
57617.978 19.220 0.190
57618.976 19.660 0.240
57618.979 19.440 0.200
filter glcogt
57482.904 19.020 0.040
57482.907 18.990 0.040
57483.439 18.670 0.020
57483.441 18.730 0.020
57483.556 18.720 0.030
57483.560 18.670 0.020
57483.672 18.570 0.030
57484.235 18.430 0.030
57484.239 18.340 0.020
57485.263 17.980 0.010
57485.266 18.010 0.020
57485.389 17.970 0.150
57486.116 17.600 0.010
57486.119 17.610 0.010
57486.174 17.590 0.010
57486.177 17.540 0.010
57486.864 17.260 0.020
57486.867 17.250 0.020
57487.122 17.200 0.010
57487.126 17.230 0.010
57487.274 17.220 0.010
57487.277 17.230 0.010
57487.868 16.930 0.020
57487.916 16.890 0.010
57487.919 16.930 0.010
57488.855 16.720 0.020
57488.859 16.850 0.010
57489.135 16.640 0.010
57489.138 16.670 0.010
57489.849 16.610 0.040
57489.851 16.510 0.030
57489.925 16.510 0.020
57489.927 16.620 0.030
57490.124 16.610 0.010
57490.127 16.690 0.020
57490.207 16.450 0.010
57490.210 16.510 0.010
57490.851 16.430 0.020
57490.854 16.410 0.010
57490.909 16.400 0.010
57490.912 16.420 0.010
57491.304 16.310 0.010
57491.306 16.320 0.010
57491.498 16.420 0.010
57491.501 16.240 0.020
57492.413 16.200 0.010
57492.416 16.220 0.010
57492.953 16.120 0.010
57493.407 16.100 0.010
57493.410 16.080 0.010
57493.838 16.290 0.030
57493.840 16.290 0.030
57494.429 16.000 0.010
57494.432 16.030 0.010
57494.543 16.060 0.030
57494.546 16.040 0.020
57498.132 16.010 0.010
57498.134 16.020 0.010
57504.075 16.010 0.010
57504.078 16.000 0.010
57505.298 16.060 0.010
57505.301 16.050 0.010
57509.256 16.350 0.010
57509.258 16.300 0.010
57513.333 16.550 0.010
57513.336 16.560 0.010
57515.378 16.900 0.130
57515.381 16.760 0.040
57517.340 16.890 0.010
57517.343 16.870 0.010
57518.340 16.970 0.010
57518.342 16.960 0.010
57520.350 17.130 0.010
57520.353 17.100 0.010
57528.336 17.840 0.030
57528.339 17.810 0.030
57532.333 18.100 0.040
57532.336 18.160 0.030
57534.333 18.160 0.040
57534.336 18.270 0.050
57546.149 18.610 0.020
57546.151 18.610 0.020
57546.301 18.660 0.020
57546.303 18.650 0.020
57555.110 18.810 0.050
57555.113 18.750 0.040
57557.120 18.780 0.060
57557.123 18.870 0.060
57563.249 18.870 0.050
57563.252 18.890 0.050
57568.970 18.940 0.020
57568.973 18.990 0.020
57569.013 18.970 0.030
57569.016 18.980 0.020
57576.073 19.220 0.210
57576.075 19.060 0.100
57583.177 19.120 0.060
57583.180 19.090 0.060
57590.027 19.490 0.100
57590.030 19.300 0.060
57597.140 19.330 0.020
57597.143 19.390 0.030
57610.983 19.430 0.100
57612.966 19.540 0.100
57612.970 19.530 0.080
57619.968 20.030 0.240
57619.972 19.840 0.120
filter rlcogt
57482.911 18.920 0.060
57482.913 18.930 0.060
57483.444 18.650 0.030
57483.446 18.700 0.030
57483.564 18.710 0.030
57483.566 18.710 0.040
57483.679 18.670 0.080
57483.682 18.530 0.060
57484.243 18.370 0.040
57484.245 18.320 0.040
57485.269 17.920 0.050
57485.271 17.940 0.030
57485.395 17.680 0.170
57485.397 16.890 0.460
57485.933 17.660 0.020
57486.122 17.630 0.020
57486.124 17.610 0.020
57486.181 17.530 0.020
57486.183 17.530 0.020
57486.871 17.240 0.020
57486.874 17.280 0.020
57487.130 17.190 0.020
57487.280 17.200 0.010
57487.281 17.210 0.010
57487.880 16.940 0.020
57487.883 16.970 0.010
57487.923 16.930 0.010
57487.925 16.990 0.010
57488.863 16.790 0.020
57488.865 16.790 0.020
57489.141 16.740 0.010
57489.143 16.700 0.010
57489.854 16.620 0.060
57489.855 16.630 0.070
57489.930 16.590 0.050
57489.932 16.600 0.040
57490.213 16.520 0.010
57490.215 16.510 0.010
57490.857 16.430 0.030
57490.858 16.400 0.020
57490.914 16.440 0.010
57490.916 16.460 0.010
57491.309 16.390 0.010
57491.311 16.420 0.010
57491.503 16.300 0.010
57491.505 16.300 0.010
57492.419 16.260 0.010
57492.420 16.240 0.010
57492.960 16.150 0.010
57493.413 16.160 0.010
57493.415 16.180 0.010
57493.843 16.040 0.020
57493.844 16.130 0.010
57494.435 16.100 0.010
57494.437 16.120 0.010
57494.548 16.180 0.030
57494.550 16.050 0.160
57498.137 16.000 0.010
57498.139 16.020 0.010
57504.081 15.940 0.010
57504.083 15.990 0.010
57505.304 15.990 0.010
57505.306 16.020 0.010
57509.261 16.290 0.010
57509.263 16.190 0.010
57513.339 16.530 0.010
57513.341 16.560 0.010
57517.346 16.680 0.010
57517.348 16.660 0.010
57518.345 16.710 0.010
57518.347 16.680 0.010
57520.356 16.710 0.010
57520.358 16.730 0.010
57528.342 16.780 0.020
57528.344 16.850 0.020
57532.339 17.020 0.020
57532.341 16.980 0.020
57534.339 17.200 0.020
57534.341 17.210 0.020
57546.306 17.740 0.020
57546.308 17.740 0.020
57555.116 18.030 0.030
57555.118 18.020 0.030
57557.126 18.120 0.050
57557.128 18.120 0.040
57563.255 18.330 0.050
57563.256 18.180 0.040
57569.018 18.420 0.020
57569.020 18.370 0.030
57583.183 18.810 0.060
57583.185 18.870 0.070
57590.033 19.020 0.070
57590.035 19.070 0.100
57597.148 19.250 0.040
57597.150 19.190 0.040
57610.994 17.630 0.380
57612.974 19.560 0.100
57612.977 19.500 0.090
57619.976 19.860 0.160
57619.979 19.880 0.120
filter ilcogt
57482.916 19.120 0.130
57482.919 19.030 0.110
57483.448 18.880 0.070
57483.450 18.780 0.050
57483.569 18.780 0.050
57483.571 18.770 0.060
57483.687 18.550 0.110
57484.248 18.410 0.060
57484.250 18.410 0.070
57485.199 18.050 0.050
57485.273 18.110 0.030
57485.275 18.060 0.030
57485.276 18.100 0.050
57485.278 18.110 0.060
57486.126 17.820 0.030
57486.128 17.740 0.030
57486.186 17.670 0.030
57486.189 17.680 0.030
57486.876 17.460 0.030
57486.879 17.460 0.020
57487.135 17.350 0.020
57487.284 17.360 0.020
57487.285 17.400 0.020
57487.891 17.180 0.020
57487.893 17.220 0.020
57487.928 17.160 0.020
57487.930 17.200 0.020
57488.868 16.940 0.020
57488.870 16.930 0.020
57489.145 16.900 0.020
57489.147 16.890 0.010
57489.933 17.450 0.120
57489.935 17.030 0.170
57490.217 16.710 0.020
57490.219 16.730 0.020
57490.918 16.580 0.030
57490.919 16.670 0.030
57491.313 16.640 0.010
57491.315 16.640 0.010
57491.506 16.530 0.020
57491.508 16.510 0.020
57492.422 16.480 0.010
57492.424 16.490 0.010
57492.962 16.420 0.020
57492.963 16.410 0.020
57493.417 16.440 0.010
57493.418 16.450 0.010
57493.846 16.390 0.020
57493.847 16.260 0.030
57494.439 16.450 0.010
57494.441 16.400 0.010
57494.552 15.480 0.270
57494.553 16.610 0.130
57498.141 16.440 0.020
57498.143 16.470 0.020
57504.085 16.550 0.020
57504.087 16.570 0.020
57505.308 16.610 0.010
57505.309 16.620 0.010
57509.265 16.860 0.010
57509.267 16.950 0.010
57513.343 17.260 0.020
57513.344 17.270 0.020
57517.350 17.260 0.020
57517.352 17.260 0.020
57518.349 17.180 0.020
57518.351 17.240 0.020
57520.360 17.190 0.020
57520.362 17.200 0.020
57528.346 16.970 0.020
57528.348 16.990 0.020
57532.343 17.130 0.040
57532.345 17.040 0.050
57534.343 17.250 0.030
57534.345 17.170 0.030
57546.310 17.920 0.030
57546.312 17.930 0.030
57555.120 18.220 0.060
57555.122 18.200 0.040
57557.130 18.370 0.090
57557.132 18.320 0.060
57563.258 18.560 0.070
57563.260 18.540 0.080
57569.022 18.770 0.050
57569.024 18.780 0.050
57576.082 20.940 0.350
57576.084 20.890 0.280
57583.187 19.190 0.130
57583.189 19.150 0.110
57590.037 19.390 0.180
57590.039 19.370 0.210
57597.153 19.580 0.080
57597.156 19.680 0.080
57610.999 17.800 0.270
57612.980 19.910 0.170
57612.982 19.790 0.140
57619.982 19.900 0.160
57619.985 19.950 0.180
filter rspm
57483.22 18.75 0.02
57487.47 17.10 0.01
57497.17 15.95 0.01
57499.25 15.88 0.01
57502.17 15.91 0.01
57503.21 15.95 0.01
57507.17 16.11 0.01
57511.21 16.37 0.01
57514.18 16.54 0.01
57518.24 16.68 0.01
57535.22 17.26 0.01
57541.20 17.51 0.01
57572.22 18.45 0.01
filter ispm
57483.22 19.01 0.03
57487.47 17.33 0.01
57497.17 16.49 0.01
57499.25 16.53 0.01
57502.17 16.61 0.01
57503.21 16.64 0.01
57507.17 16.80 0.01
57511.21 17.15 0.01
57514.18 17.33 0.01
57518.24 17.28 0.01
57535.22 17.31 0.01
57541.20 17.65 0.01
57572.22 18.82 0.01
filter zspm
57483.22 19.00 0.05
57487.47 17.47 0.02
57497.17 16.51 0.01
57499.25 16.47 0.01
57502.17 16.51 0.01
57503.21 16.53 0.01
57507.17 16.68 0.01
57511.21 16.84 0.01
57514.18 16.84 0.01
57518.24 16.76 0.01
57535.22 17.06 0.01
57541.20 17.45 0.02
57572.22 19.00 0.03
filter Yspm
57483.22 18.74 0.11
57487.47 17.12 0.02
57497.17 16.46 0.01
57499.25 16.63 0.01
57502.17 16.90 0.01
57503.21 16.97 0.02
57507.17 17.15 0.01
57511.21 17.26 0.02
57514.18 17.22 0.02
57518.24 16.96 0.01
57535.22 16.23 0.01
57541.20 16.53 0.01
57572.22 18.02 0.03
#Old RATIR photometry:
#filter r_s
#57483.20 18.78 0.01
#57487.50 17.13 0.01
#57492.25 16.29 0.01
#57497.21 15.95 0.01
#57499.26 15.91 0.01
#57503.22 15.92 0.01
#57507.20 16.11 0.01
#57511.20 16.39 0.01
#57535.23 17.26 0.01
#57541.22 17.55 0.01
#filter i_s
#57483.20 19.01 0.01
#57487.50 17.34 0.01
#57492.25 16.57 0.01
#57497.21 16.50 0.01
#57499.26 16.54 0.01
#57503.22 16.62 0.01
#57507.20 16.80 0.01
#57511.20 17.16 0.01
#57535.23 17.33 0.01
#57541.22 17.66 0.01
#filter z_s
#57483.23 19.07 0.04
#57487.50 17.47 0.01
#57492.25 16.72 0.01
#57497.21 16.52 0.01
#57499.26 16.49 0.01
#57503.22 16.56 0.01
#57507.20 16.71 0.01
#57511.20 16.86 0.01
#57535.23 17.11 0.01
#57541.22 17.47 0.01
#filter Yspm_AB
#Ori's old photometry
#57483.22 19.38 0.08
#57487.47 17.69 0.03
#57492.25 16.92 0.05
#57497.17 17.11 0.02
#57499.25 17.22 0.02
#57503.21 17.58 0.02
#57507.17 17.73 0.03
#57511.21 17.81 0.03
#57535.22 16.86 0.02
#57541.20 17.14 0.02
filter Jspm_AB
#Ori's old photometry
57483.22 19.58 0.12
57487.47 18.18 0.03
57492.25 17.30 0.02
57497.17 17.29 0.03
57499.25 17.37 0.03
57503.21 17.65 0.03
57507.17 18.02 0.03
57511.21 18.67 0.03
57535.22 18.34 0.03
57541.20 18.74 0.05
filter Hspm_AB
#Ori's old photometry
57487.47 18.48 0.07
57492.25 18.04 0.06
57497.17 17.96 0.04
57499.25 18.09 0.04
57503.21 18.30 0.04
57507.17 18.36 0.06
57511.21 18.46 0.04
57535.22 18.10 0.04
57541.20 18.44 0.05
filter U_UVOT
57483.3987  18.259   0.141
57484.4321  17.817   0.118
57485.4943  17.321   0.078
57487.8280  16.215   0.065
57489.3093  15.808   0.061
57491.7581  15.499   0.085
57494.0102  15.322   0.058
57496.1695  15.300   0.058
57500.8101  15.557   0.069
57503.6674  15.775   0.068
57509.5868  16.507   0.062
57512.7567  16.897   0.072
57515.7961  17.385   0.090
57518.8216  17.703   0.149
57521.6761  18.440   0.144
filter B_UVOT
57483.3997  19.025   0.167
57484.4327  18.411   0.120
57485.4950  17.818   0.074
57487.8287  17.130   0.066
57489.3101  16.711   0.059
57491.7584  16.321   0.090
57494.0108  16.141   0.058
57496.1701  16.004   0.059
57500.8106  16.047   0.064
57503.6680  16.109   0.061
57509.5892  16.499   0.057
57512.7590  16.754   0.066
57515.7968  17.124   0.067
57518.8220  17.383   0.097
57521.6768  17.801   0.080
filter V_UVOT
57484.4362  18.426   0.267
57485.4992  18.072   0.165
57487.8328  17.066   0.098
57489.3145  16.768   0.081
57494.0144  16.183   0.073
57496.1739  15.993   0.076
57500.8134  15.948   0.082
57503.6718  15.999   0.076
57509.5903  16.184   0.075
57512.7605  16.456   0.088
57515.8009  16.563   0.081
57518.8242  16.814   0.129
57521.6805  16.940   0.092
filter ps1_g
57487.379 17.127  0.012
57492.387 16.147  0.007
57502.371 15.954  0.008
57509.363 16.232  0.007
57514.348 16.522  0.009
57514.352 16.597  0.008
57523.312 17.225  0.014
57531.270 17.922  0.031
filter ps1_r
57487.379 17.202  0.011
57490.371 16.506  0.005
57490.383 16.500  0.004
57490.395 16.504  0.004
57490.406 16.544  0.004
57492.387 16.284  0.006
57502.371 15.945  0.006
57509.363 16.268  0.007
57514.348 16.573  0.012
57514.352 16.644  0.007
57523.312 16.690  0.009
57531.270 16.962  0.013
filter ps1_i
57487.379 17.425  0.014
57492.387 16.572  0.008
57502.375 16.613  0.010
57509.363 17.001  0.011
57514.348 17.344  0.013
57514.352 17.390  0.012
57523.312 17.083  0.012
57530.406 17.063  0.012
57531.270 17.066  0.014
filter ps1_z
57487.379 17.538  0.020
57492.387 16.750  0.012
57502.375 16.595  0.012
57509.363 16.919  0.014
57514.348 17.076  0.021
57514.352 17.105  0.014
57523.312 16.905  0.014
57531.273 17.012  0.018
