16auf 0.01499 217.788598 +27.236051
filter G48
57519.351 20.290 0.150
57519.380 20.230 0.160
57519.410 20.140 0.150
57520.348 18.720 0.060
57520.378 18.710 0.060
57520.407 18.680 0.060
57521.352 18.030 0.060
57521.382 18.080 0.050
57521.411 18.060 0.060
57522.412 17.510 0.050
57525.304 16.750 0.100
57526.250 16.520 0.110
57526.299 16.490 0.110
57527.272 16.310 0.120
57527.317 16.240 0.120
57544.198 15.420 0.060
57544.233 15.380 0.060
57548.219 15.670 0.100
57548.251 15.670 0.060
57552.179 16.040 0.090
57552.214 16.060 0.090
filter R48
57525.353 16.990 0.110
57526.354 16.730 0.100
57527.365 16.510 0.110
57544.268 15.560 0.070
57548.286 15.790 0.100
filter g60
57526.360 16.580 0.020
57527.404 16.320 0.020
57540.328 15.320 0.020
57547.219 15.700 0.020
57551.368 16.120 0.020
57554.305 16.400 0.040
57558.251 16.890 0.030
57580.238 18.040 0.020
57586.200 18.120 0.020
57613.241 18.640 0.040
57619.182 18.600 0.040
57625.186 18.630 0.030
57632.155 18.770 0.030
57638.188 18.920 0.160
filter r60
57526.353 16.560 0.020
57527.400 16.360 0.010
57540.324 15.320 0.020
57547.215 15.560 0.010
57551.363 15.770 0.010
57554.301 15.880 0.010
57558.247 16.000 0.020
57574.234 16.450 0.190
57576.329 16.820 0.010
57576.341 16.830 0.010
57580.234 16.920 0.010
57586.196 17.140 0.030
57613.237 18.060 0.020
57619.178 18.230 0.040
57625.183 18.480 0.020
57632.151 18.670 0.020
57638.184 19.040 0.210
filter i60
57526.356 16.690 0.020
57527.402 16.490 0.010
57540.326 15.790 0.040
57547.217 16.050 0.010
57551.365 16.280 0.010
57554.303 16.300 0.020
57558.249 16.270 0.010
57576.330 16.800 0.010
57576.342 16.830 0.010
57580.236 16.990 0.010
57586.198 17.260 0.020
57613.239 18.220 0.050
57619.180 18.440 0.040
57625.184 18.570 0.030
57632.153 18.910 0.020
57638.186 19.120 0.390
#filter UVW2
#57536.8806  18.244   0.322
#57540.5350  17.660   0.269
#57543.6162  18.022   0.278
#filter UVW1
#57528.5540  17.591   0.228
#57531.7252  17.352   0.180
#57540.5326  16.867   0.169
#57543.6116  17.315   0.170
#57553.1924  18.126   0.310
filter U_UVOT
57521.8135  17.812   0.204
57523.3695  17.639   0.207
57528.5556  16.301   0.101
57531.7264  15.746   0.078
57536.4645  15.353   0.063
57540.5334  15.499   0.092
57543.6133  15.772   0.076
57553.1938  16.949   0.120
57559.7027  17.729   0.168
57565.2788  18.154   0.240
filter B_UVOT
57521.8144  17.679   0.114
57523.3705  17.380   0.112
57528.5565  16.210   0.073
57531.7271  15.864   0.064
57540.5338  15.394   0.063
57543.6141  15.697   0.061
57553.1946  16.638   0.074
57559.7056  17.328   0.087
57565.2805  17.806   0.120
filter V_UVOT
57521.8192  17.907   0.293
57523.3753  17.251   0.204
57528.5614  16.130   0.107
57531.7021  15.914   0.105
57540.5362  15.261   0.093
57543.6187  15.336   0.069
57553.1995  15.981   0.086
57559.7074  16.403   0.095
57565.2813  16.742   0.146
filter Blcogt
57522.139 17.481 0.088
57522.142 17.511 0.087
57522.212 17.757 0.031
57522.215 17.751 0.033
57526.128 16.477 0.041
57526.131 16.482 0.042
57528.351 16.199 0.020
57528.354 16.196 0.021
57530.316 15.927 0.015
57530.319 15.901 0.013
57531.236 15.794 0.012
57531.239 15.799 0.012
57531.382 15.695 0.012
57531.385 15.694 0.011
57536.372 15.351 0.009
57536.375 15.345 0.009
57546.065 15.970 0.014
57546.067 15.973 0.014
57554.110 16.626 0.033
57554.112 16.545 0.032
57558.125 16.976 0.088
57558.127 17.012 0.076
57561.959 17.356 0.032
57561.961 17.535 0.039
57562.176 17.719 0.030
57562.178 17.760 0.031
57566.106 17.773 0.041
57566.107 17.730 0.042
57573.058 18.093 0.059
57573.060 18.027 0.057
57580.252 18.413 0.056
57580.254 18.466 0.058
57584.965 18.407 0.118
57584.967 18.099 0.100
57585.030 18.137 0.088
57585.032 18.132 0.105
57589.988 18.462 0.118
57589.990 18.543 0.129
57606.114 18.755 0.114
57606.116 18.964 0.112
filter Vlcogt
57522.146 17.714 0.106
57522.148 17.611 0.120
57522.218 18.135 0.053
57522.220 17.819 0.038
57526.135 16.590 0.048
57528.357 16.205 0.026
57528.358 16.215 0.027
57530.322 15.957 0.015
57530.324 15.954 0.015
57531.242 15.809 0.013
57531.244 15.805 0.015
57531.387 15.822 0.013
57531.389 15.809 0.013
57536.378 15.379 0.008
57536.380 15.375 0.009
57546.069 15.761 0.011
57546.070 15.834 0.015
57554.114 16.063 0.023
57554.115 16.034 0.021
57558.129 16.187 0.049
57558.130 16.211 0.054
57561.963 16.549 0.017
57561.964 16.575 0.018
57562.180 16.575 0.018
57562.181 16.556 0.015
57566.109 16.719 0.018
57566.111 16.737 0.018
57573.062 17.175 0.025
57573.063 17.160 0.022
57580.256 17.316 0.021
57580.258 17.319 0.027
57584.969 17.467 0.053
57584.970 17.474 0.043
57589.992 17.636 0.048
57589.994 17.623 0.054
57606.118 17.984 0.055
57606.119 17.990 0.042
filter glcogt
57522.150 17.494 0.082
57522.153 17.591 0.085
57526.138 16.429 0.015
57526.140 16.420 0.019
57528.360 16.066 0.011
57528.363 16.053 0.010
57530.326 15.818 0.008
57530.329 15.802 0.009
57531.394 15.664 0.011
57554.117 16.117 0.011
57554.119 16.148 0.011
57558.132 16.488 0.060
57558.134 16.494 0.035
57561.966 16.894 0.014
57561.968 16.917 0.013
57566.113 17.231 0.016
57580.260 17.849 0.019
57580.261 17.843 0.025
57589.995 17.870 0.046
57589.997 17.929 0.042
57606.121 18.393 0.032
57606.123 18.363 0.025
filter rlcogt
57522.156 17.206 0.094
57522.158 17.270 0.118
57526.143 16.477 0.028
57526.145 16.513 0.026
57528.366 15.982 0.018
57528.368 16.012 0.018
57530.332 15.805 0.011
57530.334 15.800 0.010
57531.252 15.695 0.007
57531.254 15.694 0.007
57546.076 15.469 0.012
57554.121 15.757 0.012
57554.122 15.787 0.013
57561.970 15.999 0.012
57561.971 15.984 0.022
57562.187 16.012 0.019
57562.189 16.029 0.018
57566.116 16.223 0.011
57566.118 16.226 0.011
57573.069 16.571 0.012
57573.070 16.616 0.012
57580.263 16.879 0.012
57580.265 16.885 0.015
57589.999 17.175 0.026
57590.001 17.231 0.025
57606.125 17.605 0.023
57606.126 17.586 0.026
filter ilcogt
57522.231 17.682 0.052
57522.233 17.857 0.066
57526.147 16.276 0.051
57526.149 16.331 0.041
57528.370 15.870 0.023
57528.372 15.881 0.022
57530.336 15.637 0.020
57530.338 15.643 0.021
57531.401 15.643 0.021
57531.403 15.604 0.018
57562.190 15.823 0.023
57562.192 15.824 0.026
57566.120 16.014 0.019
57566.121 16.009 0.016
57573.072 16.314 0.021
57573.074 16.323 0.021
57580.266 16.628 0.024
57580.268 16.593 0.023
57590.002 17.043 0.050
57590.004 16.965 0.038
57606.128 17.430 0.044
57606.130 17.386 0.037
filter rspm
57531.22275 15.739 0.003
57535.19732 15.417 0.004
57539.25096 15.280 0.003
57542.29054 15.282 0.004
57547.28692 15.483 0.011
57576.20886 16.724 0.005
filter ispm
57531.22275 15.953 0.003
57535.19732 15.748 0.003
57539.25096 15.822 0.003
57542.29054 15.895 0.003
57547.28692 16.153 0.011
57576.20886 16.711 0.003
filter zspm
57531.22275 15.983 0.009
57535.19732 15.736 0.010
57539.25096 15.702 0.011
57542.29054 15.731 0.011
57547.28692 15.876 0.021
57576.20886 16.543 0.013
filter Yspm
57531.22275 15.684 0.012
57535.19732 15.600 0.007
57539.25096 15.849 0.013
57542.29054 16.079 0.021
57547.28692 16.290 0.017
57576.20886 15.637 0.014
filter Jspm
57531.22275 15.653 0.018
57535.19732 15.469 0.023
57539.25096 15.662 0.021
57542.29054 15.915 0.019
57547.28692 16.472 0.039
57576.20886 17.045 0.053
filter Hspm
57531.22275 15.760 0.036
57535.19732 15.770 0.032
57539.25096 15.916 0.034
57542.29054 15.937 0.035
57547.28692 16.076 0.046
57576.20886 16.120 0.029
filter ps1_g
57523.309 17.299 0.015
57527.320 16.259 0.011
57536.266 15.328 0.005
57538.438 15.281 0.005
57543.262 15.390 0.005
57555.270 16.361 0.009
57566.348 17.302 0.013
filter ps1_r
57523.309 17.312 0.013
57527.320 16.376 0.009
57535.418 15.389 0.002
57535.430 15.377 0.002
57535.438 15.381 0.003
57535.449 15.383 0.003
57536.266 15.460 0.004
57538.441 15.331 0.004
57543.262 15.322 0.004
57549.391 15.686 0.003
57549.402 15.706 0.003
57549.414 15.674 0.003
57549.426 15.697 0.003
57555.270 15.882 0.007
57566.348 16.206 0.006
filter ps1_i
57523.309 17.583 0.016
57527.320 16.580 0.010
57536.266 15.820 0.006
57538.441 15.817 0.005
57543.262 15.931 0.006
57555.270 16.299 0.009
57558.340 16.351 0.005
57558.352 16.336 0.005
57558.363 16.353 0.005
57558.375 16.322 0.005
57566.348 16.317 0.007
filter ps1_z
57523.309 17.601 0.023
57527.320 16.685 0.014
57536.266 15.772 0.007
57538.441 15.754 0.006
57543.262 15.864 0.007
57555.270 16.092 0.009
