5.372000000000000000e+03 2.633533000000000185e-04
5.373000000000000000e+03 2.816741000000000210e-04
5.374000000000000000e+03 2.999942999999999815e-04
5.375000000000000000e+03 3.183137999999999745e-04
5.376000000000000000e+03 3.366326999999999796e-04
5.377000000000000000e+03 3.549510999999999769e-04
5.378000000000000000e+03 3.732688000000000065e-04
5.379000000000000000e+03 3.915858000000000142e-04
5.380000000000000000e+03 4.099023000000000141e-04
5.381000000000000000e+03 4.282183000000000061e-04
5.382000000000000000e+03 4.527596999999999742e-04
5.383000000000000000e+03 4.834298000000000111e-04
5.384000000000000000e+03 5.140989999999999579e-04
5.385000000000000000e+03 5.447669000000000036e-04
5.386000000000000000e+03 5.754341000000000273e-04
5.387000000000000000e+03 6.061000000000000415e-04
5.388000000000000000e+03 6.367652000000000338e-04
5.389000000000000000e+03 6.674292000000000506e-04
5.390000000000000000e+03 6.980922999999999773e-04
5.391000000000000000e+03 7.287539999999999686e-04
5.392000000000000000e+03 7.712491000000000355e-04
5.393000000000000000e+03 8.255073999999999832e-04
5.394000000000000000e+03 8.797637000000000079e-04
5.395000000000000000e+03 9.340181999999999608e-04
5.396000000000000000e+03 9.882712000000000527e-04
5.397000000000000000e+03 1.042521999999999937e-03
5.398000000000000000e+03 1.096771999999999981e-03
5.399000000000000000e+03 1.151019000000000087e-03
5.400000000000000000e+03 1.205265000000000069e-03
5.401000000000000000e+03 1.259507999999999895e-03
5.402000000000000000e+03 1.336223000000000098e-03
5.403000000000000000e+03 1.435541000000000031e-03
5.404000000000000000e+03 1.534854999999999900e-03
5.405000000000000000e+03 1.634166999999999955e-03
5.406000000000000000e+03 1.733474000000000039e-03
5.407000000000000000e+03 1.832779000000000092e-03
5.408000000000000000e+03 1.932080000000000082e-03
5.409000000000000000e+03 2.031377000000000009e-03
5.410000000000000000e+03 2.130671000000000214e-03
5.411000000000000000e+03 2.229960999999999922e-03
5.412000000000000000e+03 2.368159999999999796e-03
5.413000000000000000e+03 2.545878000000000117e-03
5.414000000000000000e+03 2.723591000000000033e-03
5.415000000000000000e+03 2.901295999999999823e-03
5.416000000000000000e+03 3.078995000000000169e-03
5.417000000000000000e+03 3.256688000000000204e-03
5.418000000000000000e+03 3.434375999999999835e-03
5.419000000000000000e+03 3.612054999999999867e-03
5.420000000000000000e+03 3.789731000000000176e-03
5.421000000000000000e+03 3.967395999999999770e-03
5.422000000000000000e+03 4.214139999999999900e-03
5.423000000000000000e+03 4.532027999999999578e-03
5.424000000000000000e+03 4.849596999999999762e-03
5.425000000000000000e+03 5.167305999999999983e-03
5.426000000000000000e+03 5.485005999999999736e-03
5.427000000000000000e+03 5.802690999999999578e-03
5.428000000000000000e+03 6.120368999999999636e-03
5.429000000000000000e+03 6.438031000000000309e-03
5.430000000000000000e+03 6.755684999999999989e-03
5.431000000000000000e+03 7.073318000000000313e-03
5.432000000000000000e+03 7.523779999999999878e-03
5.433000000000000000e+03 8.112088999999999411e-03
5.434000000000000000e+03 8.700371999999999620e-03
5.435000000000000000e+03 9.288635999999999421e-03
5.436000000000000000e+03 9.876875000000000238e-03
5.437000000000000000e+03 1.046508999999999981e-02
5.438000000000000000e+03 1.105328000000000040e-02
5.439000000000000000e+03 1.164145999999999931e-02
5.440000000000000000e+03 1.222961000000000013e-02
5.441000000000000000e+03 1.281772999999999940e-02
5.442000000000000000e+03 1.364209000000000081e-02
5.443000000000000000e+03 1.471448000000000027e-02
5.444000000000000000e+03 1.578683999999999990e-02
5.445000000000000000e+03 1.685916000000000151e-02
5.446000000000000000e+03 1.793143999999999988e-02
5.447000000000000000e+03 1.900314000000000170e-02
5.448000000000000000e+03 2.007584999999999925e-02
5.449000000000000000e+03 2.114800000000000013e-02
5.450000000000000000e+03 2.222011000000000125e-02
5.451000000000000000e+03 2.329215999999999925e-02
5.452000000000000000e+03 2.474399000000000043e-02
5.453000000000000000e+03 2.659852000000000050e-02
5.454000000000000000e+03 2.845297000000000104e-02
5.455000000000000000e+03 3.030735000000000026e-02
5.456000000000000000e+03 3.216166000000000164e-02
5.457000000000000000e+03 3.401590000000000169e-02
5.458000000000000000e+03 3.587005000000000055e-02
5.459000000000000000e+03 3.772410999999999820e-02
5.460000000000000000e+03 3.957813000000000303e-02
5.461000000000000000e+03 4.143203000000000163e-02
5.462000000000000000e+03 4.378926000000000346e-02
5.463000000000000000e+03 4.668644000000000266e-02
5.464000000000000000e+03 4.958350000000000257e-02
5.465000000000000000e+03 5.248044999999999793e-02
5.466000000000000000e+03 5.537729000000000262e-02
5.467000000000000000e+03 5.827398999999999774e-02
5.468000000000000000e+03 6.117058000000000217e-02
5.469000000000000000e+03 6.406704000000000565e-02
5.470000000000000000e+03 6.696338999999999764e-02
5.471000000000000000e+03 6.985958000000000445e-02
5.472000000000000000e+03 7.330179000000000555e-02
5.473000000000000000e+03 7.733557000000000625e-02
5.474000000000000000e+03 8.136915000000000120e-02
5.475000000000000000e+03 8.540256999999999710e-02
5.476000000000000000e+03 8.943582999999999394e-02
5.477000000000000000e+03 9.346889999999999366e-02
5.478000000000000000e+03 9.750179999999999958e-02
5.479000000000000000e+03 1.015344999999999998e-01
5.480000000000000000e+03 1.055670999999999971e-01
5.481000000000000000e+03 1.095993999999999996e-01
5.482000000000000000e+03 1.139296000000000059e-01
5.483000000000000000e+03 1.185854999999999965e-01
5.484000000000000000e+03 1.232412999999999981e-01
5.485000000000000000e+03 1.278968000000000049e-01
5.486000000000000000e+03 1.325522000000000089e-01
5.487000000000000000e+03 1.372073000000000043e-01
5.488000000000000000e+03 1.418622999999999967e-01
5.489000000000000000e+03 1.465170000000000083e-01
5.490000000000000000e+03 1.511714999999999864e-01
5.491000000000000000e+03 1.558257999999999865e-01
5.492000000000000000e+03 1.602390999999999954e-01
5.493000000000000000e+03 1.643921000000000132e-01
5.494000000000000000e+03 1.685427999999999926e-01
5.495000000000000000e+03 1.726932999999999940e-01
5.496000000000000000e+03 1.768436999999999926e-01
5.497000000000000000e+03 1.809939000000000131e-01
5.498000000000000000e+03 1.851439000000000001e-01
5.499000000000000000e+03 1.892937000000000092e-01
5.500000000000000000e+03 1.934433999999999876e-01
5.501000000000000000e+03 1.975921999999999956e-01
5.502000000000000000e+03 2.011951999999999907e-01
5.503000000000000000e+03 2.041878000000000026e-01
5.504000000000000000e+03 2.071802000000000088e-01
5.505000000000000000e+03 2.101724000000000092e-01
5.506000000000000000e+03 2.131646000000000096e-01
5.507000000000000000e+03 2.161566000000000043e-01
5.508000000000000000e+03 2.191484999999999961e-01
5.509000000000000000e+03 2.221401000000000070e-01
5.510000000000000000e+03 2.251317999999999930e-01
5.511000000000000000e+03 2.281229999999999924e-01
5.512000000000000000e+03 2.305605000000000016e-01
5.513000000000000000e+03 2.323716999999999866e-01
5.514000000000000000e+03 2.341828999999999994e-01
5.515000000000000000e+03 2.359938000000000036e-01
5.516000000000000000e+03 2.378048000000000106e-01
5.517000000000000000e+03 2.396147000000000138e-01
5.518000000000000000e+03 2.414263000000000103e-01
5.519000000000000000e+03 2.432370000000000088e-01
5.520000000000000000e+03 2.450476000000000043e-01
5.521000000000000000e+03 2.468579999999999941e-01
5.522000000000000000e+03 2.482681999999999944e-01
5.523000000000000000e+03 2.492215000000000125e-01
5.524000000000000000e+03 2.501747000000000276e-01
5.525000000000000000e+03 2.511279000000000150e-01
5.526000000000000000e+03 2.520809999999999995e-01
5.527000000000000000e+03 2.530340999999999840e-01
5.528000000000000000e+03 2.539867000000000097e-01
5.529000000000000000e+03 2.549399999999999999e-01
5.530000000000000000e+03 2.558930999999999845e-01
5.531000000000000000e+03 2.568458000000000130e-01
5.532000000000000000e+03 2.575627999999999806e-01
5.533000000000000000e+03 2.580079000000000122e-01
5.534000000000000000e+03 2.584524999999999739e-01
5.535000000000000000e+03 2.588972999999999969e-01
5.536000000000000000e+03 2.593421000000000198e-01
5.537000000000000000e+03 2.597867999999999844e-01
5.538000000000000000e+03 2.602315000000000045e-01
5.539000000000000000e+03 2.606761000000000217e-01
5.540000000000000000e+03 2.611211999999999978e-01
5.541000000000000000e+03 2.615654000000000035e-01
5.542000000000000000e+03 2.619546999999999848e-01
5.543000000000000000e+03 2.622796000000000016e-01
5.544000000000000000e+03 2.626044000000000156e-01
5.545000000000000000e+03 2.629291999999999740e-01
5.546000000000000000e+03 2.632539999999999880e-01
5.547000000000000000e+03 2.635789000000000049e-01
5.548000000000000000e+03 2.639034000000000102e-01
5.549000000000000000e+03 2.642283000000000270e-01
5.550000000000000000e+03 2.645530999999999855e-01
5.551000000000000000e+03 2.648775999999999908e-01
5.552000000000000000e+03 2.652204000000000228e-01
5.553000000000000000e+03 2.655845000000000011e-01
5.554000000000000000e+03 2.659486999999999823e-01
5.555000000000000000e+03 2.663128000000000162e-01
5.556000000000000000e+03 2.666769999999999974e-01
5.557000000000000000e+03 2.670410999999999757e-01
5.558000000000000000e+03 2.674051000000000067e-01
5.559000000000000000e+03 2.677689999999999793e-01
5.560000000000000000e+03 2.681332000000000160e-01
5.561000000000000000e+03 2.684969999999999857e-01
5.562000000000000000e+03 2.688408999999999938e-01
5.563000000000000000e+03 2.691609999999999836e-01
5.564000000000000000e+03 2.694810000000000261e-01
5.565000000000000000e+03 2.698012000000000188e-01
5.566000000000000000e+03 2.701212000000000057e-01
5.567000000000000000e+03 2.704410999999999898e-01
5.568000000000000000e+03 2.707610999999999768e-01
5.569000000000000000e+03 2.710810000000000164e-01
5.570000000000000000e+03 2.714012000000000091e-01
5.571000000000000000e+03 2.716979999999999951e-01
5.572000000000000000e+03 2.719988999999999879e-01
5.573000000000000000e+03 2.723048000000000135e-01
5.574000000000000000e+03 2.726104999999999778e-01
5.575000000000000000e+03 2.729163000000000006e-01
5.576000000000000000e+03 2.732221000000000233e-01
5.577000000000000000e+03 2.735275999999999819e-01
5.578000000000000000e+03 2.738330999999999960e-01
5.579000000000000000e+03 2.741385000000000072e-01
5.580000000000000000e+03 2.744440000000000213e-01
5.581000000000000000e+03 2.747725999999999780e-01
5.582000000000000000e+03 2.750591000000000008e-01
5.583000000000000000e+03 2.752947000000000033e-01
5.584000000000000000e+03 2.755303000000000058e-01
5.585000000000000000e+03 2.757659000000000082e-01
5.586000000000000000e+03 2.760015000000000107e-01
5.587000000000000000e+03 2.762370000000000103e-01
5.588000000000000000e+03 2.764728000000000185e-01
5.589000000000000000e+03 2.767083000000000181e-01
5.590000000000000000e+03 2.769440000000000235e-01
5.591000000000000000e+03 2.771794000000000202e-01
5.592000000000000000e+03 2.773900000000000254e-01
5.593000000000000000e+03 2.775696000000000274e-01
5.594000000000000000e+03 2.777492999999999768e-01
5.595000000000000000e+03 2.779288999999999787e-01
5.596000000000000000e+03 2.781086999999999865e-01
5.597000000000000000e+03 2.782882999999999885e-01
5.598000000000000000e+03 2.784679999999999933e-01
5.599000000000000000e+03 2.786476999999999982e-01
5.600000000000000000e+03 2.788273000000000001e-01
5.601000000000000000e+03 2.790067999999999993e-01
5.602000000000000000e+03 2.791280999999999901e-01
5.603000000000000000e+03 2.791771000000000114e-01
5.604000000000000000e+03 2.792259999999999742e-01
5.605000000000000000e+03 2.792748999999999926e-01
5.606000000000000000e+03 2.793239000000000138e-01
5.607000000000000000e+03 2.793727999999999767e-01
5.608000000000000000e+03 2.794216999999999951e-01
5.609000000000000000e+03 2.794707000000000163e-01
5.610000000000000000e+03 2.795196999999999821e-01
5.611000000000000000e+03 2.795684999999999976e-01
5.612000000000000000e+03 2.795487999999999862e-01
5.613000000000000000e+03 2.794423999999999797e-01
5.614000000000000000e+03 2.793360999999999761e-01
5.615000000000000000e+03 2.792297999999999725e-01
5.616000000000000000e+03 2.791236000000000272e-01
5.617000000000000000e+03 2.790172000000000208e-01
5.618000000000000000e+03 2.789110000000000200e-01
5.619000000000000000e+03 2.788047000000000164e-01
5.620000000000000000e+03 2.786984000000000128e-01
5.621000000000000000e+03 2.785918000000000005e-01
5.622000000000000000e+03 2.784630000000000161e-01
5.623000000000000000e+03 2.783054999999999835e-01
5.624000000000000000e+03 2.781480000000000063e-01
5.625000000000000000e+03 2.779904999999999737e-01
5.626000000000000000e+03 2.778329999999999966e-01
5.627000000000000000e+03 2.776756000000000224e-01
5.628000000000000000e+03 2.775179999999999869e-01
5.629000000000000000e+03 2.773606000000000127e-01
5.630000000000000000e+03 2.772030999999999801e-01
5.631000000000000000e+03 2.770382000000000122e-01
5.632000000000000000e+03 2.768231999999999915e-01
5.633000000000000000e+03 2.765434999999999977e-01
5.634000000000000000e+03 2.762638000000000038e-01
5.635000000000000000e+03 2.759842000000000128e-01
5.636000000000000000e+03 2.757046000000000219e-01
5.637000000000000000e+03 2.754250999999999783e-01
5.638000000000000000e+03 2.751455999999999902e-01
5.639000000000000000e+03 2.748659999999999992e-01
5.640000000000000000e+03 2.745866000000000140e-01
5.641000000000000000e+03 2.743071000000000259e-01
5.642000000000000000e+03 2.740012000000000003e-01
5.643000000000000000e+03 2.736604999999999732e-01
5.644000000000000000e+03 2.733200000000000074e-01
5.645000000000000000e+03 2.729795999999999889e-01
5.646000000000000000e+03 2.726392000000000260e-01
5.647000000000000000e+03 2.722987000000000046e-01
5.648000000000000000e+03 2.719583999999999890e-01
5.649000000000000000e+03 2.716181999999999763e-01
5.650000000000000000e+03 2.712778000000000134e-01
5.651000000000000000e+03 2.709373999999999949e-01
5.652000000000000000e+03 2.705683999999999867e-01
5.653000000000000000e+03 2.701613999999999960e-01
5.654000000000000000e+03 2.697544000000000053e-01
5.655000000000000000e+03 2.693475000000000175e-01
5.656000000000000000e+03 2.689406999999999770e-01
5.657000000000000000e+03 2.685337999999999892e-01
5.658000000000000000e+03 2.681271000000000071e-01
5.659000000000000000e+03 2.677203000000000221e-01
5.660000000000000000e+03 2.673133999999999788e-01
5.661000000000000000e+03 2.669069000000000025e-01
5.662000000000000000e+03 2.665506000000000264e-01
5.663000000000000000e+03 2.662614999999999843e-01
5.664000000000000000e+03 2.659722999999999948e-01
5.665000000000000000e+03 2.656832000000000082e-01
5.666000000000000000e+03 2.653942000000000245e-01
5.667000000000000000e+03 2.651050999999999824e-01
5.668000000000000000e+03 2.648159999999999958e-01
5.669000000000000000e+03 2.645270000000000121e-01
5.670000000000000000e+03 2.642379999999999729e-01
5.671000000000000000e+03 2.639488999999999863e-01
5.672000000000000000e+03 2.636991000000000196e-01
5.673000000000000000e+03 2.635021000000000169e-01
5.674000000000000000e+03 2.633050000000000113e-01
5.675000000000000000e+03 2.631080000000000085e-01
5.676000000000000000e+03 2.629111000000000087e-01
5.677000000000000000e+03 2.627141000000000060e-01
5.678000000000000000e+03 2.625172000000000061e-01
5.679000000000000000e+03 2.623202000000000034e-01
5.680000000000000000e+03 2.621232000000000006e-01
5.681000000000000000e+03 2.619263000000000008e-01
5.682000000000000000e+03 2.617507000000000028e-01
5.683000000000000000e+03 2.616047000000000233e-01
5.684000000000000000e+03 2.614584999999999826e-01
5.685000000000000000e+03 2.613124000000000002e-01
5.686000000000000000e+03 2.611663000000000179e-01
5.687000000000000000e+03 2.610201999999999800e-01
5.688000000000000000e+03 2.608743000000000034e-01
5.689000000000000000e+03 2.607280000000000153e-01
5.690000000000000000e+03 2.605819999999999803e-01
5.691000000000000000e+03 2.604358999999999980e-01
5.692000000000000000e+03 2.603057999999999761e-01
5.693000000000000000e+03 2.601973000000000202e-01
5.694000000000000000e+03 2.600890000000000146e-01
5.695000000000000000e+03 2.599806000000000061e-01
5.696000000000000000e+03 2.598723000000000005e-01
5.697000000000000000e+03 2.597638999999999920e-01
5.698000000000000000e+03 2.596555999999999864e-01
5.699000000000000000e+03 2.595473999999999837e-01
5.700000000000000000e+03 2.594388999999999723e-01
5.701000000000000000e+03 2.593307999999999724e-01
5.702000000000000000e+03 2.592818000000000067e-01
5.703000000000000000e+03 2.593150000000000177e-01
5.704000000000000000e+03 2.593481999999999732e-01
5.705000000000000000e+03 2.593813999999999842e-01
5.706000000000000000e+03 2.594145999999999952e-01
5.707000000000000000e+03 2.594479000000000091e-01
5.708000000000000000e+03 2.594811000000000201e-01
5.709000000000000000e+03 2.595142999999999756e-01
5.710000000000000000e+03 2.595473999999999837e-01
5.711000000000000000e+03 2.595806999999999976e-01
5.712000000000000000e+03 2.596821999999999742e-01
5.713000000000000000e+03 2.598798999999999970e-01
5.714000000000000000e+03 2.600774000000000141e-01
5.715000000000000000e+03 2.602749999999999786e-01
5.716000000000000000e+03 2.604725999999999986e-01
5.717000000000000000e+03 2.606700000000000128e-01
5.718000000000000000e+03 2.608675999999999773e-01
5.719000000000000000e+03 2.610649999999999915e-01
5.720000000000000000e+03 2.612625000000000086e-01
5.721000000000000000e+03 2.614376999999999951e-01
5.722000000000000000e+03 2.616591999999999807e-01
5.723000000000000000e+03 2.619460000000000122e-01
5.724000000000000000e+03 2.622328999999999910e-01
5.725000000000000000e+03 2.625197000000000225e-01
5.726000000000000000e+03 2.628063999999999956e-01
5.727000000000000000e+03 2.630930000000000213e-01
5.728000000000000000e+03 2.633792999999999829e-01
5.729000000000000000e+03 2.636659000000000086e-01
5.730000000000000000e+03 2.639522000000000257e-01
5.731000000000000000e+03 2.642608000000000179e-01
5.732000000000000000e+03 2.645643999999999774e-01
5.733000000000000000e+03 2.648611000000000160e-01
5.734000000000000000e+03 2.651576999999999962e-01
5.735000000000000000e+03 2.654541999999999735e-01
5.736000000000000000e+03 2.657508000000000092e-01
5.737000000000000000e+03 2.660471999999999837e-01
5.738000000000000000e+03 2.663438000000000194e-01
5.739000000000000000e+03 2.666399999999999881e-01
5.740000000000000000e+03 2.669366000000000239e-01
5.741000000000000000e+03 2.672329999999999983e-01
5.742000000000000000e+03 2.675287000000000082e-01
5.743000000000000000e+03 2.678233999999999893e-01
5.744000000000000000e+03 2.681179000000000201e-01
5.745000000000000000e+03 2.684123999999999954e-01
5.746000000000000000e+03 2.687069999999999736e-01
5.747000000000000000e+03 2.690015000000000045e-01
5.748000000000000000e+03 2.692958999999999770e-01
5.749000000000000000e+03 2.695903000000000049e-01
5.750000000000000000e+03 2.698846999999999774e-01
5.751000000000000000e+03 2.701790000000000025e-01
5.752000000000000000e+03 2.705081999999999764e-01
5.753000000000000000e+03 2.708884999999999765e-01
5.754000000000000000e+03 2.712687999999999766e-01
5.755000000000000000e+03 2.716489999999999738e-01
5.756000000000000000e+03 2.720292000000000265e-01
5.757000000000000000e+03 2.724094000000000237e-01
5.758000000000000000e+03 2.727894000000000152e-01
5.759000000000000000e+03 2.731695000000000095e-01
5.760000000000000000e+03 2.735495000000000010e-01
5.761000000000000000e+03 2.739294999999999924e-01
5.762000000000000000e+03 2.742826999999999904e-01
5.763000000000000000e+03 2.745959000000000039e-01
5.764000000000000000e+03 2.749091000000000173e-01
5.765000000000000000e+03 2.752223999999999782e-01
5.766000000000000000e+03 2.755354999999999888e-01
5.767000000000000000e+03 2.758485999999999994e-01
5.768000000000000000e+03 2.761617000000000099e-01
5.769000000000000000e+03 2.764748000000000205e-01
5.770000000000000000e+03 2.767878999999999756e-01
5.771000000000000000e+03 2.771006999999999776e-01
5.772000000000000000e+03 2.773658999999999986e-01
5.773000000000000000e+03 2.775595000000000145e-01
5.774000000000000000e+03 2.777530000000000276e-01
5.775000000000000000e+03 2.779465999999999881e-01
5.776000000000000000e+03 2.781402000000000041e-01
5.777000000000000000e+03 2.783337000000000172e-01
5.778000000000000000e+03 2.785271999999999748e-01
5.779000000000000000e+03 2.787204999999999822e-01
5.780000000000000000e+03 2.789140999999999981e-01
5.781000000000000000e+03 2.791075000000000084e-01
5.782000000000000000e+03 2.792534999999999878e-01
5.783000000000000000e+03 2.793279000000000178e-01
5.784000000000000000e+03 2.794021999999999895e-01
5.785000000000000000e+03 2.794765000000000166e-01
5.786000000000000000e+03 2.795508999999999911e-01
5.787000000000000000e+03 2.796253000000000211e-01
5.788000000000000000e+03 2.796996999999999955e-01
5.789000000000000000e+03 2.797740000000000227e-01
5.790000000000000000e+03 2.798482999999999943e-01
5.791000000000000000e+03 2.799225000000000185e-01
5.792000000000000000e+03 2.799650000000000194e-01
5.793000000000000000e+03 2.799590000000000134e-01
5.794000000000000000e+03 2.799529000000000045e-01
5.795000000000000000e+03 2.799467999999999956e-01
5.796000000000000000e+03 2.799406999999999868e-01
5.797000000000000000e+03 2.799346999999999808e-01
5.798000000000000000e+03 2.799286000000000274e-01
5.799000000000000000e+03 2.799226000000000214e-01
5.800000000000000000e+03 2.799165000000000125e-01
5.801000000000000000e+03 2.799105000000000065e-01
5.802000000000000000e+03 2.798447000000000018e-01
5.803000000000000000e+03 2.796860999999999930e-01
5.804000000000000000e+03 2.795272999999999786e-01
5.805000000000000000e+03 2.793687000000000253e-01
5.806000000000000000e+03 2.792100000000000137e-01
5.807000000000000000e+03 2.790515000000000079e-01
5.808000000000000000e+03 2.788927999999999963e-01
5.809000000000000000e+03 2.787341999999999875e-01
5.810000000000000000e+03 2.785755999999999788e-01
5.811000000000000000e+03 2.784170000000000256e-01
5.812000000000000000e+03 2.782009999999999761e-01
5.813000000000000000e+03 2.778952000000000089e-01
5.814000000000000000e+03 2.775891999999999804e-01
5.815000000000000000e+03 2.772834000000000132e-01
5.816000000000000000e+03 2.769774999999999876e-01
5.817000000000000000e+03 2.766717000000000204e-01
5.818000000000000000e+03 2.763661000000000034e-01
5.819000000000000000e+03 2.760600999999999750e-01
5.820000000000000000e+03 2.757545000000000135e-01
5.821000000000000000e+03 2.754253999999999869e-01
5.822000000000000000e+03 2.750733000000000206e-01
5.823000000000000000e+03 2.746844999999999981e-01
5.824000000000000000e+03 2.742956999999999756e-01
5.825000000000000000e+03 2.739070000000000116e-01
5.826000000000000000e+03 2.735184999999999977e-01
5.827000000000000000e+03 2.731299999999999839e-01
5.828000000000000000e+03 2.727415999999999729e-01
5.829000000000000000e+03 2.723535999999999735e-01
5.830000000000000000e+03 2.719652000000000180e-01
5.831000000000000000e+03 2.716044000000000236e-01
5.832000000000000000e+03 2.712558999999999942e-01
5.833000000000000000e+03 2.709274999999999878e-01
5.834000000000000000e+03 2.705990999999999813e-01
5.835000000000000000e+03 2.702706999999999748e-01
5.836000000000000000e+03 2.699424000000000268e-01
5.837000000000000000e+03 2.696141000000000232e-01
5.838000000000000000e+03 2.692858000000000196e-01
5.839000000000000000e+03 2.689574000000000131e-01
5.840000000000000000e+03 2.686292000000000124e-01
5.841000000000000000e+03 2.683011000000000146e-01
5.842000000000000000e+03 2.679771000000000236e-01
5.843000000000000000e+03 2.676604000000000205e-01
5.844000000000000000e+03 2.673438000000000203e-01
5.845000000000000000e+03 2.670272000000000201e-01
5.846000000000000000e+03 2.667106000000000199e-01
5.847000000000000000e+03 2.663940000000000197e-01
5.848000000000000000e+03 2.660775000000000223e-01
5.849000000000000000e+03 2.657610000000000250e-01
5.850000000000000000e+03 2.654445000000000277e-01
5.851000000000000000e+03 2.651280999999999777e-01
5.852000000000000000e+03 2.647995000000000210e-01
5.853000000000000000e+03 2.644505999999999801e-01
5.854000000000000000e+03 2.641019000000000005e-01
5.855000000000000000e+03 2.637530000000000152e-01
5.856000000000000000e+03 2.634042999999999801e-01
5.857000000000000000e+03 2.630554999999999977e-01
5.858000000000000000e+03 2.627068000000000181e-01
5.859000000000000000e+03 2.623580999999999830e-01
5.860000000000000000e+03 2.620093000000000005e-01
5.861000000000000000e+03 2.616608999999999741e-01
5.862000000000000000e+03 2.613249999999999740e-01
5.863000000000000000e+03 2.610101000000000226e-01
5.864000000000000000e+03 2.606953000000000187e-01
5.865000000000000000e+03 2.603805000000000147e-01
5.866000000000000000e+03 2.600657000000000107e-01
5.867000000000000000e+03 2.597510000000000097e-01
5.868000000000000000e+03 2.594363000000000086e-01
5.869000000000000000e+03 2.591216000000000075e-01
5.870000000000000000e+03 2.588069000000000064e-01
5.871000000000000000e+03 2.584921000000000024e-01
5.872000000000000000e+03 2.582337000000000105e-01
5.873000000000000000e+03 2.580691999999999986e-01
5.874000000000000000e+03 2.579047999999999896e-01
5.875000000000000000e+03 2.577402999999999778e-01
5.876000000000000000e+03 2.575759000000000243e-01
5.877000000000000000e+03 2.574115000000000153e-01
5.878000000000000000e+03 2.572471000000000063e-01
5.879000000000000000e+03 2.570826999999999973e-01
5.880000000000000000e+03 2.569181999999999855e-01
5.881000000000000000e+03 2.567537999999999765e-01
5.882000000000000000e+03 2.566612999999999811e-01
5.883000000000000000e+03 2.566910000000000025e-01
5.884000000000000000e+03 2.567206000000000210e-01
5.885000000000000000e+03 2.567501999999999840e-01
5.886000000000000000e+03 2.567799000000000054e-01
5.887000000000000000e+03 2.568095000000000239e-01
5.888000000000000000e+03 2.568390999999999869e-01
5.889000000000000000e+03 2.568687000000000054e-01
5.890000000000000000e+03 2.568984000000000267e-01
5.891000000000000000e+03 2.569279999999999897e-01
5.892000000000000000e+03 2.569842999999999988e-01
5.893000000000000000e+03 2.570867000000000013e-01
5.894000000000000000e+03 2.571888999999999981e-01
5.895000000000000000e+03 2.572911999999999977e-01
5.896000000000000000e+03 2.573933999999999944e-01
5.897000000000000000e+03 2.574956999999999940e-01
5.898000000000000000e+03 2.575979999999999936e-01
5.899000000000000000e+03 2.577000999999999875e-01
5.900000000000000000e+03 2.578024999999999900e-01
5.901000000000000000e+03 2.578828000000000231e-01
5.902000000000000000e+03 2.579634000000000094e-01
5.903000000000000000e+03 2.580446000000000129e-01
5.904000000000000000e+03 2.581257000000000135e-01
5.905000000000000000e+03 2.582068000000000141e-01
5.906000000000000000e+03 2.582879000000000147e-01
5.907000000000000000e+03 2.583691000000000182e-01
5.908000000000000000e+03 2.584500000000000131e-01
5.909000000000000000e+03 2.585310000000000108e-01
5.910000000000000000e+03 2.586120000000000085e-01
5.911000000000000000e+03 2.587150999999999756e-01
5.912000000000000000e+03 2.588443000000000271e-01
5.913000000000000000e+03 2.590198000000000222e-01
5.914000000000000000e+03 2.591953000000000173e-01
5.915000000000000000e+03 2.593707000000000096e-01
5.916000000000000000e+03 2.595459999999999989e-01
5.917000000000000000e+03 2.597214999999999940e-01
5.918000000000000000e+03 2.598968999999999863e-01
5.919000000000000000e+03 2.600720999999999727e-01
5.920000000000000000e+03 2.602476000000000234e-01
5.921000000000000000e+03 2.604230000000000156e-01
5.922000000000000000e+03 2.606475999999999793e-01
5.923000000000000000e+03 2.609595000000000109e-01
5.924000000000000000e+03 2.612714999999999899e-01
5.925000000000000000e+03 2.615835000000000243e-01
5.926000000000000000e+03 2.618954000000000004e-01
5.927000000000000000e+03 2.622072999999999765e-01
5.928000000000000000e+03 2.625192000000000081e-01
5.929000000000000000e+03 2.628310999999999842e-01
5.930000000000000000e+03 2.631429000000000129e-01
5.931000000000000000e+03 2.634547999999999890e-01
5.932000000000000000e+03 2.637952000000000075e-01
5.933000000000000000e+03 2.641871000000000080e-01
5.934000000000000000e+03 2.645789000000000057e-01
5.935000000000000000e+03 2.649708000000000063e-01
5.936000000000000000e+03 2.653626000000000040e-01
5.937000000000000000e+03 2.657544000000000017e-01
5.938000000000000000e+03 2.661460999999999966e-01
5.939000000000000000e+03 2.665377999999999914e-01
5.940000000000000000e+03 2.669294999999999862e-01
5.941000000000000000e+03 2.673211999999999811e-01
5.942000000000000000e+03 2.676938999999999846e-01
5.943000000000000000e+03 2.680312999999999723e-01
5.944000000000000000e+03 2.683688000000000184e-01
5.945000000000000000e+03 2.687063000000000090e-01
5.946000000000000000e+03 2.690437999999999996e-01
5.947000000000000000e+03 2.693811999999999873e-01
5.948000000000000000e+03 2.697185999999999750e-01
5.949000000000000000e+03 2.700560000000000183e-01
5.950000000000000000e+03 2.703935000000000088e-01
5.951000000000000000e+03 2.707305999999999879e-01
5.952000000000000000e+03 2.710339999999999971e-01
5.953000000000000000e+03 2.712747999999999826e-01
5.954000000000000000e+03 2.715155000000000207e-01
5.955000000000000000e+03 2.717562000000000033e-01
5.956000000000000000e+03 2.719969999999999888e-01
5.957000000000000000e+03 2.722377999999999743e-01
5.958000000000000000e+03 2.724784000000000095e-01
5.959000000000000000e+03 2.727189999999999892e-01
5.960000000000000000e+03 2.729596000000000244e-01
5.961000000000000000e+03 2.732006000000000157e-01
5.962000000000000000e+03 2.734274999999999900e-01
5.963000000000000000e+03 2.736292000000000169e-01
5.964000000000000000e+03 2.738307999999999853e-01
5.965000000000000000e+03 2.740325000000000122e-01
5.966000000000000000e+03 2.742341999999999835e-01
5.967000000000000000e+03 2.744358000000000075e-01
5.968000000000000000e+03 2.746374999999999789e-01
5.969000000000000000e+03 2.748390000000000000e-01
5.970000000000000000e+03 2.750407000000000268e-01
5.971000000000000000e+03 2.752188999999999885e-01
5.972000000000000000e+03 2.753753999999999924e-01
5.973000000000000000e+03 2.754909999999999859e-01
5.974000000000000000e+03 2.756064999999999765e-01
5.975000000000000000e+03 2.757219000000000197e-01
5.976000000000000000e+03 2.758375000000000132e-01
5.977000000000000000e+03 2.759526999999999952e-01
5.978000000000000000e+03 2.760679999999999801e-01
5.979000000000000000e+03 2.761833000000000204e-01
5.980000000000000000e+03 2.762986000000000053e-01
5.981000000000000000e+03 2.764375000000000027e-01
5.982000000000000000e+03 2.765387999999999735e-01
5.983000000000000000e+03 2.765691000000000122e-01
5.984000000000000000e+03 2.765992999999999924e-01
5.985000000000000000e+03 2.766294000000000253e-01
5.986000000000000000e+03 2.766595000000000026e-01
5.987000000000000000e+03 2.766896999999999829e-01
5.988000000000000000e+03 2.767199000000000186e-01
5.989000000000000000e+03 2.767498999999999931e-01
5.990000000000000000e+03 2.767800999999999734e-01
5.991000000000000000e+03 2.768103000000000091e-01
5.992000000000000000e+03 2.767761000000000249e-01
5.993000000000000000e+03 2.766173000000000104e-01
5.994000000000000000e+03 2.764584999999999959e-01
5.995000000000000000e+03 2.762997999999999843e-01
5.996000000000000000e+03 2.761410000000000253e-01
5.997000000000000000e+03 2.759822000000000108e-01
5.998000000000000000e+03 2.758236000000000021e-01
5.999000000000000000e+03 2.756648999999999905e-01
6.000000000000000000e+03 2.755060999999999760e-01
6.001000000000000000e+03 2.753746999999999723e-01
6.002000000000000000e+03 2.752190999999999943e-01
6.003000000000000000e+03 2.750159999999999827e-01
6.004000000000000000e+03 2.748129999999999740e-01
6.005000000000000000e+03 2.746099000000000179e-01
6.006000000000000000e+03 2.744068000000000063e-01
6.007000000000000000e+03 2.742036999999999947e-01
6.008000000000000000e+03 2.740005999999999831e-01
6.009000000000000000e+03 2.737975000000000270e-01
6.010000000000000000e+03 2.735943000000000125e-01
6.011000000000000000e+03 2.733912000000000009e-01
6.012000000000000000e+03 2.731815000000000215e-01
6.013000000000000000e+03 2.729584999999999928e-01
6.014000000000000000e+03 2.727354000000000167e-01
6.015000000000000000e+03 2.725122999999999851e-01
6.016000000000000000e+03 2.722891000000000061e-01
6.017000000000000000e+03 2.720659000000000272e-01
6.018000000000000000e+03 2.718426999999999927e-01
6.019000000000000000e+03 2.716194000000000108e-01
6.020000000000000000e+03 2.713960999999999735e-01
6.021000000000000000e+03 2.711728999999999945e-01
6.022000000000000000e+03 2.709430999999999923e-01
6.023000000000000000e+03 2.707000999999999991e-01
6.024000000000000000e+03 2.704572000000000087e-01
6.025000000000000000e+03 2.702142000000000155e-01
6.026000000000000000e+03 2.699712000000000223e-01
6.027000000000000000e+03 2.697280000000000233e-01
6.028000000000000000e+03 2.694849000000000272e-01
6.029000000000000000e+03 2.692416999999999727e-01
6.030000000000000000e+03 2.689984999999999737e-01
6.031000000000000000e+03 2.687295000000000100e-01
6.032000000000000000e+03 2.684217999999999882e-01
6.033000000000000000e+03 2.680357999999999907e-01
6.034000000000000000e+03 2.676498999999999961e-01
6.035000000000000000e+03 2.672640000000000016e-01
6.036000000000000000e+03 2.668781000000000070e-01
6.037000000000000000e+03 2.664923000000000153e-01
6.038000000000000000e+03 2.661065000000000236e-01
6.039000000000000000e+03 2.657205000000000261e-01
6.040000000000000000e+03 2.653346999999999789e-01
6.041000000000000000e+03 2.649715999999999738e-01
6.042000000000000000e+03 2.645944000000000074e-01
6.043000000000000000e+03 2.641882999999999870e-01
6.044000000000000000e+03 2.637821000000000193e-01
6.045000000000000000e+03 2.633758999999999961e-01
6.046000000000000000e+03 2.629696999999999729e-01
6.047000000000000000e+03 2.625632999999999995e-01
6.048000000000000000e+03 2.621570999999999763e-01
6.049000000000000000e+03 2.617507000000000028e-01
6.050000000000000000e+03 2.613442000000000265e-01
6.051000000000000000e+03 2.609375999999999918e-01
6.052000000000000000e+03 2.605740999999999752e-01
6.053000000000000000e+03 2.602992000000000083e-01
6.054000000000000000e+03 2.600243999999999889e-01
6.055000000000000000e+03 2.597495000000000220e-01
6.056000000000000000e+03 2.594745999999999997e-01
6.057000000000000000e+03 2.591996999999999773e-01
6.058000000000000000e+03 2.589248000000000105e-01
6.059000000000000000e+03 2.586497999999999853e-01
6.060000000000000000e+03 2.583745000000000069e-01
6.061000000000000000e+03 2.580996999999999875e-01
6.062000000000000000e+03 2.578578999999999732e-01
6.063000000000000000e+03 2.576858000000000204e-01
6.064000000000000000e+03 2.575138000000000149e-01
6.065000000000000000e+03 2.573417000000000066e-01
6.066000000000000000e+03 2.571697000000000011e-01
6.067000000000000000e+03 2.569973999999999870e-01
6.068000000000000000e+03 2.568253999999999815e-01
6.069000000000000000e+03 2.566532000000000258e-01
6.070000000000000000e+03 2.564810000000000145e-01
6.071000000000000000e+03 2.563088000000000033e-01
6.072000000000000000e+03 2.561621000000000037e-01
6.073000000000000000e+03 2.560688999999999882e-01
6.074000000000000000e+03 2.559756999999999727e-01
6.075000000000000000e+03 2.558824000000000098e-01
6.076000000000000000e+03 2.557892999999999972e-01
6.077000000000000000e+03 2.556960999999999817e-01
6.078000000000000000e+03 2.556027000000000160e-01
6.079000000000000000e+03 2.555095000000000005e-01
6.080000000000000000e+03 2.554162999999999850e-01
6.081000000000000000e+03 2.553229000000000193e-01
6.082000000000000000e+03 2.552240000000000064e-01
6.083000000000000000e+03 2.551127999999999729e-01
6.084000000000000000e+03 2.550014999999999921e-01
6.085000000000000000e+03 2.548901000000000083e-01
6.086000000000000000e+03 2.547788999999999748e-01
6.087000000000000000e+03 2.546675999999999940e-01
6.088000000000000000e+03 2.545562000000000102e-01
6.089000000000000000e+03 2.544448000000000265e-01
6.090000000000000000e+03 2.543334999999999901e-01
6.091000000000000000e+03 2.542004999999999959e-01
6.092000000000000000e+03 2.540778000000000203e-01
6.093000000000000000e+03 2.539773000000000169e-01
6.094000000000000000e+03 2.538769000000000164e-01
6.095000000000000000e+03 2.537763000000000102e-01
6.096000000000000000e+03 2.536759000000000097e-01
6.097000000000000000e+03 2.535754000000000064e-01
6.098000000000000000e+03 2.534750000000000059e-01
6.099000000000000000e+03 2.533745000000000025e-01
6.100000000000000000e+03 2.532739999999999991e-01
6.101000000000000000e+03 2.531951000000000063e-01
6.102000000000000000e+03 2.531558999999999893e-01
6.103000000000000000e+03 2.532047000000000048e-01
6.104000000000000000e+03 2.532535000000000203e-01
6.105000000000000000e+03 2.533021999999999774e-01
6.106000000000000000e+03 2.533509999999999929e-01
6.107000000000000000e+03 2.533998000000000084e-01
6.108000000000000000e+03 2.534486000000000239e-01
6.109000000000000000e+03 2.534973999999999839e-01
6.110000000000000000e+03 2.535463000000000022e-01
6.111000000000000000e+03 2.535951000000000177e-01
6.112000000000000000e+03 2.536925999999999903e-01
6.113000000000000000e+03 2.538993999999999973e-01
6.114000000000000000e+03 2.541062000000000043e-01
6.115000000000000000e+03 2.543131000000000141e-01
6.116000000000000000e+03 2.545199000000000211e-01
6.117000000000000000e+03 2.547267999999999755e-01
6.118000000000000000e+03 2.549336999999999853e-01
6.119000000000000000e+03 2.551404999999999923e-01
6.120000000000000000e+03 2.553476000000000079e-01
6.121000000000000000e+03 2.555546000000000206e-01
6.122000000000000000e+03 2.557689000000000212e-01
6.123000000000000000e+03 2.559995999999999938e-01
6.124000000000000000e+03 2.562304000000000248e-01
6.125000000000000000e+03 2.564614000000000060e-01
6.126000000000000000e+03 2.566920999999999786e-01
6.127000000000000000e+03 2.569230000000000125e-01
6.128000000000000000e+03 2.571538999999999908e-01
6.129000000000000000e+03 2.573847000000000218e-01
6.130000000000000000e+03 2.576158000000000059e-01
6.131000000000000000e+03 2.578464999999999785e-01
6.132000000000000000e+03 2.580544000000000171e-01
6.133000000000000000e+03 2.582094999999999807e-01
6.134000000000000000e+03 2.583643999999999941e-01
6.135000000000000000e+03 2.585194000000000103e-01
6.136000000000000000e+03 2.586744999999999739e-01
6.137000000000000000e+03 2.588294999999999901e-01
6.138000000000000000e+03 2.589846000000000092e-01
6.139000000000000000e+03 2.591396000000000255e-01
6.140000000000000000e+03 2.592946999999999891e-01
6.141000000000000000e+03 2.594500000000000139e-01
6.142000000000000000e+03 2.596028000000000224e-01
6.143000000000000000e+03 2.597505999999999982e-01
6.144000000000000000e+03 2.598984999999999768e-01
6.145000000000000000e+03 2.600463000000000080e-01
6.146000000000000000e+03 2.601941999999999866e-01
6.147000000000000000e+03 2.603421000000000207e-01
6.148000000000000000e+03 2.604899999999999993e-01
6.149000000000000000e+03 2.606377999999999751e-01
6.150000000000000000e+03 2.607858000000000120e-01
6.151000000000000000e+03 2.609115000000000184e-01
6.152000000000000000e+03 2.610461000000000031e-01
6.153000000000000000e+03 2.612020999999999926e-01
6.154000000000000000e+03 2.613578999999999763e-01
6.155000000000000000e+03 2.615137000000000156e-01
6.156000000000000000e+03 2.616694999999999993e-01
6.157000000000000000e+03 2.618253999999999859e-01
6.158000000000000000e+03 2.619812000000000252e-01
6.159000000000000000e+03 2.621369000000000060e-01
6.160000000000000000e+03 2.622927999999999926e-01
6.161000000000000000e+03 2.624710000000000099e-01
6.162000000000000000e+03 2.626695000000000002e-01
6.163000000000000000e+03 2.629176999999999764e-01
6.164000000000000000e+03 2.631659000000000082e-01
6.165000000000000000e+03 2.634140999999999844e-01
6.166000000000000000e+03 2.636622000000000132e-01
6.167000000000000000e+03 2.639102999999999866e-01
6.168000000000000000e+03 2.641587000000000240e-01
6.169000000000000000e+03 2.644067999999999974e-01
6.170000000000000000e+03 2.646551999999999794e-01
6.171000000000000000e+03 2.649035000000000140e-01
6.172000000000000000e+03 2.651224999999999832e-01
6.173000000000000000e+03 2.652703000000000144e-01
6.174000000000000000e+03 2.654180999999999901e-01
6.175000000000000000e+03 2.655660000000000243e-01
6.176000000000000000e+03 2.657136999999999971e-01
6.177000000000000000e+03 2.658616999999999786e-01
6.178000000000000000e+03 2.660095000000000098e-01
6.179000000000000000e+03 2.661574999999999913e-01
6.180000000000000000e+03 2.663054999999999728e-01
6.181000000000000000e+03 2.664534000000000069e-01
6.182000000000000000e+03 2.665700999999999765e-01
6.183000000000000000e+03 2.666107999999999811e-01
6.184000000000000000e+03 2.666513999999999829e-01
6.185000000000000000e+03 2.666919999999999846e-01
6.186000000000000000e+03 2.667326999999999892e-01
6.187000000000000000e+03 2.667733999999999939e-01
6.188000000000000000e+03 2.668140999999999985e-01
6.189000000000000000e+03 2.668545999999999974e-01
6.190000000000000000e+03 2.668953000000000020e-01
6.191000000000000000e+03 2.669359000000000037e-01
6.192000000000000000e+03 2.669548999999999950e-01
6.193000000000000000e+03 2.669204000000000021e-01
6.194000000000000000e+03 2.668858000000000064e-01
6.195000000000000000e+03 2.668513000000000135e-01
6.196000000000000000e+03 2.668168000000000206e-01
6.197000000000000000e+03 2.667822000000000249e-01
6.198000000000000000e+03 2.667476999999999765e-01
6.199000000000000000e+03 2.667130999999999807e-01
6.200000000000000000e+03 2.666785999999999879e-01
6.201000000000000000e+03 2.666212000000000026e-01
6.202000000000000000e+03 2.665695000000000148e-01
6.203000000000000000e+03 2.665315999999999796e-01
6.204000000000000000e+03 2.664937000000000000e-01
6.205000000000000000e+03 2.664559000000000233e-01
6.206000000000000000e+03 2.664180999999999910e-01
6.207000000000000000e+03 2.663802000000000114e-01
6.208000000000000000e+03 2.663422999999999763e-01
6.209000000000000000e+03 2.663043999999999967e-01
6.210000000000000000e+03 2.662666000000000199e-01
6.211000000000000000e+03 2.662514000000000269e-01
6.212000000000000000e+03 2.662440999999999836e-01
6.213000000000000000e+03 2.662571000000000243e-01
6.214000000000000000e+03 2.662701000000000096e-01
6.215000000000000000e+03 2.662829999999999919e-01
6.216000000000000000e+03 2.662959999999999772e-01
6.217000000000000000e+03 2.663089000000000151e-01
6.218000000000000000e+03 2.663217999999999974e-01
6.219000000000000000e+03 2.663347999999999827e-01
6.220000000000000000e+03 2.663477000000000205e-01
6.221000000000000000e+03 2.663606000000000029e-01
6.222000000000000000e+03 2.663478000000000234e-01
6.223000000000000000e+03 2.662686000000000219e-01
6.224000000000000000e+03 2.661895000000000233e-01
6.225000000000000000e+03 2.661102000000000189e-01
6.226000000000000000e+03 2.660310000000000175e-01
6.227000000000000000e+03 2.659518000000000160e-01
6.228000000000000000e+03 2.658724000000000087e-01
6.229000000000000000e+03 2.657932000000000072e-01
6.230000000000000000e+03 2.657140000000000057e-01
6.231000000000000000e+03 2.656363999999999947e-01
6.232000000000000000e+03 2.655324000000000018e-01
6.233000000000000000e+03 2.653590000000000115e-01
6.234000000000000000e+03 2.651857000000000242e-01
6.235000000000000000e+03 2.650123999999999813e-01
6.236000000000000000e+03 2.648389999999999911e-01
6.237000000000000000e+03 2.646656000000000009e-01
6.238000000000000000e+03 2.644920000000000049e-01
6.239000000000000000e+03 2.643185000000000118e-01
6.240000000000000000e+03 2.641450000000000187e-01
6.241000000000000000e+03 2.639488999999999863e-01
6.242000000000000000e+03 2.637542999999999971e-01
6.243000000000000000e+03 2.635642000000000262e-01
6.244000000000000000e+03 2.633738999999999941e-01
6.245000000000000000e+03 2.631837000000000204e-01
6.246000000000000000e+03 2.629933999999999883e-01
6.247000000000000000e+03 2.628031000000000117e-01
6.248000000000000000e+03 2.626129999999999853e-01
6.249000000000000000e+03 2.624227000000000087e-01
6.250000000000000000e+03 2.622324999999999795e-01
6.251000000000000000e+03 2.620644999999999780e-01
6.252000000000000000e+03 2.619254999999999778e-01
6.253000000000000000e+03 2.618645000000000000e-01
6.254000000000000000e+03 2.618036999999999725e-01
6.255000000000000000e+03 2.617426999999999948e-01
6.256000000000000000e+03 2.616817000000000171e-01
6.257000000000000000e+03 2.616206999999999838e-01
6.258000000000000000e+03 2.615597000000000061e-01
6.259000000000000000e+03 2.614986999999999728e-01
6.260000000000000000e+03 2.614375999999999922e-01
6.261000000000000000e+03 2.613765000000000116e-01
6.262000000000000000e+03 2.613337000000000021e-01
6.263000000000000000e+03 2.613409999999999900e-01
6.264000000000000000e+03 2.613484999999999836e-01
6.265000000000000000e+03 2.613558000000000270e-01
6.266000000000000000e+03 2.613631000000000149e-01
6.267000000000000000e+03 2.613705000000000056e-01
6.268000000000000000e+03 2.613778999999999963e-01
6.269000000000000000e+03 2.613852999999999871e-01
6.270000000000000000e+03 2.613925999999999750e-01
6.271000000000000000e+03 2.613999000000000184e-01
6.272000000000000000e+03 2.613901000000000141e-01
6.273000000000000000e+03 2.613326999999999734e-01
6.274000000000000000e+03 2.612752999999999881e-01
6.275000000000000000e+03 2.612179000000000029e-01
6.276000000000000000e+03 2.611605000000000176e-01
6.277000000000000000e+03 2.611030999999999769e-01
6.278000000000000000e+03 2.610455999999999888e-01
6.279000000000000000e+03 2.609883000000000064e-01
6.280000000000000000e+03 2.609308000000000183e-01
6.281000000000000000e+03 2.608732000000000273e-01
6.282000000000000000e+03 2.608076999999999757e-01
6.283000000000000000e+03 2.607192999999999872e-01
6.284000000000000000e+03 2.606310000000000016e-01
6.285000000000000000e+03 2.605427000000000159e-01
6.286000000000000000e+03 2.604543999999999748e-01
6.287000000000000000e+03 2.603659999999999863e-01
6.288000000000000000e+03 2.602777000000000007e-01
6.289000000000000000e+03 2.601893000000000122e-01
6.290000000000000000e+03 2.601009000000000237e-01
6.291000000000000000e+03 2.599902000000000046e-01
6.292000000000000000e+03 2.598827000000000220e-01
6.293000000000000000e+03 2.597842000000000207e-01
6.294000000000000000e+03 2.596856000000000164e-01
6.295000000000000000e+03 2.595871000000000151e-01
6.296000000000000000e+03 2.594886000000000137e-01
6.297000000000000000e+03 2.593900000000000095e-01
6.298000000000000000e+03 2.592915000000000081e-01
6.299000000000000000e+03 2.591929000000000038e-01
6.300000000000000000e+03 2.590944000000000025e-01
6.301000000000000000e+03 2.590179000000000231e-01
6.302000000000000000e+03 2.589757999999999782e-01
6.303000000000000000e+03 2.590327000000000046e-01
6.304000000000000000e+03 2.590894999999999726e-01
6.305000000000000000e+03 2.591465000000000019e-01
6.306000000000000000e+03 2.592033000000000253e-01
6.307000000000000000e+03 2.592600999999999933e-01
6.308000000000000000e+03 2.593170000000000197e-01
6.309000000000000000e+03 2.593739999999999934e-01
6.310000000000000000e+03 2.594309000000000198e-01
6.311000000000000000e+03 2.594875999999999849e-01
6.312000000000000000e+03 2.595623000000000236e-01
6.313000000000000000e+03 2.596895000000000175e-01
6.314000000000000000e+03 2.598167000000000115e-01
6.315000000000000000e+03 2.599438000000000026e-01
6.316000000000000000e+03 2.600710999999999995e-01
6.317000000000000000e+03 2.601982999999999935e-01
6.318000000000000000e+03 2.603255999999999903e-01
6.319000000000000000e+03 2.604528999999999872e-01
6.320000000000000000e+03 2.605800999999999812e-01
6.321000000000000000e+03 2.607072999999999752e-01
6.322000000000000000e+03 2.608210999999999724e-01
6.323000000000000000e+03 2.608955000000000024e-01
6.324000000000000000e+03 2.609698999999999769e-01
6.325000000000000000e+03 2.610443000000000069e-01
6.326000000000000000e+03 2.611186999999999814e-01
6.327000000000000000e+03 2.611931000000000114e-01
6.328000000000000000e+03 2.612674999999999859e-01
6.329000000000000000e+03 2.613419000000000159e-01
6.330000000000000000e+03 2.614163999999999932e-01
6.331000000000000000e+03 2.614682999999999868e-01
6.332000000000000000e+03 2.615002000000000160e-01
6.333000000000000000e+03 2.614714000000000205e-01
6.334000000000000000e+03 2.614426000000000250e-01
6.335000000000000000e+03 2.614137999999999740e-01
6.336000000000000000e+03 2.613850999999999813e-01
6.337000000000000000e+03 2.613562999999999859e-01
6.338000000000000000e+03 2.613274999999999904e-01
6.339000000000000000e+03 2.612986999999999949e-01
6.340000000000000000e+03 2.612700000000000022e-01
6.341000000000000000e+03 2.612633999999999790e-01
6.342000000000000000e+03 2.612512000000000167e-01
6.343000000000000000e+03 2.612215999999999982e-01
6.344000000000000000e+03 2.611921999999999855e-01
6.345000000000000000e+03 2.611627000000000254e-01
6.346000000000000000e+03 2.611332000000000098e-01
6.347000000000000000e+03 2.611035999999999913e-01
6.348000000000000000e+03 2.610740999999999756e-01
6.349000000000000000e+03 2.610446000000000155e-01
6.350000000000000000e+03 2.610148999999999941e-01
6.351000000000000000e+03 2.609853999999999785e-01
6.352000000000000000e+03 2.609741999999999895e-01
6.353000000000000000e+03 2.610205999999999915e-01
6.354000000000000000e+03 2.610669999999999935e-01
6.355000000000000000e+03 2.611134999999999984e-01
6.356000000000000000e+03 2.611597999999999975e-01
6.357000000000000000e+03 2.612061999999999995e-01
6.358000000000000000e+03 2.612528000000000072e-01
6.359000000000000000e+03 2.612991000000000064e-01
6.360000000000000000e+03 2.613455000000000084e-01
6.361000000000000000e+03 2.613918000000000075e-01
6.362000000000000000e+03 2.614437000000000011e-01
6.363000000000000000e+03 2.615132000000000012e-01
6.364000000000000000e+03 2.615828000000000042e-01
6.365000000000000000e+03 2.616524000000000072e-01
6.366000000000000000e+03 2.617220000000000102e-01
6.367000000000000000e+03 2.617915000000000103e-01
6.368000000000000000e+03 2.618610000000000104e-01
6.369000000000000000e+03 2.619307000000000163e-01
6.370000000000000000e+03 2.620003000000000193e-01
6.371000000000000000e+03 2.620473999999999859e-01
6.372000000000000000e+03 2.620916999999999830e-01
6.373000000000000000e+03 2.621273000000000075e-01
6.374000000000000000e+03 2.621630999999999823e-01
6.375000000000000000e+03 2.621988000000000096e-01
6.376000000000000000e+03 2.622344999999999815e-01
6.377000000000000000e+03 2.622702000000000089e-01
6.378000000000000000e+03 2.623057999999999779e-01
6.379000000000000000e+03 2.623414000000000024e-01
6.380000000000000000e+03 2.623770999999999742e-01
6.381000000000000000e+03 2.624350999999999767e-01
6.382000000000000000e+03 2.624630000000000019e-01
6.383000000000000000e+03 2.623941000000000190e-01
6.384000000000000000e+03 2.623249999999999749e-01
6.385000000000000000e+03 2.622559999999999891e-01
6.386000000000000000e+03 2.621871000000000063e-01
6.387000000000000000e+03 2.621180000000000176e-01
6.388000000000000000e+03 2.620490999999999793e-01
6.389000000000000000e+03 2.619800999999999935e-01
6.390000000000000000e+03 2.619110000000000049e-01
6.391000000000000000e+03 2.618418000000000134e-01
6.392000000000000000e+03 2.617568000000000117e-01
6.393000000000000000e+03 2.616200000000000192e-01
6.394000000000000000e+03 2.614832999999999741e-01
6.395000000000000000e+03 2.613463999999999787e-01
6.396000000000000000e+03 2.612095999999999862e-01
6.397000000000000000e+03 2.610727999999999938e-01
6.398000000000000000e+03 2.609358999999999984e-01
6.399000000000000000e+03 2.607990000000000030e-01
6.400000000000000000e+03 2.606620000000000048e-01
6.401000000000000000e+03 2.605252000000000123e-01
6.402000000000000000e+03 2.604060999999999737e-01
6.403000000000000000e+03 2.603470999999999980e-01
6.404000000000000000e+03 2.602879000000000165e-01
6.405000000000000000e+03 2.602287999999999824e-01
6.406000000000000000e+03 2.601697000000000037e-01
6.407000000000000000e+03 2.601105000000000222e-01
6.408000000000000000e+03 2.600513999999999881e-01
6.409000000000000000e+03 2.599922000000000066e-01
6.410000000000000000e+03 2.599330000000000251e-01
6.411000000000000000e+03 2.598515000000000130e-01
6.412000000000000000e+03 2.597847999999999824e-01
6.413000000000000000e+03 2.597688000000000219e-01
6.414000000000000000e+03 2.597528000000000059e-01
6.415000000000000000e+03 2.597367999999999899e-01
6.416000000000000000e+03 2.597207999999999739e-01
6.417000000000000000e+03 2.597046000000000077e-01
6.418000000000000000e+03 2.596885999999999917e-01
6.419000000000000000e+03 2.596724999999999728e-01
6.420000000000000000e+03 2.596565000000000123e-01
6.421000000000000000e+03 2.596625000000000183e-01
6.422000000000000000e+03 2.596729999999999872e-01
6.423000000000000000e+03 2.596987000000000045e-01
6.424000000000000000e+03 2.597245000000000248e-01
6.425000000000000000e+03 2.597501999999999867e-01
6.426000000000000000e+03 2.597760000000000069e-01
6.427000000000000000e+03 2.598017000000000243e-01
6.428000000000000000e+03 2.598274999999999890e-01
6.429000000000000000e+03 2.598531000000000035e-01
6.430000000000000000e+03 2.598789000000000238e-01
6.431000000000000000e+03 2.598999000000000170e-01
6.432000000000000000e+03 2.599041000000000268e-01
6.433000000000000000e+03 2.598493000000000053e-01
6.434000000000000000e+03 2.597944999999999838e-01
6.435000000000000000e+03 2.597397000000000178e-01
6.436000000000000000e+03 2.596848999999999963e-01
6.437000000000000000e+03 2.596301999999999777e-01
6.438000000000000000e+03 2.595754000000000117e-01
6.439000000000000000e+03 2.595204999999999873e-01
6.440000000000000000e+03 2.594658000000000242e-01
6.441000000000000000e+03 2.594106999999999941e-01
6.442000000000000000e+03 2.593479000000000201e-01
6.443000000000000000e+03 2.592570000000000152e-01
6.444000000000000000e+03 2.591662000000000132e-01
6.445000000000000000e+03 2.590753000000000084e-01
6.446000000000000000e+03 2.589844000000000035e-01
6.447000000000000000e+03 2.588934999999999986e-01
6.448000000000000000e+03 2.588026999999999966e-01
6.449000000000000000e+03 2.587116999999999889e-01
6.450000000000000000e+03 2.586207999999999840e-01
6.451000000000000000e+03 2.585075000000000012e-01
6.452000000000000000e+03 2.584020000000000206e-01
6.453000000000000000e+03 2.583244000000000096e-01
6.454000000000000000e+03 2.582466999999999957e-01
6.455000000000000000e+03 2.581690999999999847e-01
6.456000000000000000e+03 2.580914999999999737e-01
6.457000000000000000e+03 2.580138000000000154e-01
6.458000000000000000e+03 2.579362000000000044e-01
6.459000000000000000e+03 2.578584999999999905e-01
6.460000000000000000e+03 2.577808999999999795e-01
6.461000000000000000e+03 2.577250999999999848e-01
6.462000000000000000e+03 2.577028000000000096e-01
6.463000000000000000e+03 2.578021999999999814e-01
6.464000000000000000e+03 2.579018000000000144e-01
6.465000000000000000e+03 2.580012999999999890e-01
6.466000000000000000e+03 2.581007000000000162e-01
6.467000000000000000e+03 2.582002999999999937e-01
6.468000000000000000e+03 2.582997000000000209e-01
6.469000000000000000e+03 2.583992999999999984e-01
6.470000000000000000e+03 2.584987999999999730e-01
6.471000000000000000e+03 2.585980999999999974e-01
6.472000000000000000e+03 2.587149999999999728e-01
6.473000000000000000e+03 2.588975000000000026e-01
6.474000000000000000e+03 2.590799999999999770e-01
6.475000000000000000e+03 2.592626000000000097e-01
6.476000000000000000e+03 2.594450999999999841e-01
6.477000000000000000e+03 2.596277000000000168e-01
6.478000000000000000e+03 2.598101999999999911e-01
6.479000000000000000e+03 2.599927000000000210e-01
6.480000000000000000e+03 2.601752999999999982e-01
6.481000000000000000e+03 2.603576000000000223e-01
6.482000000000000000e+03 2.605325000000000002e-01
6.483000000000000000e+03 2.606795000000000084e-01
6.484000000000000000e+03 2.608265000000000167e-01
6.485000000000000000e+03 2.609735999999999723e-01
6.486000000000000000e+03 2.611205999999999805e-01
6.487000000000000000e+03 2.612676999999999916e-01
6.488000000000000000e+03 2.614146999999999998e-01
6.489000000000000000e+03 2.615618000000000110e-01
6.490000000000000000e+03 2.617089000000000221e-01
6.491000000000000000e+03 2.618332999999999910e-01
6.492000000000000000e+03 2.619483000000000228e-01
6.493000000000000000e+03 2.620276000000000272e-01
6.494000000000000000e+03 2.621067999999999731e-01
6.495000000000000000e+03 2.621860999999999775e-01
6.496000000000000000e+03 2.622653999999999819e-01
6.497000000000000000e+03 2.623445999999999834e-01
6.498000000000000000e+03 2.624237999999999849e-01
6.499000000000000000e+03 2.625028999999999835e-01
6.500000000000000000e+03 2.625820999999999850e-01
6.501000000000000000e+03 2.626336000000000226e-01
6.502000000000000000e+03 2.626824999999999855e-01
6.503000000000000000e+03 2.627213999999999938e-01
6.504000000000000000e+03 2.627603000000000022e-01
6.505000000000000000e+03 2.627992000000000106e-01
6.506000000000000000e+03 2.628381000000000189e-01
6.507000000000000000e+03 2.628769000000000244e-01
6.508000000000000000e+03 2.629156999999999744e-01
6.509000000000000000e+03 2.629544999999999799e-01
6.510000000000000000e+03 2.629931999999999825e-01
6.511000000000000000e+03 2.630315999999999765e-01
6.512000000000000000e+03 2.630935999999999830e-01
6.513000000000000000e+03 2.632491000000000136e-01
6.514000000000000000e+03 2.634045999999999887e-01
6.515000000000000000e+03 2.635600000000000165e-01
6.516000000000000000e+03 2.637152999999999858e-01
6.517000000000000000e+03 2.638706000000000107e-01
6.518000000000000000e+03 2.640257999999999772e-01
6.519000000000000000e+03 2.641809999999999992e-01
6.520000000000000000e+03 2.643360000000000154e-01
6.521000000000000000e+03 2.644680999999999838e-01
6.522000000000000000e+03 2.646111999999999909e-01
6.523000000000000000e+03 2.647995000000000210e-01
6.524000000000000000e+03 2.649877999999999956e-01
6.525000000000000000e+03 2.651758000000000171e-01
6.526000000000000000e+03 2.653637999999999830e-01
6.527000000000000000e+03 2.655514999999999959e-01
6.528000000000000000e+03 2.657394000000000145e-01
6.529000000000000000e+03 2.659270000000000245e-01
6.530000000000000000e+03 2.661145999999999789e-01
6.531000000000000000e+03 2.663245000000000196e-01
6.532000000000000000e+03 2.665348000000000162e-01
6.533000000000000000e+03 2.667458999999999802e-01
6.534000000000000000e+03 2.669568999999999970e-01
6.535000000000000000e+03 2.671679000000000137e-01
6.536000000000000000e+03 2.673787000000000247e-01
6.537000000000000000e+03 2.675894999999999802e-01
6.538000000000000000e+03 2.678000999999999854e-01
6.539000000000000000e+03 2.680106999999999906e-01
6.540000000000000000e+03 2.682213999999999987e-01
6.541000000000000000e+03 2.684315999999999924e-01
6.542000000000000000e+03 2.686245999999999912e-01
6.543000000000000000e+03 2.687457999999999791e-01
6.544000000000000000e+03 2.688668000000000169e-01
6.545000000000000000e+03 2.689879000000000020e-01
6.546000000000000000e+03 2.691087999999999814e-01
6.547000000000000000e+03 2.692296000000000133e-01
6.548000000000000000e+03 2.693505999999999956e-01
6.549000000000000000e+03 2.694714000000000276e-01
6.550000000000000000e+03 2.695922000000000041e-01
6.551000000000000000e+03 2.697127000000000274e-01
6.552000000000000000e+03 2.698196999999999957e-01
6.553000000000000000e+03 2.698689000000000227e-01
6.554000000000000000e+03 2.699181999999999970e-01
6.555000000000000000e+03 2.699674000000000240e-01
6.556000000000000000e+03 2.700165999999999955e-01
6.557000000000000000e+03 2.700659000000000254e-01
6.558000000000000000e+03 2.701149999999999940e-01
6.559000000000000000e+03 2.701641000000000181e-01
6.560000000000000000e+03 2.702131999999999867e-01
6.561000000000000000e+03 2.702388000000000012e-01
6.562000000000000000e+03 2.702603000000000089e-01
6.563000000000000000e+03 2.702636999999999956e-01
6.564000000000000000e+03 2.702670999999999824e-01
6.565000000000000000e+03 2.702705000000000246e-01
6.566000000000000000e+03 2.702739000000000114e-01
6.567000000000000000e+03 2.702770999999999924e-01
6.568000000000000000e+03 2.702804999999999791e-01
6.569000000000000000e+03 2.702837000000000156e-01
6.570000000000000000e+03 2.702869999999999995e-01
6.571000000000000000e+03 2.703131999999999757e-01
6.572000000000000000e+03 2.703395000000000103e-01
6.573000000000000000e+03 2.703666000000000125e-01
6.574000000000000000e+03 2.703938000000000175e-01
6.575000000000000000e+03 2.704208000000000167e-01
6.576000000000000000e+03 2.704478000000000160e-01
6.577000000000000000e+03 2.704749000000000181e-01
6.578000000000000000e+03 2.705017000000000116e-01
6.579000000000000000e+03 2.705288000000000137e-01
6.580000000000000000e+03 2.705557000000000101e-01
6.581000000000000000e+03 2.705824000000000007e-01
6.582000000000000000e+03 2.706061000000000161e-01
6.583000000000000000e+03 2.706163999999999792e-01
6.584000000000000000e+03 2.706266999999999978e-01
6.585000000000000000e+03 2.706369000000000136e-01
6.586000000000000000e+03 2.706472999999999796e-01
6.587000000000000000e+03 2.706573999999999924e-01
6.588000000000000000e+03 2.706677000000000111e-01
6.589000000000000000e+03 2.706779999999999742e-01
6.590000000000000000e+03 2.706882999999999928e-01
6.591000000000000000e+03 2.706748999999999961e-01
6.592000000000000000e+03 2.706404000000000032e-01
6.593000000000000000e+03 2.705089999999999995e-01
6.594000000000000000e+03 2.703775999999999957e-01
6.595000000000000000e+03 2.702461999999999920e-01
6.596000000000000000e+03 2.701147999999999882e-01
6.597000000000000000e+03 2.699835999999999903e-01
6.598000000000000000e+03 2.698524999999999952e-01
6.599000000000000000e+03 2.697211999999999943e-01
6.600000000000000000e+03 2.695899999999999963e-01
6.601000000000000000e+03 2.694819999999999993e-01
6.602000000000000000e+03 2.693548000000000053e-01
6.603000000000000000e+03 2.691396999999999817e-01
6.604000000000000000e+03 2.689246000000000136e-01
6.605000000000000000e+03 2.687095999999999929e-01
6.606000000000000000e+03 2.684947999999999779e-01
6.607000000000000000e+03 2.682799000000000156e-01
6.608000000000000000e+03 2.680652000000000035e-01
6.609000000000000000e+03 2.678501999999999827e-01
6.610000000000000000e+03 2.676355999999999735e-01
6.611000000000000000e+03 2.674209000000000169e-01
6.612000000000000000e+03 2.672026000000000123e-01
6.613000000000000000e+03 2.669670000000000099e-01
6.614000000000000000e+03 2.667316000000000131e-01
6.615000000000000000e+03 2.664962000000000164e-01
6.616000000000000000e+03 2.662608000000000197e-01
6.617000000000000000e+03 2.660255000000000258e-01
6.618000000000000000e+03 2.657902999999999794e-01
6.619000000000000000e+03 2.655550999999999884e-01
6.620000000000000000e+03 2.653198999999999974e-01
6.621000000000000000e+03 2.650850000000000151e-01
6.622000000000000000e+03 2.648513000000000117e-01
6.623000000000000000e+03 2.646237000000000172e-01
6.624000000000000000e+03 2.643963999999999759e-01
6.625000000000000000e+03 2.641688999999999843e-01
6.626000000000000000e+03 2.639417000000000013e-01
6.627000000000000000e+03 2.637143000000000126e-01
6.628000000000000000e+03 2.634872999999999799e-01
6.629000000000000000e+03 2.632599999999999940e-01
6.630000000000000000e+03 2.630330000000000168e-01
6.631000000000000000e+03 2.627728999999999759e-01
6.632000000000000000e+03 2.625203999999999871e-01
6.633000000000000000e+03 2.623029000000000055e-01
6.634000000000000000e+03 2.620855000000000268e-01
6.635000000000000000e+03 2.618680999999999925e-01
6.636000000000000000e+03 2.616510000000000224e-01
6.637000000000000000e+03 2.614338999999999968e-01
6.638000000000000000e+03 2.612168000000000267e-01
6.639000000000000000e+03 2.609999000000000069e-01
6.640000000000000000e+03 2.607830999999999899e-01
6.641000000000000000e+03 2.605886000000000036e-01
6.642000000000000000e+03 2.603821000000000052e-01
6.643000000000000000e+03 2.601150999999999880e-01
6.644000000000000000e+03 2.598481000000000263e-01
6.645000000000000000e+03 2.595814000000000177e-01
6.646000000000000000e+03 2.593147000000000091e-01
6.647000000000000000e+03 2.590481000000000034e-01
6.648000000000000000e+03 2.587818000000000063e-01
6.649000000000000000e+03 2.585152000000000005e-01
6.650000000000000000e+03 2.582490000000000063e-01
6.651000000000000000e+03 2.579825000000000035e-01
6.652000000000000000e+03 2.577076999999999840e-01
6.653000000000000000e+03 2.573885000000000201e-01
6.654000000000000000e+03 2.570695000000000063e-01
6.655000000000000000e+03 2.567505999999999955e-01
6.656000000000000000e+03 2.564319999999999933e-01
6.657000000000000000e+03 2.561133999999999911e-01
6.658000000000000000e+03 2.557948999999999917e-01
6.659000000000000000e+03 2.554764999999999953e-01
6.660000000000000000e+03 2.551584000000000074e-01
6.661000000000000000e+03 2.548180999999999918e-01
6.662000000000000000e+03 2.544758999999999771e-01
6.663000000000000000e+03 2.541228999999999849e-01
6.664000000000000000e+03 2.537700999999999985e-01
6.665000000000000000e+03 2.534176000000000206e-01
6.666000000000000000e+03 2.530651999999999902e-01
6.667000000000000000e+03 2.527130000000000210e-01
6.668000000000000000e+03 2.523608999999999991e-01
6.669000000000000000e+03 2.520089999999999830e-01
6.670000000000000000e+03 2.516574999999999784e-01
6.671000000000000000e+03 2.513274999999999815e-01
6.672000000000000000e+03 2.510094999999999965e-01
6.673000000000000000e+03 2.507542999999999855e-01
6.674000000000000000e+03 2.504991999999999774e-01
6.675000000000000000e+03 2.502442000000000277e-01
6.676000000000000000e+03 2.499892999999999976e-01
6.677000000000000000e+03 2.497343999999999953e-01
6.678000000000000000e+03 2.494796999999999987e-01
6.679000000000000000e+03 2.492250000000000021e-01
6.680000000000000000e+03 2.489705999999999864e-01
6.681000000000000000e+03 2.487160999999999955e-01
6.682000000000000000e+03 2.484848000000000057e-01
6.683000000000000000e+03 2.483788000000000107e-01
6.684000000000000000e+03 2.482728999999999908e-01
6.685000000000000000e+03 2.481668999999999958e-01
6.686000000000000000e+03 2.480611000000000066e-01
6.687000000000000000e+03 2.479552999999999896e-01
6.688000000000000000e+03 2.478493999999999975e-01
6.689000000000000000e+03 2.477436000000000083e-01
6.690000000000000000e+03 2.476378999999999941e-01
6.691000000000000000e+03 2.475108000000000030e-01
6.692000000000000000e+03 2.473918999999999979e-01
6.693000000000000000e+03 2.473178000000000043e-01
6.694000000000000000e+03 2.472437000000000107e-01
6.695000000000000000e+03 2.471695999999999893e-01
6.696000000000000000e+03 2.470955999999999986e-01
6.697000000000000000e+03 2.470216000000000078e-01
6.698000000000000000e+03 2.469475999999999893e-01
6.699000000000000000e+03 2.468734999999999957e-01
6.700000000000000000e+03 2.467995000000000050e-01
6.701000000000000000e+03 2.467467000000000132e-01
6.702000000000000000e+03 2.466933000000000042e-01
6.703000000000000000e+03 2.466361999999999999e-01
6.704000000000000000e+03 2.465790999999999955e-01
6.705000000000000000e+03 2.465219999999999911e-01
6.706000000000000000e+03 2.464648000000000116e-01
6.707000000000000000e+03 2.464078000000000102e-01
6.708000000000000000e+03 2.463507000000000058e-01
6.709000000000000000e+03 2.462937000000000043e-01
6.710000000000000000e+03 2.462365999999999999e-01
6.711000000000000000e+03 2.461794999999999956e-01
6.712000000000000000e+03 2.461197999999999997e-01
6.713000000000000000e+03 2.460449000000000108e-01
6.714000000000000000e+03 2.459700999999999971e-01
6.715000000000000000e+03 2.458953000000000111e-01
6.716000000000000000e+03 2.458204999999999973e-01
6.717000000000000000e+03 2.457457000000000114e-01
6.718000000000000000e+03 2.456710000000000005e-01
6.719000000000000000e+03 2.455961000000000116e-01
6.720000000000000000e+03 2.455215000000000036e-01
6.721000000000000000e+03 2.454253999999999880e-01
6.722000000000000000e+03 2.453336999999999879e-01
6.723000000000000000e+03 2.452667000000000042e-01
6.724000000000000000e+03 2.451995999999999898e-01
6.725000000000000000e+03 2.451327000000000089e-01
6.726000000000000000e+03 2.450655999999999946e-01
6.727000000000000000e+03 2.449987000000000137e-01
6.728000000000000000e+03 2.449317000000000022e-01
6.729000000000000000e+03 2.448646999999999907e-01
6.730000000000000000e+03 2.447979000000000127e-01
6.731000000000000000e+03 2.447518999999999945e-01
6.732000000000000000e+03 2.447178999999999882e-01
6.733000000000000000e+03 2.447558999999999985e-01
6.734000000000000000e+03 2.447938000000000058e-01
6.735000000000000000e+03 2.448317999999999883e-01
6.736000000000000000e+03 2.448697999999999986e-01
6.737000000000000000e+03 2.449077000000000059e-01
6.738000000000000000e+03 2.449456000000000133e-01
6.739000000000000000e+03 2.449832999999999872e-01
6.740000000000000000e+03 2.450211999999999946e-01
6.741000000000000000e+03 2.450587999999999933e-01
6.742000000000000000e+03 2.451149999999999995e-01
6.743000000000000000e+03 2.452861000000000069e-01
6.744000000000000000e+03 2.454569000000000056e-01
6.745000000000000000e+03 2.456277000000000044e-01
6.746000000000000000e+03 2.457985000000000031e-01
6.747000000000000000e+03 2.459689999999999932e-01
6.748000000000000000e+03 2.461395000000000111e-01
6.749000000000000000e+03 2.463098999999999983e-01
6.750000000000000000e+03 2.464802000000000104e-01
6.751000000000000000e+03 2.466289999999999871e-01
6.752000000000000000e+03 2.467796999999999907e-01
6.753000000000000000e+03 2.469426000000000121e-01
6.754000000000000000e+03 2.471054000000000028e-01
6.755000000000000000e+03 2.472680999999999907e-01
6.756000000000000000e+03 2.474306000000000005e-01
6.757000000000000000e+03 2.475930000000000075e-01
6.758000000000000000e+03 2.477553999999999867e-01
6.759000000000000000e+03 2.479174000000000100e-01
6.760000000000000000e+03 2.480794000000000055e-01
6.761000000000000000e+03 2.482627000000000028e-01
6.762000000000000000e+03 2.484406000000000114e-01
6.763000000000000000e+03 2.485845999999999889e-01
6.764000000000000000e+03 2.487284999999999913e-01
6.765000000000000000e+03 2.488722999999999907e-01
6.766000000000000000e+03 2.490160999999999902e-01
6.767000000000000000e+03 2.491596000000000088e-01
6.768000000000000000e+03 2.493033000000000055e-01
6.769000000000000000e+03 2.494466999999999934e-01
6.770000000000000000e+03 2.495901000000000092e-01
6.771000000000000000e+03 2.497332999999999914e-01
6.772000000000000000e+03 2.498668000000000000e-01
6.773000000000000000e+03 2.499360999999999944e-01
6.774000000000000000e+03 2.500052999999999859e-01
6.775000000000000000e+03 2.500744999999999774e-01
6.776000000000000000e+03 2.501437000000000244e-01
6.777000000000000000e+03 2.502128000000000130e-01
6.778000000000000000e+03 2.502819000000000016e-01
6.779000000000000000e+03 2.503509999999999902e-01
6.780000000000000000e+03 2.504198999999999731e-01
6.781000000000000000e+03 2.504670999999999981e-01
6.782000000000000000e+03 2.505063000000000151e-01
6.783000000000000000e+03 2.504923000000000011e-01
6.784000000000000000e+03 2.504782999999999871e-01
6.785000000000000000e+03 2.504642999999999731e-01
6.786000000000000000e+03 2.504503000000000146e-01
6.787000000000000000e+03 2.504360999999999948e-01
6.788000000000000000e+03 2.504220999999999808e-01
6.789000000000000000e+03 2.504079000000000166e-01
6.790000000000000000e+03 2.503937999999999997e-01
6.791000000000000000e+03 2.504011999999999905e-01
6.792000000000000000e+03 2.504099000000000186e-01
6.793000000000000000e+03 2.504277999999999782e-01
6.794000000000000000e+03 2.504456999999999933e-01
6.795000000000000000e+03 2.504636000000000084e-01
6.796000000000000000e+03 2.504814000000000207e-01
6.797000000000000000e+03 2.504991999999999774e-01
6.798000000000000000e+03 2.505170999999999926e-01
6.799000000000000000e+03 2.505349000000000048e-01
6.800000000000000000e+03 2.505527000000000171e-01
6.801000000000000000e+03 2.505704000000000264e-01
6.802000000000000000e+03 2.505850000000000022e-01
6.803000000000000000e+03 2.505776000000000114e-01
6.804000000000000000e+03 2.505701000000000178e-01
6.805000000000000000e+03 2.505627000000000271e-01
6.806000000000000000e+03 2.505551999999999779e-01
6.807000000000000000e+03 2.505477999999999872e-01
6.808000000000000000e+03 2.505402999999999936e-01
6.809000000000000000e+03 2.505326999999999971e-01
6.810000000000000000e+03 2.505251000000000006e-01
6.811000000000000000e+03 2.504959999999999964e-01
6.812000000000000000e+03 2.504601000000000188e-01
6.813000000000000000e+03 2.503760999999999903e-01
6.814000000000000000e+03 2.502920000000000145e-01
6.815000000000000000e+03 2.502079999999999860e-01
6.816000000000000000e+03 2.501239000000000101e-01
6.817000000000000000e+03 2.500398999999999816e-01
6.818000000000000000e+03 2.499558000000000058e-01
6.819000000000000000e+03 2.498718000000000050e-01
6.820000000000000000e+03 2.497879000000000072e-01
6.821000000000000000e+03 2.497254999999999892e-01
6.822000000000000000e+03 2.496503999999999945e-01
6.823000000000000000e+03 2.494795999999999958e-01
6.824000000000000000e+03 2.493090000000000028e-01
6.825000000000000000e+03 2.491383000000000070e-01
6.826000000000000000e+03 2.489676999999999862e-01
6.827000000000000000e+03 2.487970999999999933e-01
6.828000000000000000e+03 2.486267000000000060e-01
6.829000000000000000e+03 2.484561999999999882e-01
6.830000000000000000e+03 2.482858000000000009e-01
6.831000000000000000e+03 2.481212999999999891e-01
6.832000000000000000e+03 2.479446999999999901e-01
6.833000000000000000e+03 2.476756999999999986e-01
6.834000000000000000e+03 2.474067000000000072e-01
6.835000000000000000e+03 2.471378999999999937e-01
6.836000000000000000e+03 2.468692000000000109e-01
6.837000000000000000e+03 2.466006000000000031e-01
6.838000000000000000e+03 2.463319999999999954e-01
6.839000000000000000e+03 2.460634999999999906e-01
6.840000000000000000e+03 2.457951999999999915e-01
6.841000000000000000e+03 2.455056999999999934e-01
6.842000000000000000e+03 2.452149000000000134e-01
6.843000000000000000e+03 2.449126000000000081e-01
6.844000000000000000e+03 2.446104000000000056e-01
6.845000000000000000e+03 2.443084000000000089e-01
6.846000000000000000e+03 2.440064999999999873e-01
6.847000000000000000e+03 2.437047999999999992e-01
6.848000000000000000e+03 2.434031999999999862e-01
6.849000000000000000e+03 2.431018000000000068e-01
6.850000000000000000e+03 2.428005000000000024e-01
6.851000000000000000e+03 2.425205000000000000e-01
6.852000000000000000e+03 2.422430000000000139e-01
6.853000000000000000e+03 2.419861000000000095e-01
6.854000000000000000e+03 2.417292000000000052e-01
6.855000000000000000e+03 2.414725000000000066e-01
6.856000000000000000e+03 2.412158000000000080e-01
6.857000000000000000e+03 2.409592999999999874e-01
6.858000000000000000e+03 2.407028999999999974e-01
6.859000000000000000e+03 2.404464000000000046e-01
6.860000000000000000e+03 2.401902999999999955e-01
6.861000000000000000e+03 2.399132999999999960e-01
6.862000000000000000e+03 2.396419999999999939e-01
6.863000000000000000e+03 2.394170999999999938e-01
6.864000000000000000e+03 2.391922999999999966e-01
6.865000000000000000e+03 2.389677000000000051e-01
6.866000000000000000e+03 2.387431999999999888e-01
6.867000000000000000e+03 2.385187000000000002e-01
6.868000000000000000e+03 2.382943999999999896e-01
6.869000000000000000e+03 2.380702000000000096e-01
6.870000000000000000e+03 2.378458999999999990e-01
6.871000000000000000e+03 2.376426000000000094e-01
6.872000000000000000e+03 2.374384999999999968e-01
6.873000000000000000e+03 2.372290999999999983e-01
6.874000000000000000e+03 2.370198000000000027e-01
6.875000000000000000e+03 2.368104000000000042e-01
6.876000000000000000e+03 2.366012000000000115e-01
6.877000000000000000e+03 2.363919999999999910e-01
6.878000000000000000e+03 2.361830000000000040e-01
6.879000000000000000e+03 2.359738999999999864e-01
6.880000000000000000e+03 2.357650000000000023e-01
6.881000000000000000e+03 2.355559999999999876e-01
6.882000000000000000e+03 2.353457999999999939e-01
6.883000000000000000e+03 2.351232000000000044e-01
6.884000000000000000e+03 2.349005999999999872e-01
6.885000000000000000e+03 2.346782000000000035e-01
6.886000000000000000e+03 2.344557999999999920e-01
6.887000000000000000e+03 2.342335000000000111e-01
6.888000000000000000e+03 2.340112000000000025e-01
6.889000000000000000e+03 2.337889999999999968e-01
6.890000000000000000e+03 2.335668999999999940e-01
6.891000000000000000e+03 2.333247999999999989e-01
6.892000000000000000e+03 2.330838000000000076e-01
6.893000000000000000e+03 2.328523000000000120e-01
6.894000000000000000e+03 2.326209999999999944e-01
6.895000000000000000e+03 2.323897000000000046e-01
6.896000000000000000e+03 2.321586999999999956e-01
6.897000000000000000e+03 2.319276999999999866e-01
6.898000000000000000e+03 2.316969000000000112e-01
6.899000000000000000e+03 2.314659000000000022e-01
6.900000000000000000e+03 2.312353000000000047e-01
6.901000000000000000e+03 2.310249000000000053e-01
6.902000000000000000e+03 2.308180999999999983e-01
6.903000000000000000e+03 2.306452999999999975e-01
6.904000000000000000e+03 2.304724999999999968e-01
6.905000000000000000e+03 2.302999000000000018e-01
6.906000000000000000e+03 2.301271000000000011e-01
6.907000000000000000e+03 2.299546000000000090e-01
6.908000000000000000e+03 2.297819999999999863e-01
6.909000000000000000e+03 2.296094999999999942e-01
6.910000000000000000e+03 2.294371000000000049e-01
6.911000000000000000e+03 2.292647999999999908e-01
6.912000000000000000e+03 2.291033000000000097e-01
6.913000000000000000e+03 2.290454000000000101e-01
6.914000000000000000e+03 2.289875000000000105e-01
6.915000000000000000e+03 2.289296000000000109e-01
6.916000000000000000e+03 2.288717999999999864e-01
6.917000000000000000e+03 2.288138999999999867e-01
6.918000000000000000e+03 2.287560999999999900e-01
6.919000000000000000e+03 2.286981999999999904e-01
6.920000000000000000e+03 2.286403999999999936e-01
6.921000000000000000e+03 2.285629000000000133e-01
6.922000000000000000e+03 2.284921000000000035e-01
6.923000000000000000e+03 2.284896999999999900e-01
6.924000000000000000e+03 2.284872000000000014e-01
6.925000000000000000e+03 2.284847000000000128e-01
6.926000000000000000e+03 2.284820999999999935e-01
6.927000000000000000e+03 2.284795000000000020e-01
6.928000000000000000e+03 2.284769000000000105e-01
6.929000000000000000e+03 2.284742999999999913e-01
6.930000000000000000e+03 2.284716999999999998e-01
6.931000000000000000e+03 2.284887999999999919e-01
6.932000000000000000e+03 2.285056000000000032e-01
6.933000000000000000e+03 2.285195999999999894e-01
6.934000000000000000e+03 2.285333999999999977e-01
6.935000000000000000e+03 2.285473000000000088e-01
6.936000000000000000e+03 2.285611999999999921e-01
6.937000000000000000e+03 2.285750000000000004e-01
6.938000000000000000e+03 2.285889000000000115e-01
6.939000000000000000e+03 2.286025999999999891e-01
6.940000000000000000e+03 2.286165000000000003e-01
6.941000000000000000e+03 2.286102000000000134e-01
6.942000000000000000e+03 2.285994000000000081e-01
6.943000000000000000e+03 2.285380999999999940e-01
6.944000000000000000e+03 2.284770000000000134e-01
6.945000000000000000e+03 2.284158000000000022e-01
6.946000000000000000e+03 2.283546999999999938e-01
6.947000000000000000e+03 2.282934000000000074e-01
6.948000000000000000e+03 2.282322999999999991e-01
6.949000000000000000e+03 2.281710999999999878e-01
6.950000000000000000e+03 2.281100000000000072e-01
6.951000000000000000e+03 2.280687000000000131e-01
6.952000000000000000e+03 2.280229000000000006e-01
6.953000000000000000e+03 2.279272999999999993e-01
6.954000000000000000e+03 2.278318000000000010e-01
6.955000000000000000e+03 2.277363000000000026e-01
6.956000000000000000e+03 2.276409000000000071e-01
6.957000000000000000e+03 2.275455000000000116e-01
6.958000000000000000e+03 2.274500000000000133e-01
6.959000000000000000e+03 2.273545999999999900e-01
6.960000000000000000e+03 2.272592999999999974e-01
6.961000000000000000e+03 2.271640000000000048e-01
6.962000000000000000e+03 2.270686000000000093e-01
6.963000000000000000e+03 2.269692000000000098e-01
6.964000000000000000e+03 2.268699000000000132e-01
6.965000000000000000e+03 2.267705999999999888e-01
6.966000000000000000e+03 2.266713999999999951e-01
6.967000000000000000e+03 2.265720999999999985e-01
6.968000000000000000e+03 2.264729000000000048e-01
6.969000000000000000e+03 2.263736000000000081e-01
6.970000000000000000e+03 2.262743999999999867e-01
6.971000000000000000e+03 2.261557999999999902e-01
6.972000000000000000e+03 2.260421999999999987e-01
6.973000000000000000e+03 2.259867000000000126e-01
6.974000000000000000e+03 2.259311999999999987e-01
6.975000000000000000e+03 2.258757999999999877e-01
6.976000000000000000e+03 2.258205000000000073e-01
6.977000000000000000e+03 2.257649999999999935e-01
6.978000000000000000e+03 2.257097000000000131e-01
6.979000000000000000e+03 2.256543000000000021e-01
6.980000000000000000e+03 2.255988999999999911e-01
6.981000000000000000e+03 2.255631999999999915e-01
6.982000000000000000e+03 2.255379999999999885e-01
6.983000000000000000e+03 2.256437000000000026e-01
6.984000000000000000e+03 2.257492000000000110e-01
6.985000000000000000e+03 2.258547999999999945e-01
6.986000000000000000e+03 2.259601999999999999e-01
6.987000000000000000e+03 2.260656000000000054e-01
6.988000000000000000e+03 2.261710000000000109e-01
6.989000000000000000e+03 2.262762000000000107e-01
6.990000000000000000e+03 2.263815000000000133e-01
6.991000000000000000e+03 2.264867000000000130e-01
6.992000000000000000e+03 2.266025999999999874e-01
6.993000000000000000e+03 2.268570000000000031e-01
6.994000000000000000e+03 2.271112999999999882e-01
6.995000000000000000e+03 2.273654999999999982e-01
6.996000000000000000e+03 2.276195000000000024e-01
6.997000000000000000e+03 2.278733000000000009e-01
6.998000000000000000e+03 2.281275000000000108e-01
6.999000000000000000e+03 2.283811000000000035e-01
7.000000000000000000e+03 2.286346999999999963e-01
7.001000000000000000e+03 2.288555999999999924e-01
7.002000000000000000e+03 2.290833999999999926e-01
7.003000000000000000e+03 2.294061000000000017e-01
7.004000000000000000e+03 2.297286000000000050e-01
7.005000000000000000e+03 2.300507999999999997e-01
7.006000000000000000e+03 2.303725000000000078e-01
7.007000000000000000e+03 2.306943999999999939e-01
7.008000000000000000e+03 2.310155999999999876e-01
7.009000000000000000e+03 2.313369000000000120e-01
7.010000000000000000e+03 2.316577999999999971e-01
7.011000000000000000e+03 2.319987000000000021e-01
7.012000000000000000e+03 2.323327000000000031e-01
7.013000000000000000e+03 2.325749000000000011e-01
7.014000000000000000e+03 2.328166000000000124e-01
7.015000000000000000e+03 2.330583999999999989e-01
7.016000000000000000e+03 2.333000000000000074e-01
7.017000000000000000e+03 2.335413000000000072e-01
7.018000000000000000e+03 2.337826000000000071e-01
7.019000000000000000e+03 2.340237000000000012e-01
7.020000000000000000e+03 2.342646999999999924e-01
7.021000000000000000e+03 2.344853000000000076e-01
7.022000000000000000e+03 2.346670999999999896e-01
7.023000000000000000e+03 2.342843000000000009e-01
7.024000000000000000e+03 2.339018999999999959e-01
7.025000000000000000e+03 2.335195999999999938e-01
7.026000000000000000e+03 2.331376000000000004e-01
7.027000000000000000e+03 2.327558000000000127e-01
7.028000000000000000e+03 2.323744000000000087e-01
7.029000000000000000e+03 2.319927999999999990e-01
7.030000000000000000e+03 2.316117000000000037e-01
7.031000000000000000e+03 2.312429000000000012e-01
7.032000000000000000e+03 2.307944000000000107e-01
7.033000000000000000e+03 2.291278999999999955e-01
7.034000000000000000e+03 2.274623000000000062e-01
7.035000000000000000e+03 2.257976999999999901e-01
7.036000000000000000e+03 2.241342000000000056e-01
7.037000000000000000e+03 2.224714999999999887e-01
7.038000000000000000e+03 2.208099000000000034e-01
7.039000000000000000e+03 2.191483999999999932e-01
7.040000000000000000e+03 2.174895000000000023e-01
7.041000000000000000e+03 2.158307999999999893e-01
7.042000000000000000e+03 2.140672999999999881e-01
7.043000000000000000e+03 2.106058000000000097e-01
7.044000000000000000e+03 2.071465000000000112e-01
7.045000000000000000e+03 2.036891999999999869e-01
7.046000000000000000e+03 2.002338999999999924e-01
7.047000000000000000e+03 1.967807000000000028e-01
7.048000000000000000e+03 1.933295999999999903e-01
7.049000000000000000e+03 1.898804000000000047e-01
7.050000000000000000e+03 1.864317000000000057e-01
7.051000000000000000e+03 1.829724000000000073e-01
7.052000000000000000e+03 1.794378000000000084e-01
7.053000000000000000e+03 1.746235999999999899e-01
7.054000000000000000e+03 1.698130999999999946e-01
7.055000000000000000e+03 1.650062999999999946e-01
7.056000000000000000e+03 1.602031999999999901e-01
7.057000000000000000e+03 1.554038000000000086e-01
7.058000000000000000e+03 1.506080999999999948e-01
7.059000000000000000e+03 1.458136999999999905e-01
7.060000000000000000e+03 1.410277000000000058e-01
7.061000000000000000e+03 1.362526000000000015e-01
7.062000000000000000e+03 1.314877999999999880e-01
7.063000000000000000e+03 1.267720999999999987e-01
7.064000000000000000e+03 1.220592999999999956e-01
7.065000000000000000e+03 1.173494000000000065e-01
7.066000000000000000e+03 1.126421999999999979e-01
7.067000000000000000e+03 1.079379000000000033e-01
7.068000000000000000e+03 1.032340000000000063e-01
7.069000000000000000e+03 9.853758999999999435e-02
7.070000000000000000e+03 9.383938000000000001e-02
7.071000000000000000e+03 8.914083000000000423e-02
7.072000000000000000e+03 8.450802000000000314e-02
7.073000000000000000e+03 8.108171999999999602e-02
7.074000000000000000e+03 7.765808999999999906e-02
7.075000000000000000e+03 7.423709000000000557e-02
7.076000000000000000e+03 7.082038999999999696e-02
7.077000000000000000e+03 6.740300999999999931e-02
7.078000000000000000e+03 6.398992000000000568e-02
7.079000000000000000e+03 6.057781000000000277e-02
7.080000000000000000e+03 5.717164999999999747e-02
7.081000000000000000e+03 5.377115999999999840e-02
7.082000000000000000e+03 5.043389999999999679e-02
7.083000000000000000e+03 4.831565000000000165e-02
7.084000000000000000e+03 4.619863999999999915e-02
7.085000000000000000e+03 4.408394999999999675e-02
7.086000000000000000e+03 4.196847000000000077e-02
7.087000000000000000e+03 3.985632000000000064e-02
7.088000000000000000e+03 3.774335000000000190e-02
7.089000000000000000e+03 3.563270000000000326e-02
7.090000000000000000e+03 3.352331000000000061e-02
7.091000000000000000e+03 3.141245000000000148e-02
7.092000000000000000e+03 2.934132999999999880e-02
7.093000000000000000e+03 2.807240000000000082e-02
7.094000000000000000e+03 2.680445000000000050e-02
7.095000000000000000e+03 2.553748000000000129e-02
7.096000000000000000e+03 2.427210999999999952e-02
7.097000000000000000e+03 2.300647000000000109e-02
7.098000000000000000e+03 2.174243999999999830e-02
7.099000000000000000e+03 2.047935999999999854e-02
7.100000000000000000e+03 1.921729000000000145e-02
7.101000000000000000e+03 1.795775000000000149e-02
7.102000000000000000e+03 1.672266999999999851e-02
7.103000000000000000e+03 1.602235999999999938e-02
7.104000000000000000e+03 1.532246999999999949e-02
7.105000000000000000e+03 1.462301000000000052e-02
7.106000000000000000e+03 1.392396000000000085e-02
7.107000000000000000e+03 1.322567000000000013e-02
7.108000000000000000e+03 1.252711999999999923e-02
7.109000000000000000e+03 1.182933000000000075e-02
7.110000000000000000e+03 1.113194999999999983e-02
7.111000000000000000e+03 1.043499999999999983e-02
7.112000000000000000e+03 9.750916999999999571e-03
7.113000000000000000e+03 9.365721999999999936e-03
7.114000000000000000e+03 8.980754000000000514e-03
7.115000000000000000e+03 8.596016999999999200e-03
7.116000000000000000e+03 8.211510999999999463e-03
7.117000000000000000e+03 7.827234000000000622e-03
7.118000000000000000e+03 7.443003000000000119e-03
7.119000000000000000e+03 7.059372999999999863e-03
7.120000000000000000e+03 6.675788000000000208e-03
7.121000000000000000e+03 6.291882999999999851e-03
7.122000000000000000e+03 5.914054000000000186e-03
7.123000000000000000e+03 5.686497000000000426e-03
7.124000000000000000e+03 5.459109999999999657e-03
7.125000000000000000e+03 5.231903000000000421e-03
7.126000000000000000e+03 5.004869999999999805e-03
7.127000000000000000e+03 4.778011000000000411e-03
7.128000000000000000e+03 4.551328000000000318e-03
7.129000000000000000e+03 4.324709999999999839e-03
7.130000000000000000e+03 4.098486000000000143e-03
7.131000000000000000e+03 3.872669000000000025e-03
7.132000000000000000e+03 3.650070000000000051e-03
7.133000000000000000e+03 3.513444000000000116e-03
7.134000000000000000e+03 3.376899999999999954e-03
7.135000000000000000e+03 3.240437000000000092e-03
7.136000000000000000e+03 3.104056999999999910e-03
7.137000000000000000e+03 2.967758999999999935e-03
7.138000000000000000e+03 2.831477000000000212e-03
7.139000000000000000e+03 2.695406000000000017e-03
7.140000000000000000e+03 2.559286999999999934e-03
7.141000000000000000e+03 2.423170000000000098e-03
7.142000000000000000e+03 2.288801999999999937e-03
7.143000000000000000e+03 2.206679000000000019e-03
7.144000000000000000e+03 2.124619999999999807e-03
7.145000000000000000e+03 2.042625000000000170e-03
7.146000000000000000e+03 1.960730999999999846e-03
7.147000000000000000e+03 1.878822999999999951e-03
7.148000000000000000e+03 1.797016000000000021e-03
7.149000000000000000e+03 1.715233000000000035e-03
7.150000000000000000e+03 1.633593000000000024e-03
7.151000000000000000e+03 1.552072999999999951e-03
7.152000000000000000e+03 1.471592000000000082e-03
7.153000000000000000e+03 1.421282999999999965e-03
7.154000000000000000e+03 1.371005000000000010e-03
7.155000000000000000e+03 1.320757000000000094e-03
7.156000000000000000e+03 1.270538000000000093e-03
7.157000000000000000e+03 1.220373999999999981e-03
7.158000000000000000e+03 1.170166999999999952e-03
7.159000000000000000e+03 1.120062999999999918e-03
7.160000000000000000e+03 1.069964999999999979e-03
7.161000000000000000e+03 1.019808000000000086e-03
7.162000000000000000e+03 9.701752999999999809e-04
7.163000000000000000e+03 9.390905000000000172e-04
7.164000000000000000e+03 9.080301999999999514e-04
7.165000000000000000e+03 8.769634999999999800e-04
7.166000000000000000e+03 8.459357000000000465e-04
7.167000000000000000e+03 8.149315000000000291e-04
7.168000000000000000e+03 7.839515000000000242e-04
7.169000000000000000e+03 7.529808000000000464e-04
7.170000000000000000e+03 7.220635999999999895e-04
7.171000000000000000e+03 6.912158999999999968e-04
7.172000000000000000e+03 6.606001000000000451e-04
7.173000000000000000e+03 6.387053000000000392e-04
7.174000000000000000e+03 6.168238000000000150e-04
7.175000000000000000e+03 5.949659000000000154e-04
7.176000000000000000e+03 5.730999999999999983e-04
7.177000000000000000e+03 5.512683000000000427e-04
7.178000000000000000e+03 5.294285999999999610e-04
7.179000000000000000e+03 5.076123999999999784e-04
7.180000000000000000e+03 4.857988000000000150e-04
7.181000000000000000e+03 4.640194999999999845e-04
7.182000000000000000e+03 4.424287999999999745e-04
7.183000000000000000e+03 4.295284000000000125e-04
7.184000000000000000e+03 4.166355999999999857e-04
7.185000000000000000e+03 4.037506999999999967e-04
7.186000000000000000e+03 3.908798000000000112e-04
7.187000000000000000e+03 3.780036999999999872e-04
7.188000000000000000e+03 3.651419000000000149e-04
7.189000000000000000e+03 3.522876999999999779e-04
7.190000000000000000e+03 3.394412999999999988e-04
7.191000000000000000e+03 3.265737999999999801e-04
7.192000000000000000e+03 3.137797000000000004e-04
7.193000000000000000e+03 3.044313000000000206e-04
7.194000000000000000e+03 2.950901000000000023e-04
7.195000000000000000e+03 2.857560999999999999e-04
7.196000000000000000e+03 2.764291999999999791e-04
