3.913000000000000000e+03 2.552004999999999768e-04
3.914000000000000000e+03 2.805435000000000220e-04
3.915000000000000000e+03 3.059175000000000132e-04
3.916000000000000000e+03 3.313038000000000246e-04
3.917000000000000000e+03 3.567210000000000021e-04
3.918000000000000000e+03 3.821628999999999998e-04
3.919000000000000000e+03 4.076295999999999978e-04
3.920000000000000000e+03 4.331210000000000160e-04
3.921000000000000000e+03 4.586368999999999863e-04
3.922000000000000000e+03 5.130147000000000266e-04
3.923000000000000000e+03 5.710150999999999465e-04
3.924000000000000000e+03 6.290719000000000172e-04
3.925000000000000000e+03 6.871848999999999536e-04
3.926000000000000000e+03 7.453686000000000382e-04
3.927000000000000000e+03 8.035800000000000278e-04
3.928000000000000000e+03 8.618620000000000230e-04
3.929000000000000000e+03 9.202006000000000204e-04
3.930000000000000000e+03 9.785951999999999238e-04
3.931000000000000000e+03 1.037135000000000010e-03
3.932000000000000000e+03 1.159740000000000033e-03
3.933000000000000000e+03 1.290626000000000013e-03
3.934000000000000000e+03 1.421659999999999938e-03
3.935000000000000000e+03 1.552842999999999932e-03
3.936000000000000000e+03 1.684175999999999902e-03
3.937000000000000000e+03 1.815657000000000035e-03
3.938000000000000000e+03 1.947287000000000020e-03
3.939000000000000000e+03 2.079034000000000004e-03
3.940000000000000000e+03 2.210993999999999980e-03
3.941000000000000000e+03 2.342867000000000213e-03
3.942000000000000000e+03 2.607036000000000076e-03
3.943000000000000000e+03 2.888721999999999818e-03
3.944000000000000000e+03 3.170676999999999784e-03
3.945000000000000000e+03 3.452904000000000129e-03
3.946000000000000000e+03 3.735401000000000173e-03
3.947000000000000000e+03 4.018166999999999572e-03
3.948000000000000000e+03 4.301201999999999630e-03
3.949000000000000000e+03 4.584439000000000049e-03
3.950000000000000000e+03 4.868085000000000294e-03
3.951000000000000000e+03 5.151923999999999566e-03
3.952000000000000000e+03 5.687084000000000236e-03
3.953000000000000000e+03 6.256330000000000051e-03
3.954000000000000000e+03 6.826121000000000098e-03
3.955000000000000000e+03 7.396451000000000067e-03
3.956000000000000000e+03 7.967323000000000113e-03
3.957000000000000000e+03 8.538735999999999896e-03
3.958000000000000000e+03 9.110689999999999414e-03
3.959000000000000000e+03 9.683185999999999877e-03
3.960000000000000000e+03 1.025637000000000076e-02
3.961000000000000000e+03 1.083073000000000022e-02
3.962000000000000000e+03 1.182041999999999989e-02
3.963000000000000000e+03 1.286810000000000037e-02
3.964000000000000000e+03 1.391696000000000079e-02
3.965000000000000000e+03 1.496696999999999958e-02
3.966000000000000000e+03 1.601817000000000171e-02
3.967000000000000000e+03 1.707053000000000043e-02
3.968000000000000000e+03 1.812404999999999919e-02
3.969000000000000000e+03 1.917875000000000135e-02
3.970000000000000000e+03 2.023462999999999998e-02
3.971000000000000000e+03 2.128980000000000108e-02
3.972000000000000000e+03 2.287948000000000065e-02
3.973000000000000000e+03 2.454570000000000016e-02
3.974000000000000000e+03 2.621348000000000081e-02
3.975000000000000000e+03 2.788283000000000081e-02
3.976000000000000000e+03 2.955373999999999848e-02
3.977000000000000000e+03 3.122619000000000089e-02
3.978000000000000000e+03 3.290022000000000085e-02
3.979000000000000000e+03 3.457580999999999849e-02
3.980000000000000000e+03 3.625294999999999906e-02
3.981000000000000000e+03 3.793160999999999755e-02
3.982000000000000000e+03 3.999476999999999893e-02
3.983000000000000000e+03 4.211444000000000298e-02
3.984000000000000000e+03 4.423711000000000310e-02
3.985000000000000000e+03 4.636119999999999824e-02
3.986000000000000000e+03 4.848728000000000066e-02
3.987000000000000000e+03 5.061534000000000172e-02
3.988000000000000000e+03 5.274535000000000334e-02
3.989000000000000000e+03 5.487733999999999668e-02
3.990000000000000000e+03 5.701127999999999751e-02
3.991000000000000000e+03 5.915220999999999674e-02
3.992000000000000000e+03 6.143922000000000272e-02
3.993000000000000000e+03 6.374991000000000685e-02
3.994000000000000000e+03 6.606254999999999766e-02
3.995000000000000000e+03 6.837883999999999629e-02
3.996000000000000000e+03 7.069707999999999548e-02
3.997000000000000000e+03 7.301781000000000243e-02
3.998000000000000000e+03 7.534108000000000471e-02
3.999000000000000000e+03 7.766683000000000614e-02
4.000000000000000000e+03 7.999512999999999763e-02
4.001000000000000000e+03 8.228965000000000585e-02
4.002000000000000000e+03 8.454459000000000279e-02
4.003000000000000000e+03 8.679396999999999807e-02
4.004000000000000000e+03 8.904384999999999384e-02
4.005000000000000000e+03 9.129473999999999922e-02
4.006000000000000000e+03 9.354503000000000124e-02
4.007000000000000000e+03 9.579637000000000568e-02
4.008000000000000000e+03 9.804817999999999867e-02
4.009000000000000000e+03 1.003005000000000008e-01
4.010000000000000000e+03 1.025531999999999971e-01
4.011000000000000000e+03 1.048063000000000050e-01
4.012000000000000000e+03 1.067614999999999953e-01
4.013000000000000000e+03 1.086711000000000066e-01
4.014000000000000000e+03 1.105811000000000016e-01
4.015000000000000000e+03 1.124914999999999943e-01
4.016000000000000000e+03 1.144021999999999956e-01
4.017000000000000000e+03 1.163133999999999973e-01
4.018000000000000000e+03 1.182249999999999968e-01
4.019000000000000000e+03 1.201365999999999962e-01
4.020000000000000000e+03 1.220494000000000023e-01
4.021000000000000000e+03 1.239727000000000051e-01
4.022000000000000000e+03 1.255447000000000091e-01
4.023000000000000000e+03 1.270616999999999996e-01
4.024000000000000000e+03 1.285792000000000046e-01
4.025000000000000000e+03 1.300972999999999991e-01
4.026000000000000000e+03 1.316160000000000108e-01
4.027000000000000000e+03 1.331353000000000120e-01
4.028000000000000000e+03 1.346550999999999998e-01
4.029000000000000000e+03 1.361755000000000049e-01
4.030000000000000000e+03 1.376964999999999995e-01
4.031000000000000000e+03 1.392145999999999939e-01
4.032000000000000000e+03 1.404164999999999996e-01
4.033000000000000000e+03 1.415677999999999936e-01
4.034000000000000000e+03 1.427193999999999963e-01
4.035000000000000000e+03 1.438713000000000075e-01
4.036000000000000000e+03 1.450237000000000054e-01
4.037000000000000000e+03 1.461764000000000119e-01
4.038000000000000000e+03 1.473295000000000021e-01
4.039000000000000000e+03 1.484829000000000010e-01
4.040000000000000000e+03 1.496367999999999865e-01
4.041000000000000000e+03 1.507909000000000055e-01
4.042000000000000000e+03 1.516915000000000069e-01
4.043000000000000000e+03 1.525504000000000027e-01
4.044000000000000000e+03 1.534097000000000099e-01
4.045000000000000000e+03 1.542691999999999952e-01
4.046000000000000000e+03 1.551289999999999891e-01
4.047000000000000000e+03 1.559890999999999917e-01
4.048000000000000000e+03 1.568495000000000028e-01
4.049000000000000000e+03 1.577099999999999891e-01
4.050000000000000000e+03 1.585709999999999897e-01
4.051000000000000000e+03 1.594456999999999958e-01
4.052000000000000000e+03 1.601184999999999969e-01
4.053000000000000000e+03 1.607574999999999976e-01
4.054000000000000000e+03 1.613969000000000098e-01
4.055000000000000000e+03 1.620365000000000000e-01
4.056000000000000000e+03 1.626765000000000017e-01
4.057000000000000000e+03 1.633168000000000120e-01
4.058000000000000000e+03 1.639574000000000031e-01
4.059000000000000000e+03 1.645983000000000029e-01
4.060000000000000000e+03 1.652395999999999865e-01
4.061000000000000000e+03 1.658665000000000000e-01
4.062000000000000000e+03 1.663720999999999950e-01
4.063000000000000000e+03 1.668569000000000024e-01
4.064000000000000000e+03 1.673418999999999879e-01
4.065000000000000000e+03 1.678270000000000040e-01
4.066000000000000000e+03 1.683121999999999951e-01
4.067000000000000000e+03 1.687976999999999950e-01
4.068000000000000000e+03 1.692832999999999977e-01
4.069000000000000000e+03 1.697690000000000032e-01
4.070000000000000000e+03 1.702548999999999868e-01
4.071000000000000000e+03 1.707406999999999953e-01
4.072000000000000000e+03 1.711422999999999972e-01
4.073000000000000000e+03 1.715291999999999928e-01
4.074000000000000000e+03 1.719160000000000132e-01
4.075000000000000000e+03 1.723032999999999926e-01
4.076000000000000000e+03 1.726904999999999968e-01
4.077000000000000000e+03 1.730779000000000067e-01
4.078000000000000000e+03 1.734653999999999918e-01
4.079000000000000000e+03 1.738530000000000075e-01
4.080000000000000000e+03 1.742406999999999984e-01
4.081000000000000000e+03 1.746434000000000042e-01
4.082000000000000000e+03 1.749720999999999915e-01
4.083000000000000000e+03 1.752876999999999907e-01
4.084000000000000000e+03 1.756033999999999928e-01
4.085000000000000000e+03 1.759191999999999978e-01
4.086000000000000000e+03 1.762353999999999865e-01
4.087000000000000000e+03 1.765515000000000001e-01
4.088000000000000000e+03 1.768677999999999917e-01
4.089000000000000000e+03 1.771841999999999862e-01
4.090000000000000000e+03 1.775008999999999892e-01
4.091000000000000000e+03 1.778020999999999907e-01
4.092000000000000000e+03 1.780856000000000106e-01
4.093000000000000000e+03 1.783659999999999968e-01
4.094000000000000000e+03 1.786463000000000079e-01
4.095000000000000000e+03 1.789268999999999998e-01
4.096000000000000000e+03 1.792074999999999918e-01
4.097000000000000000e+03 1.794881000000000115e-01
4.098000000000000000e+03 1.797688000000000064e-01
4.099000000000000000e+03 1.800497000000000070e-01
4.100000000000000000e+03 1.803306000000000076e-01
4.101000000000000000e+03 1.806113000000000024e-01
4.102000000000000000e+03 1.808331999999999995e-01
4.103000000000000000e+03 1.810440000000000105e-01
4.104000000000000000e+03 1.812549999999999994e-01
4.105000000000000000e+03 1.814659000000000133e-01
4.106000000000000000e+03 1.816771000000000080e-01
4.107000000000000000e+03 1.818881999999999999e-01
4.108000000000000000e+03 1.820992999999999917e-01
4.109000000000000000e+03 1.823105999999999893e-01
4.110000000000000000e+03 1.825218000000000118e-01
4.111000000000000000e+03 1.827486000000000110e-01
4.112000000000000000e+03 1.829598000000000058e-01
4.113000000000000000e+03 1.831678999999999946e-01
4.114000000000000000e+03 1.833761999999999892e-01
4.115000000000000000e+03 1.835845000000000116e-01
4.116000000000000000e+03 1.837929000000000090e-01
4.117000000000000000e+03 1.840014000000000094e-01
4.118000000000000000e+03 1.842100000000000126e-01
4.119000000000000000e+03 1.844185999999999881e-01
4.120000000000000000e+03 1.846274999999999999e-01
4.121000000000000000e+03 1.848201999999999900e-01
4.122000000000000000e+03 1.850305999999999895e-01
4.123000000000000000e+03 1.852445000000000064e-01
4.124000000000000000e+03 1.854584999999999984e-01
4.125000000000000000e+03 1.856723999999999875e-01
4.126000000000000000e+03 1.858865000000000101e-01
4.127000000000000000e+03 1.861006000000000049e-01
4.128000000000000000e+03 1.863149000000000055e-01
4.129000000000000000e+03 1.865291000000000032e-01
4.130000000000000000e+03 1.867434000000000038e-01
4.131000000000000000e+03 1.869576000000000016e-01
4.132000000000000000e+03 1.871489000000000069e-01
4.133000000000000000e+03 1.873357999999999968e-01
4.134000000000000000e+03 1.875227999999999895e-01
4.135000000000000000e+03 1.877098000000000100e-01
4.136000000000000000e+03 1.878969000000000056e-01
4.137000000000000000e+03 1.880840000000000012e-01
4.138000000000000000e+03 1.882710999999999968e-01
4.139000000000000000e+03 1.884583999999999981e-01
4.140000000000000000e+03 1.886456999999999995e-01
4.141000000000000000e+03 1.888328999999999980e-01
4.142000000000000000e+03 1.890595999999999943e-01
4.143000000000000000e+03 1.892942999999999987e-01
4.144000000000000000e+03 1.895291000000000059e-01
4.145000000000000000e+03 1.897639000000000131e-01
4.146000000000000000e+03 1.899988999999999983e-01
4.147000000000000000e+03 1.902339000000000113e-01
4.148000000000000000e+03 1.904688999999999965e-01
4.149000000000000000e+03 1.907039000000000095e-01
4.150000000000000000e+03 1.909391000000000005e-01
4.151000000000000000e+03 1.911906999999999912e-01
4.152000000000000000e+03 1.914485999999999966e-01
4.153000000000000000e+03 1.917079999999999895e-01
4.154000000000000000e+03 1.919675000000000131e-01
4.155000000000000000e+03 1.922271000000000118e-01
4.156000000000000000e+03 1.924868000000000134e-01
4.157000000000000000e+03 1.927465999999999902e-01
4.158000000000000000e+03 1.930064999999999975e-01
4.159000000000000000e+03 1.932665000000000077e-01
4.160000000000000000e+03 1.935266999999999959e-01
4.161000000000000000e+03 1.937702000000000035e-01
4.162000000000000000e+03 1.940371999999999930e-01
4.163000000000000000e+03 1.943092999999999904e-01
4.164000000000000000e+03 1.945813000000000126e-01
4.165000000000000000e+03 1.948535999999999879e-01
4.166000000000000000e+03 1.951257999999999881e-01
4.167000000000000000e+03 1.953981999999999941e-01
4.168000000000000000e+03 1.956704999999999972e-01
4.169000000000000000e+03 1.959430000000000061e-01
4.170000000000000000e+03 1.962155999999999900e-01
4.171000000000000000e+03 1.964880999999999989e-01
4.172000000000000000e+03 1.967875000000000041e-01
4.173000000000000000e+03 1.970927000000000096e-01
4.174000000000000000e+03 1.973980999999999930e-01
4.175000000000000000e+03 1.977035000000000042e-01
4.176000000000000000e+03 1.980089999999999906e-01
4.177000000000000000e+03 1.983145000000000047e-01
4.178000000000000000e+03 1.986201999999999968e-01
4.179000000000000000e+03 1.989258999999999888e-01
4.180000000000000000e+03 1.992317000000000116e-01
4.181000000000000000e+03 1.995545999999999986e-01
4.182000000000000000e+03 1.998599000000000070e-01
4.183000000000000000e+03 2.001614999999999922e-01
4.184000000000000000e+03 2.004633000000000109e-01
4.185000000000000000e+03 2.007651000000000019e-01
4.186000000000000000e+03 2.010670999999999986e-01
4.187000000000000000e+03 2.013691999999999982e-01
4.188000000000000000e+03 2.016715000000000035e-01
4.189000000000000000e+03 2.019739000000000118e-01
4.190000000000000000e+03 2.022763999999999951e-01
4.191000000000000000e+03 2.025615000000000054e-01
4.192000000000000000e+03 2.028426000000000118e-01
4.193000000000000000e+03 2.031227999999999922e-01
4.194000000000000000e+03 2.034031000000000033e-01
4.195000000000000000e+03 2.036833999999999867e-01
4.196000000000000000e+03 2.039640000000000064e-01
4.197000000000000000e+03 2.042443999999999926e-01
4.198000000000000000e+03 2.045250999999999875e-01
4.199000000000000000e+03 2.048058000000000101e-01
4.200000000000000000e+03 2.050865000000000049e-01
4.201000000000000000e+03 2.053673000000000026e-01
4.202000000000000000e+03 2.056257999999999975e-01
4.203000000000000000e+03 2.058794999999999931e-01
4.204000000000000000e+03 2.061331999999999887e-01
4.205000000000000000e+03 2.063869999999999871e-01
4.206000000000000000e+03 2.066408999999999885e-01
4.207000000000000000e+03 2.068948999999999927e-01
4.208000000000000000e+03 2.071488999999999969e-01
4.209000000000000000e+03 2.074030000000000040e-01
4.210000000000000000e+03 2.076571000000000111e-01
4.211000000000000000e+03 2.079111999999999905e-01
4.212000000000000000e+03 2.081315999999999999e-01
4.213000000000000000e+03 2.083444000000000129e-01
4.214000000000000000e+03 2.085571999999999981e-01
4.215000000000000000e+03 2.087700999999999862e-01
4.216000000000000000e+03 2.089828999999999992e-01
4.217000000000000000e+03 2.091957999999999873e-01
4.218000000000000000e+03 2.094089000000000089e-01
4.219000000000000000e+03 2.096218999999999999e-01
4.220000000000000000e+03 2.098350999999999966e-01
4.221000000000000000e+03 2.100661000000000056e-01
4.222000000000000000e+03 2.102578999999999976e-01
4.223000000000000000e+03 2.104407000000000083e-01
4.224000000000000000e+03 2.106234999999999913e-01
4.225000000000000000e+03 2.108063000000000020e-01
4.226000000000000000e+03 2.109891999999999879e-01
4.227000000000000000e+03 2.111721000000000015e-01
4.228000000000000000e+03 2.113552999999999960e-01
4.229000000000000000e+03 2.115383000000000124e-01
4.230000000000000000e+03 2.117215000000000069e-01
4.231000000000000000e+03 2.118783999999999945e-01
4.232000000000000000e+03 2.119737999999999900e-01
4.233000000000000000e+03 2.120547000000000126e-01
4.234000000000000000e+03 2.121356000000000075e-01
4.235000000000000000e+03 2.122165000000000024e-01
4.236000000000000000e+03 2.122973999999999972e-01
4.237000000000000000e+03 2.123782999999999921e-01
4.238000000000000000e+03 2.124592999999999898e-01
4.239000000000000000e+03 2.125402999999999876e-01
4.240000000000000000e+03 2.126212000000000102e-01
4.241000000000000000e+03 2.127020000000000022e-01
4.242000000000000000e+03 2.127468000000000137e-01
4.243000000000000000e+03 2.127828999999999970e-01
4.244000000000000000e+03 2.128190000000000082e-01
4.245000000000000000e+03 2.128551999999999944e-01
4.246000000000000000e+03 2.128913000000000055e-01
4.247000000000000000e+03 2.129273999999999889e-01
4.248000000000000000e+03 2.129636000000000029e-01
4.249000000000000000e+03 2.129996999999999863e-01
4.250000000000000000e+03 2.130357999999999974e-01
4.251000000000000000e+03 2.130901000000000045e-01
4.252000000000000000e+03 2.131087000000000120e-01
4.253000000000000000e+03 2.131184999999999885e-01
4.254000000000000000e+03 2.131283999999999956e-01
4.255000000000000000e+03 2.131381999999999999e-01
4.256000000000000000e+03 2.131480000000000041e-01
4.257000000000000000e+03 2.131578000000000084e-01
4.258000000000000000e+03 2.131676999999999877e-01
4.259000000000000000e+03 2.131774999999999920e-01
4.260000000000000000e+03 2.131871999999999934e-01
4.261000000000000000e+03 2.131786999999999987e-01
4.262000000000000000e+03 2.131628000000000134e-01
4.263000000000000000e+03 2.131451000000000040e-01
4.264000000000000000e+03 2.131272999999999918e-01
4.265000000000000000e+03 2.131096000000000101e-01
4.266000000000000000e+03 2.130919000000000008e-01
4.267000000000000000e+03 2.130741999999999914e-01
4.268000000000000000e+03 2.130564000000000069e-01
4.269000000000000000e+03 2.130386999999999975e-01
4.270000000000000000e+03 2.130209000000000130e-01
4.271000000000000000e+03 2.130031000000000008e-01
4.272000000000000000e+03 2.129776999999999920e-01
4.273000000000000000e+03 2.129504999999999870e-01
4.274000000000000000e+03 2.129231000000000040e-01
4.275000000000000000e+03 2.128958999999999990e-01
4.276000000000000000e+03 2.128685999999999912e-01
4.277000000000000000e+03 2.128413000000000110e-01
4.278000000000000000e+03 2.128140000000000032e-01
4.279000000000000000e+03 2.127865999999999924e-01
4.280000000000000000e+03 2.127593000000000123e-01
4.281000000000000000e+03 2.127319000000000015e-01
4.282000000000000000e+03 2.127536999999999900e-01
4.283000000000000000e+03 2.127881000000000078e-01
4.284000000000000000e+03 2.128224999999999978e-01
4.285000000000000000e+03 2.128569999999999907e-01
4.286000000000000000e+03 2.128915000000000113e-01
4.287000000000000000e+03 2.129259000000000013e-01
4.288000000000000000e+03 2.129603999999999941e-01
4.289000000000000000e+03 2.129948000000000119e-01
4.290000000000000000e+03 2.130293000000000048e-01
4.291000000000000000e+03 2.130817999999999879e-01
4.292000000000000000e+03 2.131704000000000099e-01
4.293000000000000000e+03 2.132682999999999940e-01
4.294000000000000000e+03 2.133663000000000087e-01
4.295000000000000000e+03 2.134641999999999928e-01
4.296000000000000000e+03 2.135622000000000076e-01
4.297000000000000000e+03 2.136601999999999946e-01
4.298000000000000000e+03 2.137583000000000122e-01
4.299000000000000000e+03 2.138562999999999992e-01
4.300000000000000000e+03 2.139543999999999890e-01
4.301000000000000000e+03 2.140342000000000078e-01
4.302000000000000000e+03 2.141647000000000134e-01
4.303000000000000000e+03 2.143089999999999995e-01
4.304000000000000000e+03 2.144531000000000076e-01
4.305000000000000000e+03 2.145972999999999908e-01
4.306000000000000000e+03 2.147416000000000047e-01
4.307000000000000000e+03 2.148857999999999879e-01
4.308000000000000000e+03 2.150301000000000018e-01
4.309000000000000000e+03 2.151743000000000128e-01
4.310000000000000000e+03 2.153187000000000018e-01
4.311000000000000000e+03 2.154629000000000127e-01
4.312000000000000000e+03 2.156538000000000066e-01
4.313000000000000000e+03 2.158571999999999991e-01
4.314000000000000000e+03 2.160606999999999944e-01
4.315000000000000000e+03 2.162641999999999898e-01
4.316000000000000000e+03 2.164677999999999880e-01
4.317000000000000000e+03 2.166713000000000111e-01
4.318000000000000000e+03 2.168750000000000122e-01
4.319000000000000000e+03 2.170786000000000104e-01
4.320000000000000000e+03 2.172823000000000115e-01
4.321000000000000000e+03 2.174860999999999878e-01
4.322000000000000000e+03 2.177139999999999909e-01
4.323000000000000000e+03 2.179484999999999895e-01
4.324000000000000000e+03 2.181830999999999909e-01
4.325000000000000000e+03 2.184176999999999924e-01
4.326000000000000000e+03 2.186523999999999968e-01
4.327000000000000000e+03 2.188871000000000011e-01
4.328000000000000000e+03 2.191218000000000055e-01
4.329000000000000000e+03 2.193566000000000127e-01
4.330000000000000000e+03 2.195914999999999950e-01
4.331000000000000000e+03 2.198450999999999877e-01
4.332000000000000000e+03 2.201205999999999996e-01
4.333000000000000000e+03 2.204021999999999926e-01
4.334000000000000000e+03 2.206838999999999884e-01
4.335000000000000000e+03 2.209657999999999900e-01
4.336000000000000000e+03 2.212477999999999945e-01
4.337000000000000000e+03 2.215297999999999989e-01
4.338000000000000000e+03 2.218119000000000063e-01
4.339000000000000000e+03 2.220940999999999887e-01
4.340000000000000000e+03 2.223764000000000018e-01
4.341000000000000000e+03 2.226396999999999959e-01
4.342000000000000000e+03 2.228828999999999949e-01
4.343000000000000000e+03 2.231203999999999965e-01
4.344000000000000000e+03 2.233580000000000010e-01
4.345000000000000000e+03 2.235956000000000055e-01
4.346000000000000000e+03 2.238333999999999879e-01
4.347000000000000000e+03 2.240709999999999924e-01
4.348000000000000000e+03 2.243088000000000026e-01
4.349000000000000000e+03 2.245466000000000129e-01
4.350000000000000000e+03 2.247843999999999953e-01
4.351000000000000000e+03 2.250221000000000027e-01
4.352000000000000000e+03 2.252225999999999950e-01
4.353000000000000000e+03 2.254124000000000128e-01
4.354000000000000000e+03 2.256024000000000085e-01
4.355000000000000000e+03 2.257923000000000013e-01
4.356000000000000000e+03 2.259822999999999971e-01
4.357000000000000000e+03 2.261721999999999899e-01
4.358000000000000000e+03 2.263622999999999885e-01
4.359000000000000000e+03 2.265523000000000120e-01
4.360000000000000000e+03 2.267425000000000135e-01
4.361000000000000000e+03 2.269324000000000063e-01
4.362000000000000000e+03 2.270865999999999996e-01
4.363000000000000000e+03 2.272305000000000019e-01
4.364000000000000000e+03 2.273744000000000043e-01
4.365000000000000000e+03 2.275183000000000066e-01
4.366000000000000000e+03 2.276623000000000119e-01
4.367000000000000000e+03 2.278061999999999865e-01
4.368000000000000000e+03 2.279501999999999917e-01
4.369000000000000000e+03 2.280942999999999998e-01
4.370000000000000000e+03 2.282383000000000051e-01
4.371000000000000000e+03 2.284017999999999882e-01
4.372000000000000000e+03 2.285050999999999888e-01
4.373000000000000000e+03 2.285906000000000049e-01
4.374000000000000000e+03 2.286760999999999933e-01
4.375000000000000000e+03 2.287616000000000094e-01
4.376000000000000000e+03 2.288473000000000035e-01
4.377000000000000000e+03 2.289327999999999919e-01
4.378000000000000000e+03 2.290184000000000109e-01
4.379000000000000000e+03 2.291040000000000021e-01
4.380000000000000000e+03 2.291896999999999962e-01
4.381000000000000000e+03 2.292557000000000067e-01
4.382000000000000000e+03 2.292948999999999959e-01
4.383000000000000000e+03 2.293260000000000021e-01
4.384000000000000000e+03 2.293571000000000082e-01
4.385000000000000000e+03 2.293882999999999894e-01
4.386000000000000000e+03 2.294193999999999956e-01
4.387000000000000000e+03 2.294505000000000017e-01
4.388000000000000000e+03 2.294817000000000107e-01
4.389000000000000000e+03 2.295128999999999919e-01
4.390000000000000000e+03 2.295439999999999980e-01
4.391000000000000000e+03 2.295750000000000013e-01
4.392000000000000000e+03 2.295715999999999868e-01
4.393000000000000000e+03 2.295576000000000005e-01
4.394000000000000000e+03 2.295437999999999923e-01
4.395000000000000000e+03 2.295298000000000060e-01
4.396000000000000000e+03 2.295157999999999920e-01
4.397000000000000000e+03 2.295018000000000058e-01
4.398000000000000000e+03 2.294878999999999947e-01
4.399000000000000000e+03 2.294740999999999864e-01
4.400000000000000000e+03 2.294601000000000002e-01
4.401000000000000000e+03 2.294460999999999862e-01
4.402000000000000000e+03 2.294274000000000036e-01
4.403000000000000000e+03 2.294072000000000056e-01
4.404000000000000000e+03 2.293870000000000076e-01
4.405000000000000000e+03 2.293667000000000067e-01
4.406000000000000000e+03 2.293466000000000116e-01
4.407000000000000000e+03 2.293263000000000107e-01
4.408000000000000000e+03 2.293061000000000127e-01
4.409000000000000000e+03 2.292858999999999869e-01
4.410000000000000000e+03 2.292656000000000138e-01
4.411000000000000000e+03 2.292453000000000130e-01
4.412000000000000000e+03 2.292561999999999933e-01
4.413000000000000000e+03 2.292769000000000057e-01
4.414000000000000000e+03 2.292974999999999874e-01
4.415000000000000000e+03 2.293180999999999969e-01
4.416000000000000000e+03 2.293387000000000064e-01
4.417000000000000000e+03 2.293593999999999911e-01
4.418000000000000000e+03 2.293798999999999977e-01
4.419000000000000000e+03 2.294005000000000072e-01
4.420000000000000000e+03 2.294210999999999889e-01
4.421000000000000000e+03 2.294612000000000041e-01
4.422000000000000000e+03 2.295291000000000137e-01
4.423000000000000000e+03 2.296056999999999959e-01
4.424000000000000000e+03 2.296824000000000088e-01
4.425000000000000000e+03 2.297590999999999939e-01
4.426000000000000000e+03 2.298359000000000096e-01
4.427000000000000000e+03 2.299124999999999919e-01
4.428000000000000000e+03 2.299892000000000047e-01
4.429000000000000000e+03 2.300659999999999927e-01
4.430000000000000000e+03 2.301427000000000056e-01
4.431000000000000000e+03 2.302086000000000132e-01
4.432000000000000000e+03 2.303156000000000092e-01
4.433000000000000000e+03 2.304358999999999991e-01
4.434000000000000000e+03 2.305562999999999918e-01
4.435000000000000000e+03 2.306766000000000094e-01
4.436000000000000000e+03 2.307970000000000022e-01
4.437000000000000000e+03 2.309174999999999978e-01
4.438000000000000000e+03 2.310378999999999905e-01
4.439000000000000000e+03 2.311583000000000110e-01
4.440000000000000000e+03 2.312788000000000066e-01
4.441000000000000000e+03 2.313991999999999993e-01
4.442000000000000000e+03 2.315635000000000054e-01
4.443000000000000000e+03 2.317421000000000064e-01
4.444000000000000000e+03 2.319207000000000074e-01
4.445000000000000000e+03 2.320994000000000113e-01
4.446000000000000000e+03 2.322780999999999874e-01
4.447000000000000000e+03 2.324568999999999941e-01
4.448000000000000000e+03 2.326358000000000037e-01
4.449000000000000000e+03 2.328146000000000104e-01
4.450000000000000000e+03 2.329934999999999923e-01
4.451000000000000000e+03 2.331724000000000019e-01
4.452000000000000000e+03 2.333902999999999950e-01
4.453000000000000000e+03 2.336213000000000040e-01
4.454000000000000000e+03 2.338523000000000129e-01
4.455000000000000000e+03 2.340832999999999942e-01
4.456000000000000000e+03 2.343144000000000060e-01
4.457000000000000000e+03 2.345455999999999930e-01
4.458000000000000000e+03 2.347767000000000048e-01
4.459000000000000000e+03 2.350079999999999947e-01
4.460000000000000000e+03 2.352393000000000123e-01
4.461000000000000000e+03 2.354906999999999972e-01
4.462000000000000000e+03 2.357573000000000030e-01
4.463000000000000000e+03 2.360290999999999917e-01
4.464000000000000000e+03 2.363010000000000110e-01
4.465000000000000000e+03 2.365731000000000084e-01
4.466000000000000000e+03 2.368451000000000028e-01
4.467000000000000000e+03 2.371174000000000059e-01
4.468000000000000000e+03 2.373898000000000119e-01
4.469000000000000000e+03 2.376621999999999901e-01
4.470000000000000000e+03 2.379346999999999990e-01
4.471000000000000000e+03 2.381870000000000098e-01
4.472000000000000000e+03 2.384539999999999993e-01
4.473000000000000000e+03 2.387259999999999938e-01
4.474000000000000000e+03 2.389980999999999911e-01
4.475000000000000000e+03 2.392702999999999913e-01
4.476000000000000000e+03 2.395424999999999915e-01
4.477000000000000000e+03 2.398147999999999946e-01
4.478000000000000000e+03 2.400872000000000006e-01
4.479000000000000000e+03 2.403596000000000066e-01
4.480000000000000000e+03 2.406320000000000126e-01
4.481000000000000000e+03 2.409046999999999994e-01
4.482000000000000000e+03 2.411660999999999944e-01
4.483000000000000000e+03 2.414235999999999882e-01
4.484000000000000000e+03 2.416812000000000127e-01
4.485000000000000000e+03 2.419389000000000123e-01
4.486000000000000000e+03 2.421965000000000090e-01
4.487000000000000000e+03 2.424543999999999866e-01
4.488000000000000000e+03 2.427121999999999891e-01
4.489000000000000000e+03 2.429700999999999944e-01
4.490000000000000000e+03 2.432281000000000026e-01
4.491000000000000000e+03 2.434860000000000080e-01
4.492000000000000000e+03 2.437143999999999977e-01
4.493000000000000000e+03 2.439321999999999879e-01
4.494000000000000000e+03 2.441502000000000117e-01
4.495000000000000000e+03 2.443682000000000076e-01
4.496000000000000000e+03 2.445863000000000065e-01
4.497000000000000000e+03 2.448044000000000053e-01
4.498000000000000000e+03 2.450226000000000071e-01
4.499000000000000000e+03 2.452408000000000088e-01
4.500000000000000000e+03 2.454591000000000134e-01
4.501000000000000000e+03 2.456621999999999972e-01
4.502000000000000000e+03 2.458442000000000127e-01
4.503000000000000000e+03 2.460187000000000068e-01
4.504000000000000000e+03 2.461933000000000038e-01
4.505000000000000000e+03 2.463679000000000008e-01
4.506000000000000000e+03 2.465426000000000006e-01
4.507000000000000000e+03 2.467173000000000005e-01
4.508000000000000000e+03 2.468920000000000003e-01
4.509000000000000000e+03 2.470665999999999973e-01
4.510000000000000000e+03 2.472412999999999972e-01
4.511000000000000000e+03 2.474370999999999932e-01
4.512000000000000000e+03 2.475800999999999974e-01
4.513000000000000000e+03 2.477040000000000075e-01
4.514000000000000000e+03 2.478279999999999927e-01
4.515000000000000000e+03 2.479520000000000057e-01
4.516000000000000000e+03 2.480761999999999967e-01
4.517000000000000000e+03 2.482002000000000097e-01
4.518000000000000000e+03 2.483242999999999978e-01
4.519000000000000000e+03 2.484484999999999888e-01
4.520000000000000000e+03 2.485726000000000047e-01
4.521000000000000000e+03 2.486755999999999966e-01
4.522000000000000000e+03 2.487665000000000015e-01
4.523000000000000000e+03 2.488530999999999938e-01
4.524000000000000000e+03 2.489396000000000109e-01
4.525000000000000000e+03 2.490262000000000031e-01
4.526000000000000000e+03 2.491126999999999925e-01
4.527000000000000000e+03 2.491993000000000125e-01
4.528000000000000000e+03 2.492859000000000047e-01
4.529000000000000000e+03 2.493723999999999941e-01
4.530000000000000000e+03 2.494590999999999892e-01
4.531000000000000000e+03 2.495456000000000063e-01
4.532000000000000000e+03 2.496161000000000074e-01
4.533000000000000000e+03 2.496806000000000025e-01
4.534000000000000000e+03 2.497450999999999977e-01
4.535000000000000000e+03 2.498095999999999928e-01
4.536000000000000000e+03 2.498740999999999879e-01
4.537000000000000000e+03 2.499386000000000108e-01
4.538000000000000000e+03 2.500029999999999752e-01
4.539000000000000000e+03 2.500676000000000010e-01
4.540000000000000000e+03 2.501322000000000267e-01
4.541000000000000000e+03 2.501966999999999941e-01
4.542000000000000000e+03 2.502455000000000096e-01
4.543000000000000000e+03 2.502884000000000220e-01
4.544000000000000000e+03 2.503311999999999760e-01
4.545000000000000000e+03 2.503740999999999883e-01
4.546000000000000000e+03 2.504170000000000007e-01
4.547000000000000000e+03 2.504598000000000102e-01
4.548000000000000000e+03 2.505027000000000226e-01
4.549000000000000000e+03 2.505455999999999794e-01
4.550000000000000000e+03 2.505883999999999889e-01
4.551000000000000000e+03 2.506313000000000013e-01
4.552000000000000000e+03 2.506876000000000104e-01
4.553000000000000000e+03 2.507488999999999968e-01
4.554000000000000000e+03 2.508102999999999860e-01
4.555000000000000000e+03 2.508715999999999724e-01
4.556000000000000000e+03 2.509331000000000200e-01
4.557000000000000000e+03 2.509944000000000064e-01
4.558000000000000000e+03 2.510558999999999985e-01
4.559000000000000000e+03 2.511171999999999849e-01
4.560000000000000000e+03 2.511785999999999741e-01
4.561000000000000000e+03 2.512615000000000265e-01
4.562000000000000000e+03 2.513266000000000111e-01
4.563000000000000000e+03 2.513849000000000222e-01
4.564000000000000000e+03 2.514432999999999807e-01
4.565000000000000000e+03 2.515015999999999918e-01
4.566000000000000000e+03 2.515601000000000087e-01
4.567000000000000000e+03 2.516184000000000198e-01
4.568000000000000000e+03 2.516768999999999812e-01
4.569000000000000000e+03 2.517351999999999923e-01
4.570000000000000000e+03 2.517937000000000092e-01
4.571000000000000000e+03 2.518306000000000155e-01
4.572000000000000000e+03 2.518662999999999874e-01
4.573000000000000000e+03 2.519017000000000062e-01
4.574000000000000000e+03 2.519369000000000192e-01
4.575000000000000000e+03 2.519721999999999795e-01
4.576000000000000000e+03 2.520075999999999983e-01
4.577000000000000000e+03 2.520428000000000113e-01
4.578000000000000000e+03 2.520781000000000271e-01
4.579000000000000000e+03 2.521133999999999875e-01
4.580000000000000000e+03 2.521487000000000034e-01
4.581000000000000000e+03 2.521841000000000221e-01
4.582000000000000000e+03 2.522171999999999747e-01
4.583000000000000000e+03 2.522494000000000125e-01
4.584000000000000000e+03 2.522816999999999976e-01
4.585000000000000000e+03 2.523138999999999799e-01
4.586000000000000000e+03 2.523462000000000205e-01
4.587000000000000000e+03 2.523784000000000027e-01
4.588000000000000000e+03 2.524106999999999879e-01
4.589000000000000000e+03 2.524429999999999730e-01
4.590000000000000000e+03 2.524752000000000107e-01
4.591000000000000000e+03 2.525074999999999958e-01
4.592000000000000000e+03 2.525185999999999820e-01
4.593000000000000000e+03 2.525210999999999983e-01
4.594000000000000000e+03 2.525237000000000176e-01
4.595000000000000000e+03 2.525261999999999785e-01
4.596000000000000000e+03 2.525287999999999977e-01
4.597000000000000000e+03 2.525312000000000112e-01
4.598000000000000000e+03 2.525337999999999750e-01
4.599000000000000000e+03 2.525362999999999913e-01
4.600000000000000000e+03 2.525389000000000106e-01
4.601000000000000000e+03 2.525413000000000241e-01
4.602000000000000000e+03 2.525406000000000040e-01
4.603000000000000000e+03 2.525384999999999991e-01
4.604000000000000000e+03 2.525363999999999942e-01
4.605000000000000000e+03 2.525342999999999893e-01
4.606000000000000000e+03 2.525321999999999845e-01
4.607000000000000000e+03 2.525299999999999767e-01
4.608000000000000000e+03 2.525279999999999747e-01
4.609000000000000000e+03 2.525257000000000196e-01
4.610000000000000000e+03 2.525236000000000147e-01
4.611000000000000000e+03 2.525430000000000175e-01
4.612000000000000000e+03 2.525186999999999848e-01
4.613000000000000000e+03 2.524762999999999868e-01
4.614000000000000000e+03 2.524339999999999917e-01
4.615000000000000000e+03 2.523914999999999909e-01
4.616000000000000000e+03 2.523491999999999957e-01
4.617000000000000000e+03 2.523065999999999920e-01
4.618000000000000000e+03 2.522641999999999940e-01
4.619000000000000000e+03 2.522215999999999902e-01
4.620000000000000000e+03 2.521790999999999894e-01
4.621000000000000000e+03 2.521150999999999809e-01
4.622000000000000000e+03 2.520441999999999960e-01
4.623000000000000000e+03 2.519703999999999833e-01
4.624000000000000000e+03 2.518966999999999734e-01
4.625000000000000000e+03 2.518229000000000162e-01
4.626000000000000000e+03 2.517491000000000034e-01
4.627000000000000000e+03 2.516752999999999907e-01
4.628000000000000000e+03 2.516014999999999779e-01
4.629000000000000000e+03 2.515276000000000178e-01
4.630000000000000000e+03 2.514538000000000051e-01
4.631000000000000000e+03 2.513743999999999978e-01
4.632000000000000000e+03 2.512769000000000252e-01
4.633000000000000000e+03 2.511714999999999920e-01
4.634000000000000000e+03 2.510663000000000200e-01
4.635000000000000000e+03 2.509609999999999896e-01
4.636000000000000000e+03 2.508557000000000148e-01
4.637000000000000000e+03 2.507504999999999873e-01
4.638000000000000000e+03 2.506451000000000096e-01
4.639000000000000000e+03 2.505397999999999792e-01
4.640000000000000000e+03 2.504345000000000043e-01
4.641000000000000000e+03 2.503291999999999740e-01
4.642000000000000000e+03 2.502237999999999962e-01
4.643000000000000000e+03 2.501185000000000214e-01
4.644000000000000000e+03 2.500131999999999910e-01
4.645000000000000000e+03 2.499078999999999884e-01
4.646000000000000000e+03 2.498025000000000106e-01
4.647000000000000000e+03 2.496972000000000080e-01
4.648000000000000000e+03 2.495919000000000054e-01
4.649000000000000000e+03 2.494864999999999999e-01
4.650000000000000000e+03 2.493810999999999944e-01
4.651000000000000000e+03 2.492757999999999918e-01
4.652000000000000000e+03 2.491704999999999892e-01
4.653000000000000000e+03 2.490653999999999924e-01
4.654000000000000000e+03 2.489601999999999926e-01
4.655000000000000000e+03 2.488549999999999929e-01
4.656000000000000000e+03 2.487497999999999931e-01
4.657000000000000000e+03 2.486445999999999934e-01
4.658000000000000000e+03 2.485393999999999937e-01
4.659000000000000000e+03 2.484340999999999910e-01
4.660000000000000000e+03 2.483288999999999913e-01
4.661000000000000000e+03 2.482236999999999916e-01
4.662000000000000000e+03 2.481368999999999936e-01
4.663000000000000000e+03 2.480583000000000093e-01
4.664000000000000000e+03 2.479796999999999974e-01
4.665000000000000000e+03 2.479010000000000102e-01
4.666000000000000000e+03 2.478223999999999982e-01
4.667000000000000000e+03 2.477437000000000111e-01
4.668000000000000000e+03 2.476649999999999963e-01
4.669000000000000000e+03 2.475864000000000120e-01
4.670000000000000000e+03 2.475076999999999972e-01
4.671000000000000000e+03 2.474500000000000033e-01
4.672000000000000000e+03 2.474239000000000022e-01
4.673000000000000000e+03 2.474117000000000122e-01
4.674000000000000000e+03 2.473995999999999973e-01
4.675000000000000000e+03 2.473875000000000102e-01
4.676000000000000000e+03 2.473753999999999953e-01
4.677000000000000000e+03 2.473632000000000053e-01
4.678000000000000000e+03 2.473509999999999875e-01
4.679000000000000000e+03 2.473387999999999975e-01
4.680000000000000000e+03 2.473267000000000104e-01
4.681000000000000000e+03 2.472933999999999966e-01
4.682000000000000000e+03 2.472785999999999873e-01
4.683000000000000000e+03 2.472720999999999947e-01
4.684000000000000000e+03 2.472656000000000021e-01
4.685000000000000000e+03 2.472590000000000066e-01
4.686000000000000000e+03 2.472524999999999862e-01
4.687000000000000000e+03 2.472458999999999907e-01
4.688000000000000000e+03 2.472393999999999981e-01
4.689000000000000000e+03 2.472329000000000054e-01
4.690000000000000000e+03 2.472263000000000099e-01
4.691000000000000000e+03 2.472196999999999867e-01
4.692000000000000000e+03 2.472633999999999943e-01
4.693000000000000000e+03 2.473297999999999885e-01
4.694000000000000000e+03 2.473963999999999885e-01
4.695000000000000000e+03 2.474629000000000134e-01
4.696000000000000000e+03 2.475294000000000105e-01
4.697000000000000000e+03 2.475960000000000105e-01
4.698000000000000000e+03 2.476625000000000076e-01
4.699000000000000000e+03 2.477290000000000048e-01
4.700000000000000000e+03 2.477956000000000047e-01
4.701000000000000000e+03 2.478619999999999990e-01
4.702000000000000000e+03 2.479589000000000099e-01
4.703000000000000000e+03 2.480696000000000012e-01
4.704000000000000000e+03 2.481804999999999983e-01
4.705000000000000000e+03 2.482912999999999926e-01
4.706000000000000000e+03 2.484020000000000117e-01
4.707000000000000000e+03 2.485128000000000059e-01
4.708000000000000000e+03 2.486236000000000002e-01
4.709000000000000000e+03 2.487344999999999973e-01
4.710000000000000000e+03 2.488453999999999944e-01
4.711000000000000000e+03 2.489561999999999886e-01
4.712000000000000000e+03 2.490856999999999932e-01
4.713000000000000000e+03 2.492237999999999953e-01
4.714000000000000000e+03 2.493618999999999974e-01
4.715000000000000000e+03 2.495001000000000024e-01
4.716000000000000000e+03 2.496382000000000045e-01
4.717000000000000000e+03 2.497764000000000095e-01
4.718000000000000000e+03 2.499145999999999868e-01
4.719000000000000000e+03 2.500528000000000195e-01
4.720000000000000000e+03 2.501909999999999967e-01
4.721000000000000000e+03 2.503292999999999768e-01
4.722000000000000000e+03 2.505031999999999814e-01
4.723000000000000000e+03 2.506938000000000222e-01
4.724000000000000000e+03 2.508846000000000132e-01
4.725000000000000000e+03 2.510754000000000041e-01
4.726000000000000000e+03 2.512660999999999922e-01
4.727000000000000000e+03 2.514568999999999832e-01
4.728000000000000000e+03 2.516476000000000268e-01
4.729000000000000000e+03 2.518385000000000207e-01
4.730000000000000000e+03 2.520293000000000117e-01
4.731000000000000000e+03 2.522201000000000026e-01
4.732000000000000000e+03 2.523962000000000150e-01
4.733000000000000000e+03 2.525652999999999926e-01
4.734000000000000000e+03 2.527344999999999731e-01
4.735000000000000000e+03 2.529036000000000062e-01
4.736000000000000000e+03 2.530727999999999867e-01
4.737000000000000000e+03 2.532419000000000198e-01
4.738000000000000000e+03 2.534112000000000031e-01
4.739000000000000000e+03 2.535803999999999836e-01
4.740000000000000000e+03 2.537496000000000196e-01
4.741000000000000000e+03 2.539404000000000106e-01
4.742000000000000000e+03 2.541372000000000075e-01
4.743000000000000000e+03 2.543368999999999769e-01
4.744000000000000000e+03 2.545366000000000017e-01
4.745000000000000000e+03 2.547364999999999768e-01
4.746000000000000000e+03 2.549362000000000017e-01
4.747000000000000000e+03 2.551359999999999739e-01
4.748000000000000000e+03 2.553359000000000045e-01
4.749000000000000000e+03 2.555358999999999825e-01
4.750000000000000000e+03 2.557359000000000160e-01
4.751000000000000000e+03 2.559141999999999806e-01
4.752000000000000000e+03 2.560887000000000024e-01
4.753000000000000000e+03 2.562613000000000252e-01
4.754000000000000000e+03 2.564339999999999953e-01
4.755000000000000000e+03 2.566068000000000238e-01
4.756000000000000000e+03 2.567794999999999939e-01
4.757000000000000000e+03 2.569522000000000195e-01
4.758000000000000000e+03 2.571249999999999925e-01
4.759000000000000000e+03 2.572978000000000209e-01
4.760000000000000000e+03 2.574705999999999939e-01
4.761000000000000000e+03 2.576433000000000195e-01
4.762000000000000000e+03 2.577886999999999817e-01
4.763000000000000000e+03 2.579203999999999941e-01
4.764000000000000000e+03 2.580522000000000094e-01
4.765000000000000000e+03 2.581840000000000246e-01
4.766000000000000000e+03 2.583157999999999843e-01
4.767000000000000000e+03 2.584474999999999967e-01
4.768000000000000000e+03 2.585793000000000119e-01
4.769000000000000000e+03 2.587110000000000243e-01
4.770000000000000000e+03 2.588428999999999869e-01
4.771000000000000000e+03 2.589747000000000021e-01
4.772000000000000000e+03 2.591013999999999817e-01
4.773000000000000000e+03 2.592253999999999947e-01
4.774000000000000000e+03 2.593494000000000077e-01
4.775000000000000000e+03 2.594735000000000236e-01
4.776000000000000000e+03 2.595974999999999810e-01
4.777000000000000000e+03 2.597214999999999940e-01
4.778000000000000000e+03 2.598456000000000099e-01
4.779000000000000000e+03 2.599697000000000258e-01
4.780000000000000000e+03 2.600937999999999861e-01
4.781000000000000000e+03 2.602179000000000020e-01
4.782000000000000000e+03 2.602982999999999825e-01
4.783000000000000000e+03 2.603565999999999936e-01
4.784000000000000000e+03 2.604149000000000047e-01
4.785000000000000000e+03 2.604732000000000158e-01
4.786000000000000000e+03 2.605315000000000270e-01
4.787000000000000000e+03 2.605897999999999826e-01
4.788000000000000000e+03 2.606480999999999937e-01
4.789000000000000000e+03 2.607064000000000048e-01
4.790000000000000000e+03 2.607647000000000159e-01
4.791000000000000000e+03 2.608230000000000270e-01
4.792000000000000000e+03 2.608929999999999860e-01
4.793000000000000000e+03 2.609691000000000094e-01
4.794000000000000000e+03 2.610450000000000270e-01
4.795000000000000000e+03 2.611210999999999949e-01
4.796000000000000000e+03 2.611971000000000154e-01
4.797000000000000000e+03 2.612731999999999832e-01
4.798000000000000000e+03 2.613493000000000066e-01
4.799000000000000000e+03 2.614253999999999745e-01
4.800000000000000000e+03 2.615014999999999978e-01
4.801000000000000000e+03 2.615775000000000183e-01
4.802000000000000000e+03 2.616338999999999748e-01
4.803000000000000000e+03 2.616801000000000266e-01
4.804000000000000000e+03 2.617263000000000228e-01
4.805000000000000000e+03 2.617725000000000191e-01
4.806000000000000000e+03 2.618188000000000182e-01
4.807000000000000000e+03 2.618649000000000115e-01
4.808000000000000000e+03 2.619112000000000107e-01
4.809000000000000000e+03 2.619574000000000069e-01
4.810000000000000000e+03 2.620036000000000032e-01
4.811000000000000000e+03 2.620720999999999745e-01
4.812000000000000000e+03 2.621329000000000020e-01
4.813000000000000000e+03 2.621894000000000169e-01
4.814000000000000000e+03 2.622459999999999791e-01
4.815000000000000000e+03 2.623023999999999911e-01
4.816000000000000000e+03 2.623590000000000089e-01
4.817000000000000000e+03 2.624156000000000266e-01
4.818000000000000000e+03 2.624721999999999889e-01
4.819000000000000000e+03 2.625287000000000037e-01
4.820000000000000000e+03 2.625853000000000215e-01
4.821000000000000000e+03 2.626196000000000086e-01
4.822000000000000000e+03 2.626780000000000226e-01
4.823000000000000000e+03 2.627490000000000103e-01
4.824000000000000000e+03 2.628203000000000067e-01
4.825000000000000000e+03 2.628912999999999944e-01
4.826000000000000000e+03 2.629621999999999793e-01
4.827000000000000000e+03 2.630333999999999728e-01
4.828000000000000000e+03 2.631044000000000160e-01
4.829000000000000000e+03 2.631755000000000067e-01
4.830000000000000000e+03 2.632465999999999973e-01
4.831000000000000000e+03 2.633147000000000126e-01
4.832000000000000000e+03 2.633673999999999737e-01
4.833000000000000000e+03 2.634117000000000264e-01
4.834000000000000000e+03 2.634559000000000206e-01
4.835000000000000000e+03 2.635003000000000206e-01
4.836000000000000000e+03 2.635445000000000149e-01
4.837000000000000000e+03 2.635888000000000120e-01
4.838000000000000000e+03 2.636330000000000062e-01
4.839000000000000000e+03 2.636773000000000033e-01
4.840000000000000000e+03 2.637216000000000005e-01
4.841000000000000000e+03 2.637658999999999976e-01
4.842000000000000000e+03 2.638303000000000176e-01
4.843000000000000000e+03 2.639057000000000208e-01
4.844000000000000000e+03 2.639809000000000183e-01
4.845000000000000000e+03 2.640564000000000244e-01
4.846000000000000000e+03 2.641317000000000248e-01
4.847000000000000000e+03 2.642070000000000252e-01
4.848000000000000000e+03 2.642823999999999729e-01
4.849000000000000000e+03 2.643577999999999761e-01
4.850000000000000000e+03 2.644331999999999794e-01
4.851000000000000000e+03 2.645084999999999797e-01
4.852000000000000000e+03 2.645860999999999907e-01
4.853000000000000000e+03 2.646650999999999865e-01
4.854000000000000000e+03 2.647437999999999736e-01
4.855000000000000000e+03 2.648228000000000248e-01
4.856000000000000000e+03 2.649017000000000177e-01
4.857000000000000000e+03 2.649805000000000077e-01
4.858000000000000000e+03 2.650594000000000006e-01
4.859000000000000000e+03 2.651382999999999934e-01
4.860000000000000000e+03 2.652172999999999892e-01
4.861000000000000000e+03 2.652960999999999792e-01
4.862000000000000000e+03 2.653695999999999833e-01
4.863000000000000000e+03 2.654400000000000093e-01
4.864000000000000000e+03 2.655103999999999798e-01
4.865000000000000000e+03 2.655808000000000058e-01
4.866000000000000000e+03 2.656512999999999791e-01
4.867000000000000000e+03 2.657217000000000051e-01
4.868000000000000000e+03 2.657921999999999785e-01
4.869000000000000000e+03 2.658627000000000073e-01
4.870000000000000000e+03 2.659330999999999778e-01
4.871000000000000000e+03 2.660036000000000067e-01
4.872000000000000000e+03 2.660599000000000158e-01
4.873000000000000000e+03 2.661082000000000169e-01
4.874000000000000000e+03 2.661565000000000181e-01
4.875000000000000000e+03 2.662048000000000192e-01
4.876000000000000000e+03 2.662532000000000232e-01
4.877000000000000000e+03 2.663015000000000243e-01
4.878000000000000000e+03 2.663498999999999728e-01
4.879000000000000000e+03 2.663981999999999739e-01
4.880000000000000000e+03 2.664464000000000277e-01
4.881000000000000000e+03 2.664948999999999790e-01
4.882000000000000000e+03 2.665259999999999851e-01
4.883000000000000000e+03 2.665470999999999813e-01
4.884000000000000000e+03 2.665681999999999774e-01
4.885000000000000000e+03 2.665893999999999764e-01
4.886000000000000000e+03 2.666106999999999783e-01
4.887000000000000000e+03 2.666317999999999744e-01
4.888000000000000000e+03 2.666529999999999734e-01
4.889000000000000000e+03 2.666741999999999724e-01
4.890000000000000000e+03 2.666954000000000269e-01
4.891000000000000000e+03 2.667391000000000068e-01
4.892000000000000000e+03 2.667636999999999925e-01
4.893000000000000000e+03 2.667771999999999921e-01
4.894000000000000000e+03 2.667907999999999946e-01
4.895000000000000000e+03 2.668042999999999942e-01
4.896000000000000000e+03 2.668178999999999967e-01
4.897000000000000000e+03 2.668312999999999935e-01
4.898000000000000000e+03 2.668448999999999960e-01
4.899000000000000000e+03 2.668582999999999927e-01
4.900000000000000000e+03 2.668718999999999952e-01
4.901000000000000000e+03 2.668628000000000111e-01
4.902000000000000000e+03 2.668220000000000036e-01
4.903000000000000000e+03 2.667626000000000164e-01
4.904000000000000000e+03 2.667032999999999765e-01
4.905000000000000000e+03 2.666439999999999921e-01
4.906000000000000000e+03 2.665848000000000106e-01
4.907000000000000000e+03 2.665254000000000234e-01
4.908000000000000000e+03 2.664659999999999807e-01
4.909000000000000000e+03 2.664066999999999963e-01
4.910000000000000000e+03 2.663473000000000090e-01
4.911000000000000000e+03 2.662878000000000189e-01
4.912000000000000000e+03 2.662102000000000079e-01
4.913000000000000000e+03 2.661217000000000166e-01
4.914000000000000000e+03 2.660332000000000252e-01
4.915000000000000000e+03 2.659447999999999812e-01
4.916000000000000000e+03 2.658562999999999898e-01
4.917000000000000000e+03 2.657677999999999985e-01
4.918000000000000000e+03 2.656793000000000071e-01
4.919000000000000000e+03 2.655908000000000158e-01
4.920000000000000000e+03 2.655023000000000244e-01
4.921000000000000000e+03 2.654137999999999775e-01
4.922000000000000000e+03 2.652988000000000013e-01
4.923000000000000000e+03 2.651679000000000119e-01
4.924000000000000000e+03 2.650371000000000254e-01
4.925000000000000000e+03 2.649061999999999806e-01
4.926000000000000000e+03 2.647751999999999883e-01
4.927000000000000000e+03 2.646442999999999990e-01
4.928000000000000000e+03 2.645134000000000096e-01
4.929000000000000000e+03 2.643825000000000203e-01
4.930000000000000000e+03 2.642515999999999754e-01
4.931000000000000000e+03 2.641207999999999889e-01
4.932000000000000000e+03 2.639777999999999847e-01
4.933000000000000000e+03 2.638275999999999955e-01
4.934000000000000000e+03 2.636773000000000033e-01
4.935000000000000000e+03 2.635271000000000141e-01
4.936000000000000000e+03 2.633769000000000249e-01
4.937000000000000000e+03 2.632266999999999801e-01
4.938000000000000000e+03 2.630763999999999880e-01
4.939000000000000000e+03 2.629259999999999931e-01
4.940000000000000000e+03 2.627759000000000067e-01
4.941000000000000000e+03 2.626256000000000146e-01
4.942000000000000000e+03 2.624643999999999866e-01
4.943000000000000000e+03 2.622962999999999822e-01
4.944000000000000000e+03 2.621283999999999836e-01
4.945000000000000000e+03 2.619603999999999822e-01
4.946000000000000000e+03 2.617924999999999836e-01
4.947000000000000000e+03 2.616244999999999821e-01
4.948000000000000000e+03 2.614564999999999806e-01
4.949000000000000000e+03 2.612882999999999734e-01
4.950000000000000000e+03 2.611203000000000274e-01
4.951000000000000000e+03 2.609523000000000259e-01
4.952000000000000000e+03 2.607748999999999762e-01
4.953000000000000000e+03 2.605918999999999874e-01
4.954000000000000000e+03 2.604088999999999987e-01
4.955000000000000000e+03 2.602259000000000100e-01
4.956000000000000000e+03 2.600429000000000213e-01
4.957000000000000000e+03 2.598598999999999770e-01
4.958000000000000000e+03 2.596767999999999854e-01
4.959000000000000000e+03 2.594935999999999909e-01
4.960000000000000000e+03 2.593104999999999993e-01
4.961000000000000000e+03 2.591273000000000049e-01
4.962000000000000000e+03 2.589676000000000200e-01
4.963000000000000000e+03 2.588225000000000109e-01
4.964000000000000000e+03 2.586774000000000018e-01
4.965000000000000000e+03 2.585322999999999927e-01
4.966000000000000000e+03 2.583871999999999836e-01
4.967000000000000000e+03 2.582420999999999744e-01
4.968000000000000000e+03 2.580969000000000180e-01
4.969000000000000000e+03 2.579518000000000089e-01
4.970000000000000000e+03 2.578064999999999940e-01
4.971000000000000000e+03 2.576613999999999849e-01
4.972000000000000000e+03 2.575165999999999844e-01
4.973000000000000000e+03 2.573719999999999897e-01
4.974000000000000000e+03 2.572274999999999978e-01
4.975000000000000000e+03 2.570828000000000002e-01
4.976000000000000000e+03 2.569383000000000083e-01
4.977000000000000000e+03 2.567936000000000107e-01
4.978000000000000000e+03 2.566490000000000160e-01
4.979000000000000000e+03 2.565044000000000213e-01
4.980000000000000000e+03 2.563597000000000237e-01
4.981000000000000000e+03 2.562151999999999763e-01
4.982000000000000000e+03 2.560880999999999852e-01
4.983000000000000000e+03 2.559722999999999860e-01
4.984000000000000000e+03 2.558564999999999867e-01
4.985000000000000000e+03 2.557405999999999846e-01
4.986000000000000000e+03 2.556246999999999825e-01
4.987000000000000000e+03 2.555087999999999804e-01
4.988000000000000000e+03 2.553929999999999811e-01
4.989000000000000000e+03 2.552770999999999790e-01
4.990000000000000000e+03 2.551611999999999769e-01
4.991000000000000000e+03 2.550669999999999882e-01
4.992000000000000000e+03 2.550084000000000239e-01
4.993000000000000000e+03 2.549727999999999994e-01
4.994000000000000000e+03 2.549372999999999778e-01
4.995000000000000000e+03 2.549016000000000060e-01
4.996000000000000000e+03 2.548659999999999815e-01
4.997000000000000000e+03 2.548304000000000125e-01
4.998000000000000000e+03 2.547947999999999880e-01
4.999000000000000000e+03 2.547591000000000161e-01
5.000000000000000000e+03 2.547234999999999916e-01
5.001000000000000000e+03 2.546574999999999811e-01
5.002000000000000000e+03 2.545890000000000097e-01
5.003000000000000000e+03 2.545186999999999866e-01
5.004000000000000000e+03 2.544484000000000190e-01
5.005000000000000000e+03 2.543780999999999959e-01
5.006000000000000000e+03 2.543078999999999756e-01
5.007000000000000000e+03 2.542376000000000080e-01
5.008000000000000000e+03 2.541672999999999849e-01
5.009000000000000000e+03 2.540970000000000173e-01
5.010000000000000000e+03 2.540267999999999970e-01
5.011000000000000000e+03 2.539565999999999768e-01
5.012000000000000000e+03 2.539257999999999793e-01
5.013000000000000000e+03 2.539211000000000107e-01
5.014000000000000000e+03 2.539162999999999837e-01
5.015000000000000000e+03 2.539116000000000151e-01
5.016000000000000000e+03 2.539068999999999909e-01
5.017000000000000000e+03 2.539021000000000194e-01
5.018000000000000000e+03 2.538972999999999924e-01
5.019000000000000000e+03 2.538926000000000238e-01
5.020000000000000000e+03 2.538878999999999997e-01
5.021000000000000000e+03 2.538830999999999727e-01
5.022000000000000000e+03 2.538964000000000221e-01
5.023000000000000000e+03 2.539214000000000193e-01
5.024000000000000000e+03 2.539467000000000252e-01
5.025000000000000000e+03 2.539718000000000253e-01
5.026000000000000000e+03 2.539969000000000254e-01
5.027000000000000000e+03 2.540220000000000256e-01
5.028000000000000000e+03 2.540471999999999730e-01
5.029000000000000000e+03 2.540722999999999732e-01
5.030000000000000000e+03 2.540973999999999733e-01
5.031000000000000000e+03 2.541167999999999760e-01
5.032000000000000000e+03 2.541263999999999745e-01
5.033000000000000000e+03 2.541295000000000082e-01
5.034000000000000000e+03 2.541325999999999863e-01
5.035000000000000000e+03 2.541355000000000142e-01
5.036000000000000000e+03 2.541386999999999952e-01
5.037000000000000000e+03 2.541417999999999733e-01
5.038000000000000000e+03 2.541448000000000040e-01
5.039000000000000000e+03 2.541478999999999822e-01
5.040000000000000000e+03 2.541509000000000129e-01
5.041000000000000000e+03 2.541540999999999939e-01
5.042000000000000000e+03 2.541782000000000208e-01
5.043000000000000000e+03 2.542166000000000148e-01
5.044000000000000000e+03 2.542551000000000117e-01
5.045000000000000000e+03 2.542935000000000056e-01
5.046000000000000000e+03 2.543320000000000025e-01
5.047000000000000000e+03 2.543703999999999965e-01
5.048000000000000000e+03 2.544086999999999876e-01
5.049000000000000000e+03 2.544471999999999845e-01
5.050000000000000000e+03 2.544855999999999785e-01
5.051000000000000000e+03 2.545239999999999725e-01
5.052000000000000000e+03 2.545745999999999842e-01
5.053000000000000000e+03 2.546336000000000155e-01
5.054000000000000000e+03 2.546926999999999941e-01
5.055000000000000000e+03 2.547517000000000253e-01
5.056000000000000000e+03 2.548108000000000040e-01
5.057000000000000000e+03 2.548697999999999797e-01
5.058000000000000000e+03 2.549287000000000081e-01
5.059000000000000000e+03 2.549877999999999867e-01
5.060000000000000000e+03 2.550468000000000179e-01
5.061000000000000000e+03 2.551058999999999966e-01
5.062000000000000000e+03 2.551491000000000176e-01
5.063000000000000000e+03 2.551811999999999969e-01
5.064000000000000000e+03 2.552132999999999763e-01
5.065000000000000000e+03 2.552454000000000112e-01
5.066000000000000000e+03 2.552774999999999905e-01
5.067000000000000000e+03 2.553096000000000254e-01
5.068000000000000000e+03 2.553417000000000048e-01
5.069000000000000000e+03 2.553736999999999813e-01
5.070000000000000000e+03 2.554059000000000190e-01
5.071000000000000000e+03 2.554381000000000013e-01
5.072000000000000000e+03 2.554812000000000194e-01
5.073000000000000000e+03 2.555320999999999843e-01
5.074000000000000000e+03 2.555829000000000018e-01
5.075000000000000000e+03 2.556339000000000250e-01
5.076000000000000000e+03 2.556848999999999927e-01
5.077000000000000000e+03 2.557357000000000102e-01
5.078000000000000000e+03 2.557865000000000277e-01
5.079000000000000000e+03 2.558373999999999926e-01
5.080000000000000000e+03 2.558883000000000130e-01
5.081000000000000000e+03 2.559392999999999807e-01
5.082000000000000000e+03 2.559765999999999986e-01
5.083000000000000000e+03 2.560044000000000208e-01
5.084000000000000000e+03 2.560320999999999847e-01
5.085000000000000000e+03 2.560598000000000041e-01
5.086000000000000000e+03 2.560876999999999737e-01
5.087000000000000000e+03 2.561152999999999902e-01
5.088000000000000000e+03 2.561431000000000124e-01
5.089000000000000000e+03 2.561706999999999734e-01
5.090000000000000000e+03 2.561984999999999957e-01
5.091000000000000000e+03 2.562263000000000179e-01
5.092000000000000000e+03 2.562511000000000094e-01
5.093000000000000000e+03 2.562736999999999932e-01
5.094000000000000000e+03 2.562962999999999769e-01
5.095000000000000000e+03 2.563190000000000190e-01
5.096000000000000000e+03 2.563416000000000028e-01
5.097000000000000000e+03 2.563642999999999894e-01
5.098000000000000000e+03 2.563868999999999732e-01
5.099000000000000000e+03 2.564096000000000153e-01
5.100000000000000000e+03 2.564321999999999990e-01
5.101000000000000000e+03 2.564548999999999856e-01
5.102000000000000000e+03 2.564753000000000172e-01
5.103000000000000000e+03 2.564941000000000026e-01
5.104000000000000000e+03 2.565128999999999881e-01
5.105000000000000000e+03 2.565316999999999736e-01
5.106000000000000000e+03 2.565505000000000146e-01
5.107000000000000000e+03 2.565694000000000030e-01
5.108000000000000000e+03 2.565880999999999856e-01
5.109000000000000000e+03 2.566069000000000266e-01
5.110000000000000000e+03 2.566257000000000121e-01
5.111000000000000000e+03 2.566443999999999948e-01
5.112000000000000000e+03 2.566573999999999800e-01
5.113000000000000000e+03 2.566657999999999995e-01
5.114000000000000000e+03 2.566743000000000219e-01
5.115000000000000000e+03 2.566828999999999916e-01
5.116000000000000000e+03 2.566914000000000140e-01
5.117000000000000000e+03 2.566998999999999809e-01
5.118000000000000000e+03 2.567084000000000032e-01
5.119000000000000000e+03 2.567168000000000228e-01
5.120000000000000000e+03 2.567253999999999925e-01
5.121000000000000000e+03 2.567338000000000120e-01
5.122000000000000000e+03 2.567340000000000177e-01
5.123000000000000000e+03 2.567281000000000146e-01
5.124000000000000000e+03 2.567222000000000115e-01
5.125000000000000000e+03 2.567162000000000055e-01
5.126000000000000000e+03 2.567103000000000024e-01
5.127000000000000000e+03 2.567043999999999992e-01
5.128000000000000000e+03 2.566982999999999904e-01
5.129000000000000000e+03 2.566924999999999901e-01
5.130000000000000000e+03 2.566865999999999870e-01
5.131000000000000000e+03 2.567023999999999972e-01
5.132000000000000000e+03 2.567259000000000069e-01
5.133000000000000000e+03 2.567551000000000139e-01
5.134000000000000000e+03 2.567845000000000266e-01
5.135000000000000000e+03 2.568137999999999810e-01
5.136000000000000000e+03 2.568430999999999909e-01
5.137000000000000000e+03 2.568724000000000007e-01
5.138000000000000000e+03 2.569017000000000106e-01
5.139000000000000000e+03 2.569310000000000205e-01
5.140000000000000000e+03 2.569603999999999777e-01
5.141000000000000000e+03 2.569680999999999771e-01
5.142000000000000000e+03 2.569588999999999901e-01
5.143000000000000000e+03 2.569366000000000150e-01
5.144000000000000000e+03 2.569142999999999843e-01
5.145000000000000000e+03 2.568921000000000121e-01
5.146000000000000000e+03 2.568699999999999872e-01
5.147000000000000000e+03 2.568477000000000121e-01
5.148000000000000000e+03 2.568254999999999844e-01
5.149000000000000000e+03 2.568033000000000121e-01
5.150000000000000000e+03 2.567811999999999872e-01
5.151000000000000000e+03 2.567590000000000150e-01
5.152000000000000000e+03 2.567245000000000221e-01
5.153000000000000000e+03 2.566804999999999781e-01
5.154000000000000000e+03 2.566364999999999896e-01
5.155000000000000000e+03 2.565926000000000040e-01
5.156000000000000000e+03 2.565487000000000184e-01
5.157000000000000000e+03 2.565046000000000270e-01
5.158000000000000000e+03 2.564606999999999859e-01
5.159000000000000000e+03 2.564165999999999945e-01
5.160000000000000000e+03 2.563728000000000118e-01
5.161000000000000000e+03 2.563287000000000204e-01
5.162000000000000000e+03 2.562996000000000163e-01
5.163000000000000000e+03 2.562818000000000040e-01
5.164000000000000000e+03 2.562640999999999947e-01
5.165000000000000000e+03 2.562463999999999853e-01
5.166000000000000000e+03 2.562286999999999759e-01
5.167000000000000000e+03 2.562110000000000221e-01
5.168000000000000000e+03 2.561932000000000098e-01
5.169000000000000000e+03 2.561753999999999976e-01
5.170000000000000000e+03 2.561577999999999911e-01
5.171000000000000000e+03 2.561398999999999759e-01
5.172000000000000000e+03 2.561269999999999936e-01
5.173000000000000000e+03 2.561180000000000123e-01
5.174000000000000000e+03 2.561091999999999813e-01
5.175000000000000000e+03 2.561003000000000029e-01
5.176000000000000000e+03 2.560914000000000246e-01
5.177000000000000000e+03 2.560823999999999878e-01
5.178000000000000000e+03 2.560734000000000066e-01
5.179000000000000000e+03 2.560644000000000253e-01
5.180000000000000000e+03 2.560556999999999972e-01
5.181000000000000000e+03 2.560466000000000131e-01
5.182000000000000000e+03 2.560140000000000193e-01
5.183000000000000000e+03 2.559626999999999875e-01
5.184000000000000000e+03 2.559113000000000082e-01
5.185000000000000000e+03 2.558599999999999763e-01
5.186000000000000000e+03 2.558087000000000000e-01
5.187000000000000000e+03 2.557573000000000207e-01
5.188000000000000000e+03 2.557060999999999917e-01
5.189000000000000000e+03 2.556547000000000125e-01
5.190000000000000000e+03 2.556033999999999806e-01
5.191000000000000000e+03 2.555521000000000043e-01
5.192000000000000000e+03 2.555216000000000154e-01
5.193000000000000000e+03 2.555080000000000129e-01
5.194000000000000000e+03 2.554945000000000133e-01
5.195000000000000000e+03 2.554809000000000108e-01
5.196000000000000000e+03 2.554672000000000054e-01
5.197000000000000000e+03 2.554536000000000029e-01
5.198000000000000000e+03 2.554401000000000033e-01
5.199000000000000000e+03 2.554265000000000008e-01
5.200000000000000000e+03 2.554128999999999983e-01
5.201000000000000000e+03 2.553992999999999958e-01
5.202000000000000000e+03 2.554038000000000141e-01
5.203000000000000000e+03 2.554230000000000111e-01
5.204000000000000000e+03 2.554422000000000081e-01
5.205000000000000000e+03 2.554614000000000051e-01
5.206000000000000000e+03 2.554804999999999993e-01
5.207000000000000000e+03 2.554996999999999963e-01
5.208000000000000000e+03 2.555188999999999933e-01
5.209000000000000000e+03 2.555379999999999874e-01
5.210000000000000000e+03 2.555571999999999844e-01
5.211000000000000000e+03 2.555761999999999756e-01
5.212000000000000000e+03 2.555855000000000210e-01
5.213000000000000000e+03 2.555865999999999971e-01
5.214000000000000000e+03 2.555876999999999732e-01
5.215000000000000000e+03 2.555888000000000049e-01
5.216000000000000000e+03 2.555899999999999839e-01
5.217000000000000000e+03 2.555910000000000126e-01
5.218000000000000000e+03 2.555920999999999887e-01
5.219000000000000000e+03 2.555931000000000175e-01
5.220000000000000000e+03 2.555941999999999936e-01
5.221000000000000000e+03 2.555952000000000224e-01
5.222000000000000000e+03 2.556025000000000102e-01
5.223000000000000000e+03 2.556149999999999811e-01
5.224000000000000000e+03 2.556275000000000075e-01
5.225000000000000000e+03 2.556398999999999755e-01
5.226000000000000000e+03 2.556525000000000047e-01
5.227000000000000000e+03 2.556649999999999756e-01
5.228000000000000000e+03 2.556775000000000020e-01
5.229000000000000000e+03 2.556899000000000255e-01
5.230000000000000000e+03 2.557023999999999964e-01
5.231000000000000000e+03 2.557163000000000075e-01
5.232000000000000000e+03 2.557586000000000026e-01
5.233000000000000000e+03 2.558248000000000189e-01
5.234000000000000000e+03 2.558907999999999738e-01
5.235000000000000000e+03 2.559569999999999901e-01
5.236000000000000000e+03 2.560230000000000006e-01
5.237000000000000000e+03 2.560892000000000168e-01
5.238000000000000000e+03 2.561552999999999747e-01
5.239000000000000000e+03 2.562213999999999881e-01
5.240000000000000000e+03 2.562875000000000014e-01
5.241000000000000000e+03 2.563536000000000148e-01
5.242000000000000000e+03 2.564102999999999799e-01
5.243000000000000000e+03 2.564593000000000012e-01
5.244000000000000000e+03 2.565082000000000195e-01
5.245000000000000000e+03 2.565570999999999824e-01
5.246000000000000000e+03 2.566060000000000008e-01
5.247000000000000000e+03 2.566549000000000191e-01
5.248000000000000000e+03 2.567037999999999820e-01
5.249000000000000000e+03 2.567525999999999975e-01
5.250000000000000000e+03 2.568015000000000159e-01
5.251000000000000000e+03 2.568504999999999816e-01
5.252000000000000000e+03 2.568818999999999964e-01
5.253000000000000000e+03 2.568984000000000267e-01
5.254000000000000000e+03 2.569147999999999987e-01
5.255000000000000000e+03 2.569312999999999736e-01
5.256000000000000000e+03 2.569478000000000040e-01
5.257000000000000000e+03 2.569641999999999760e-01
5.258000000000000000e+03 2.569807000000000063e-01
5.259000000000000000e+03 2.569971999999999812e-01
5.260000000000000000e+03 2.570136000000000087e-01
5.261000000000000000e+03 2.570300999999999836e-01
5.262000000000000000e+03 2.570603000000000193e-01
5.263000000000000000e+03 2.571023000000000058e-01
5.264000000000000000e+03 2.571442999999999923e-01
5.265000000000000000e+03 2.571862999999999788e-01
5.266000000000000000e+03 2.572282000000000179e-01
5.267000000000000000e+03 2.572702000000000044e-01
5.268000000000000000e+03 2.573121999999999909e-01
5.269000000000000000e+03 2.573540999999999745e-01
5.270000000000000000e+03 2.573960000000000137e-01
5.271000000000000000e+03 2.574380000000000002e-01
5.272000000000000000e+03 2.574447999999999737e-01
5.273000000000000000e+03 2.574210000000000109e-01
5.274000000000000000e+03 2.573970999999999898e-01
5.275000000000000000e+03 2.573733000000000271e-01
5.276000000000000000e+03 2.573494000000000059e-01
5.277000000000000000e+03 2.573255999999999877e-01
5.278000000000000000e+03 2.573017000000000221e-01
5.279000000000000000e+03 2.572779000000000038e-01
5.280000000000000000e+03 2.572540999999999856e-01
5.281000000000000000e+03 2.572301000000000171e-01
5.282000000000000000e+03 2.571731999999999907e-01
5.283000000000000000e+03 2.570869000000000071e-01
5.284000000000000000e+03 2.570006000000000235e-01
5.285000000000000000e+03 2.569142999999999843e-01
5.286000000000000000e+03 2.568281000000000036e-01
5.287000000000000000e+03 2.567419000000000229e-01
5.288000000000000000e+03 2.566556999999999866e-01
5.289000000000000000e+03 2.565693000000000001e-01
5.290000000000000000e+03 2.564831000000000194e-01
5.291000000000000000e+03 2.563968999999999832e-01
5.292000000000000000e+03 2.563020999999999772e-01
5.293000000000000000e+03 2.561997999999999776e-01
5.294000000000000000e+03 2.560974999999999779e-01
5.295000000000000000e+03 2.559951999999999783e-01
5.296000000000000000e+03 2.558928999999999787e-01
5.297000000000000000e+03 2.557905999999999791e-01
5.298000000000000000e+03 2.556882999999999795e-01
5.299000000000000000e+03 2.555858999999999770e-01
5.300000000000000000e+03 2.554836999999999803e-01
5.301000000000000000e+03 2.553812999999999778e-01
5.302000000000000000e+03 2.552184000000000119e-01
5.303000000000000000e+03 2.550006000000000217e-01
5.304000000000000000e+03 2.547826999999999731e-01
5.305000000000000000e+03 2.545648999999999829e-01
5.306000000000000000e+03 2.543470999999999926e-01
5.307000000000000000e+03 2.541291999999999995e-01
5.308000000000000000e+03 2.539115000000000122e-01
5.309000000000000000e+03 2.536936000000000191e-01
5.310000000000000000e+03 2.534758999999999762e-01
5.311000000000000000e+03 2.532579999999999831e-01
5.312000000000000000e+03 2.530182000000000264e-01
5.313000000000000000e+03 2.527580999999999856e-01
5.314000000000000000e+03 2.524981000000000031e-01
5.315000000000000000e+03 2.522381000000000206e-01
5.316000000000000000e+03 2.519781999999999855e-01
5.317000000000000000e+03 2.517182000000000031e-01
5.318000000000000000e+03 2.514583000000000235e-01
5.319000000000000000e+03 2.511982999999999855e-01
5.320000000000000000e+03 2.509384000000000059e-01
5.321000000000000000e+03 2.506784000000000234e-01
5.322000000000000000e+03 2.504121000000000263e-01
5.323000000000000000e+03 2.501398000000000232e-01
5.324000000000000000e+03 2.498675999999999953e-01
5.325000000000000000e+03 2.495953999999999950e-01
5.326000000000000000e+03 2.493230999999999919e-01
5.327000000000000000e+03 2.490509999999999946e-01
5.328000000000000000e+03 2.487786999999999915e-01
5.329000000000000000e+03 2.485063999999999884e-01
5.330000000000000000e+03 2.482342999999999911e-01
5.331000000000000000e+03 2.479619999999999880e-01
5.332000000000000000e+03 2.476775999999999978e-01
5.333000000000000000e+03 2.473818000000000128e-01
5.334000000000000000e+03 2.470858999999999972e-01
5.335000000000000000e+03 2.467901999999999874e-01
5.336000000000000000e+03 2.464944000000000024e-01
5.337000000000000000e+03 2.461985999999999897e-01
5.338000000000000000e+03 2.459029000000000076e-01
5.339000000000000000e+03 2.456069999999999920e-01
5.340000000000000000e+03 2.453114000000000128e-01
5.341000000000000000e+03 2.450157000000000029e-01
5.342000000000000000e+03 2.447120000000000128e-01
5.343000000000000000e+03 2.444011000000000100e-01
5.344000000000000000e+03 2.440902000000000072e-01
5.345000000000000000e+03 2.437792000000000014e-01
5.346000000000000000e+03 2.434685000000000044e-01
5.347000000000000000e+03 2.431574999999999986e-01
5.348000000000000000e+03 2.428466999999999987e-01
5.349000000000000000e+03 2.425356999999999930e-01
5.350000000000000000e+03 2.422248999999999930e-01
5.351000000000000000e+03 2.419138999999999873e-01
5.352000000000000000e+03 2.416488999999999998e-01
5.353000000000000000e+03 2.414280000000000037e-01
5.354000000000000000e+03 2.412070000000000047e-01
5.355000000000000000e+03 2.409861000000000086e-01
5.356000000000000000e+03 2.407652999999999877e-01
5.357000000000000000e+03 2.405442999999999887e-01
5.358000000000000000e+03 2.403232999999999897e-01
5.359000000000000000e+03 2.401023999999999936e-01
5.360000000000000000e+03 2.398816000000000004e-01
5.361000000000000000e+03 2.396606000000000014e-01
5.362000000000000000e+03 2.394711999999999952e-01
5.363000000000000000e+03 2.393124000000000084e-01
5.364000000000000000e+03 2.391535999999999940e-01
5.365000000000000000e+03 2.389949000000000101e-01
5.366000000000000000e+03 2.388360999999999956e-01
5.367000000000000000e+03 2.386773000000000089e-01
5.368000000000000000e+03 2.385185999999999973e-01
5.369000000000000000e+03 2.383598000000000106e-01
5.370000000000000000e+03 2.382010999999999989e-01
5.371000000000000000e+03 2.380423000000000122e-01
5.372000000000000000e+03 2.378954000000000069e-01
5.373000000000000000e+03 2.377599999999999991e-01
5.374000000000000000e+03 2.376247999999999971e-01
5.375000000000000000e+03 2.374893999999999894e-01
5.376000000000000000e+03 2.373541999999999874e-01
5.377000000000000000e+03 2.372188000000000074e-01
5.378000000000000000e+03 2.370836000000000054e-01
5.379000000000000000e+03 2.369481999999999977e-01
5.380000000000000000e+03 2.368129999999999957e-01
5.381000000000000000e+03 2.366777999999999937e-01
5.382000000000000000e+03 2.365749000000000046e-01
5.383000000000000000e+03 2.365041999999999978e-01
5.384000000000000000e+03 2.364333000000000129e-01
5.385000000000000000e+03 2.363625000000000032e-01
5.386000000000000000e+03 2.362917999999999963e-01
5.387000000000000000e+03 2.362209000000000114e-01
5.388000000000000000e+03 2.361502000000000046e-01
5.389000000000000000e+03 2.360794999999999977e-01
5.390000000000000000e+03 2.360086999999999879e-01
5.391000000000000000e+03 2.359379000000000060e-01
5.392000000000000000e+03 2.358943000000000012e-01
5.393000000000000000e+03 2.358777999999999986e-01
5.394000000000000000e+03 2.358612999999999960e-01
5.395000000000000000e+03 2.358447999999999933e-01
5.396000000000000000e+03 2.358281999999999878e-01
5.397000000000000000e+03 2.358117000000000130e-01
5.398000000000000000e+03 2.357953000000000132e-01
5.399000000000000000e+03 2.357787000000000077e-01
5.400000000000000000e+03 2.357622000000000051e-01
5.401000000000000000e+03 2.357454999999999967e-01
5.402000000000000000e+03 2.357059999999999989e-01
5.403000000000000000e+03 2.356434000000000029e-01
5.404000000000000000e+03 2.355807000000000040e-01
5.405000000000000000e+03 2.355181000000000080e-01
5.406000000000000000e+03 2.354555000000000120e-01
5.407000000000000000e+03 2.353928000000000131e-01
5.408000000000000000e+03 2.353301999999999894e-01
5.409000000000000000e+03 2.352675999999999934e-01
5.410000000000000000e+03 2.352049999999999974e-01
5.411000000000000000e+03 2.351421999999999957e-01
5.412000000000000000e+03 2.350748000000000004e-01
5.413000000000000000e+03 2.350024000000000002e-01
5.414000000000000000e+03 2.349301000000000028e-01
5.415000000000000000e+03 2.348578000000000054e-01
5.416000000000000000e+03 2.347854000000000052e-01
5.417000000000000000e+03 2.347130000000000050e-01
5.418000000000000000e+03 2.346407000000000076e-01
5.419000000000000000e+03 2.345683000000000074e-01
5.420000000000000000e+03 2.344961000000000129e-01
5.421000000000000000e+03 2.344236000000000097e-01
5.422000000000000000e+03 2.343227999999999978e-01
5.423000000000000000e+03 2.341928000000000065e-01
5.424000000000000000e+03 2.340629999999999933e-01
5.425000000000000000e+03 2.339330000000000020e-01
5.426000000000000000e+03 2.338031000000000137e-01
5.427000000000000000e+03 2.336731999999999976e-01
5.428000000000000000e+03 2.335433000000000092e-01
5.429000000000000000e+03 2.334132999999999902e-01
5.430000000000000000e+03 2.332835000000000047e-01
5.431000000000000000e+03 2.331533000000000078e-01
5.432000000000000000e+03 2.330015000000000003e-01
5.433000000000000000e+03 2.328272000000000119e-01
5.434000000000000000e+03 2.326528999999999958e-01
5.435000000000000000e+03 2.324787000000000103e-01
5.436000000000000000e+03 2.323043999999999942e-01
5.437000000000000000e+03 2.321302000000000088e-01
5.438000000000000000e+03 2.319558999999999926e-01
5.439000000000000000e+03 2.317816000000000043e-01
5.440000000000000000e+03 2.316073999999999911e-01
5.441000000000000000e+03 2.314331000000000027e-01
5.442000000000000000e+03 2.312533999999999978e-01
5.443000000000000000e+03 2.310679999999999956e-01
5.444000000000000000e+03 2.308826999999999963e-01
5.445000000000000000e+03 2.306972999999999940e-01
5.446000000000000000e+03 2.305119999999999947e-01
5.447000000000000000e+03 2.303266999999999953e-01
5.448000000000000000e+03 2.301412999999999931e-01
5.449000000000000000e+03 2.299559999999999937e-01
5.450000000000000000e+03 2.297706999999999944e-01
5.451000000000000000e+03 2.295851999999999893e-01
5.452000000000000000e+03 2.294113000000000124e-01
5.453000000000000000e+03 2.292499000000000065e-01
5.454000000000000000e+03 2.290883999999999976e-01
5.455000000000000000e+03 2.289269999999999916e-01
5.456000000000000000e+03 2.287656000000000134e-01
5.457000000000000000e+03 2.286041000000000045e-01
5.458000000000000000e+03 2.284426999999999985e-01
5.459000000000000000e+03 2.282811999999999897e-01
5.460000000000000000e+03 2.281198999999999866e-01
5.461000000000000000e+03 2.279583000000000026e-01
5.462000000000000000e+03 2.277463000000000126e-01
5.463000000000000000e+03 2.274800999999999906e-01
5.464000000000000000e+03 2.272139999999999993e-01
5.465000000000000000e+03 2.269478000000000051e-01
5.466000000000000000e+03 2.266817000000000137e-01
5.467000000000000000e+03 2.264155999999999946e-01
5.468000000000000000e+03 2.261495000000000033e-01
5.469000000000000000e+03 2.258834000000000120e-01
5.470000000000000000e+03 2.256172999999999929e-01
5.471000000000000000e+03 2.253510999999999986e-01
5.472000000000000000e+03 2.248793000000000042e-01
5.473000000000000000e+03 2.241846999999999868e-01
5.474000000000000000e+03 2.234899999999999942e-01
5.475000000000000000e+03 2.227954000000000045e-01
5.476000000000000000e+03 2.221008999999999900e-01
5.477000000000000000e+03 2.214063000000000003e-01
5.478000000000000000e+03 2.207118000000000135e-01
5.479000000000000000e+03 2.200172999999999990e-01
5.480000000000000000e+03 2.193228000000000122e-01
5.481000000000000000e+03 2.186282999999999976e-01
5.482000000000000000e+03 2.174280000000000102e-01
5.483000000000000000e+03 2.156741000000000075e-01
5.484000000000000000e+03 2.139204000000000105e-01
5.485000000000000000e+03 2.121667000000000136e-01
5.486000000000000000e+03 2.104131999999999947e-01
5.487000000000000000e+03 2.086596000000000006e-01
5.488000000000000000e+03 2.069062000000000123e-01
5.489000000000000000e+03 2.051527999999999963e-01
5.490000000000000000e+03 2.033996000000000137e-01
5.491000000000000000e+03 2.016461999999999977e-01
5.492000000000000000e+03 1.991633999999999904e-01
5.493000000000000000e+03 1.958679000000000114e-01
5.494000000000000000e+03 1.925742000000000009e-01
5.495000000000000000e+03 1.892805999999999933e-01
5.496000000000000000e+03 1.859870999999999885e-01
5.497000000000000000e+03 1.826938999999999924e-01
5.498000000000000000e+03 1.794007999999999992e-01
5.499000000000000000e+03 1.761077000000000059e-01
5.500000000000000000e+03 1.728148999999999935e-01
5.501000000000000000e+03 1.695216999999999974e-01
5.502000000000000000e+03 1.656575000000000131e-01
5.503000000000000000e+03 1.611547000000000118e-01
5.504000000000000000e+03 1.566521999999999915e-01
5.505000000000000000e+03 1.521499000000000046e-01
5.506000000000000000e+03 1.476478999999999986e-01
5.507000000000000000e+03 1.431459999999999955e-01
5.508000000000000000e+03 1.386444000000000010e-01
5.509000000000000000e+03 1.341430000000000122e-01
5.510000000000000000e+03 1.296419000000000044e-01
5.511000000000000000e+03 1.251408999999999994e-01
5.512000000000000000e+03 1.206708999999999976e-01
5.513000000000000000e+03 1.162359000000000031e-01
5.514000000000000000e+03 1.118011000000000005e-01
5.515000000000000000e+03 1.073665000000000036e-01
5.516000000000000000e+03 1.029322000000000015e-01
5.517000000000000000e+03 9.850022999999999418e-02
5.518000000000000000e+03 9.406417999999999724e-02
5.519000000000000000e+03 8.963047999999999849e-02
5.520000000000000000e+03 8.519706999999999975e-02
5.521000000000000000e+03 8.076386000000000676e-02
5.522000000000000000e+03 7.690160000000000051e-02
5.523000000000000000e+03 7.369146000000000030e-02
5.524000000000000000e+03 7.048147000000000439e-02
5.525000000000000000e+03 6.727168999999999510e-02
5.526000000000000000e+03 6.406204999999999539e-02
5.527000000000000000e+03 6.085261000000000142e-02
5.528000000000000000e+03 5.764485999999999916e-02
5.529000000000000000e+03 5.443413999999999892e-02
5.530000000000000000e+03 5.122518999999999684e-02
5.531000000000000000e+03 4.801636000000000098e-02
5.532000000000000000e+03 4.533514000000000294e-02
5.533000000000000000e+03 4.326266000000000139e-02
5.534000000000000000e+03 4.119231000000000281e-02
5.535000000000000000e+03 3.912105999999999917e-02
5.536000000000000000e+03 3.704993000000000175e-02
5.537000000000000000e+03 3.497888999999999859e-02
5.538000000000000000e+03 3.290797000000000166e-02
5.539000000000000000e+03 3.083819000000000143e-02
5.540000000000000000e+03 2.876545999999999964e-02
5.541000000000000000e+03 2.669585999999999834e-02
5.542000000000000000e+03 2.504935000000000148e-02
5.543000000000000000e+03 2.389776999999999874e-02
5.544000000000000000e+03 2.274624999999999911e-02
5.545000000000000000e+03 2.159478999999999912e-02
5.546000000000000000e+03 2.044340999999999867e-02
5.547000000000000000e+03 1.929207000000000144e-02
5.548000000000000000e+03 1.814135999999999874e-02
5.549000000000000000e+03 1.698960000000000053e-02
5.550000000000000000e+03 1.583845999999999865e-02
5.551000000000000000e+03 1.468736999999999994e-02
5.552000000000000000e+03 1.378349000000000067e-02
5.553000000000000000e+03 1.317153000000000074e-02
5.554000000000000000e+03 1.255962000000000051e-02
5.555000000000000000e+03 1.194773000000000016e-02
5.556000000000000000e+03 1.133587999999999957e-02
5.557000000000000000e+03 1.072406000000000054e-02
5.558000000000000000e+03 1.011226999999999959e-02
5.559000000000000000e+03 9.500820999999999572e-03
5.560000000000000000e+03 8.888803000000000676e-03
5.561000000000000000e+03 8.277115999999999293e-03
5.562000000000000000e+03 7.792117999999999788e-03
5.563000000000000000e+03 7.458203000000000055e-03
5.564000000000000000e+03 7.124306999999999862e-03
5.565000000000000000e+03 6.790433999999999706e-03
5.566000000000000000e+03 6.456573999999999647e-03
5.567000000000000000e+03 6.122734999999999810e-03
5.568000000000000000e+03 5.788914000000000039e-03
5.569000000000000000e+03 5.455113000000000149e-03
5.570000000000000000e+03 5.121167999999999727e-03
5.571000000000000000e+03 4.787162000000000188e-03
5.572000000000000000e+03 4.520643999999999878e-03
5.573000000000000000e+03 4.335732000000000128e-03
5.574000000000000000e+03 4.150863999999999769e-03
5.575000000000000000e+03 3.966037000000000382e-03
5.576000000000000000e+03 3.781253000000000045e-03
5.577000000000000000e+03 3.596507999999999997e-03
5.578000000000000000e+03 3.411805999999999867e-03
5.579000000000000000e+03 3.227146000000000181e-03
5.580000000000000000e+03 3.042529999999999887e-03
5.581000000000000000e+03 2.858105000000000107e-03
5.582000000000000000e+03 2.708952000000000148e-03
5.583000000000000000e+03 2.602478000000000083e-03
5.584000000000000000e+03 2.496010999999999803e-03
5.585000000000000000e+03 2.389548999999999927e-03
5.586000000000000000e+03 2.283093999999999835e-03
5.587000000000000000e+03 2.176644000000000148e-03
5.588000000000000000e+03 2.070202000000000153e-03
5.589000000000000000e+03 1.963765000000000129e-03
5.590000000000000000e+03 1.857282999999999937e-03
5.591000000000000000e+03 1.750910000000000053e-03
5.592000000000000000e+03 1.663891000000000025e-03
5.593000000000000000e+03 1.600903999999999999e-03
5.594000000000000000e+03 1.537890999999999998e-03
5.595000000000000000e+03 1.474880000000000028e-03
5.596000000000000000e+03 1.411872999999999904e-03
5.597000000000000000e+03 1.348870000000000060e-03
5.598000000000000000e+03 1.285871000000000063e-03
5.599000000000000000e+03 1.222875000000000004e-03
5.600000000000000000e+03 1.159883000000000008e-03
5.601000000000000000e+03 1.096863000000000005e-03
5.602000000000000000e+03 1.045163999999999902e-03
5.603000000000000000e+03 1.007438999999999947e-03
5.604000000000000000e+03 9.697520999999999745e-04
5.605000000000000000e+03 9.320495999999999946e-04
5.606000000000000000e+03 8.943491999999999718e-04
5.607000000000000000e+03 8.566512000000000085e-04
5.608000000000000000e+03 8.189554000000000365e-04
5.609000000000000000e+03 7.812617999999999473e-04
5.610000000000000000e+03 7.435519999999999716e-04
5.611000000000000000e+03 7.058808000000000400e-04
5.612000000000000000e+03 6.747962999999999618e-04
5.613000000000000000e+03 6.520710000000000525e-04
5.614000000000000000e+03 6.293362000000000478e-04
5.615000000000000000e+03 6.066030000000000467e-04
5.616000000000000000e+03 5.838710000000000211e-04
5.617000000000000000e+03 5.611401999999999710e-04
5.618000000000000000e+03 5.384218999999999550e-04
5.619000000000000000e+03 5.156829000000000360e-04
5.620000000000000000e+03 4.929561999999999746e-04
5.621000000000000000e+03 4.702193999999999927e-04
5.622000000000000000e+03 4.508326999999999907e-04
5.623000000000000000e+03 4.356704999999999888e-04
5.624000000000000000e+03 4.205093999999999824e-04
5.625000000000000000e+03 4.053490999999999778e-04
5.626000000000000000e+03 3.901895999999999750e-04
5.627000000000000000e+03 3.750385000000000177e-04
5.628000000000000000e+03 3.598734999999999825e-04
5.629000000000000000e+03 3.447243000000000225e-04
5.630000000000000000e+03 3.295611000000000048e-04
5.631000000000000000e+03 3.143980000000000212e-04
5.632000000000000000e+03 3.016278999999999857e-04
5.633000000000000000e+03 2.919396999999999791e-04
5.634000000000000000e+03 2.822527000000000022e-04
5.635000000000000000e+03 2.725666999999999869e-04
5.636000000000000000e+03 2.628819000000000012e-04
