PS1-10w 0.031255 160.674500 58.843920
#PS1-10w 160.6745 58.84392 Anonymous  -999 0.031255 0.001 Rest+2014 Rest+2014 PanSTARRS1 Rest+2014           	  Ia   --
# ['H' 'J' 'Ks' 'g' 'i' 'r' 'z']
# ['' 'GPC'] on ['PAIRITEL' 'PS1']
filter H2m
# PAIRITEL
55244.40 17.570 0.170
55245.24 17.440 0.110
55253.34 17.800 0.170
55254.25 17.860 0.250
55267.24 17.600 0.250
55268.20 17.560 0.180
55269.27 17.440 0.250
55270.20 17.340 0.170
55277.29 17.360 0.170
55278.26 17.670 0.250
filter J2m
# PAIRITEL
55243.28 17.290 0.020
55244.40 17.170 0.050
55245.24 17.000 0.060
55253.34 18.270 0.100
55254.25 18.480 0.040
55268.20 18.960 0.150
55269.27 18.910 0.250
55270.20 18.780 0.250
55277.29 18.190 0.170
55278.26 18.160 0.120
filter Ks2m
# PAIRITEL
55243.28 17.670 0.170
55245.24 17.650 0.170
55253.34 18.140 0.310
55268.20 18.070 0.180
55278.26 17.350 0.340
filter ps1_g
# PS1
55233.49 19.442 0.023
55236.57 17.986 0.019
55239.51 17.226 0.029
55248.50 16.615 0.037
55251.41 16.697 0.036
55266.51 17.842 0.014
55275.44 18.697 0.024
55281.28 19.110 0.041
55293.38 19.455 0.032
55305.31 19.706 0.047
55320.36 19.893 0.028
55326.31 19.978 0.033
55329.34 20.044 0.034
55332.28 20.087 0.032
55338.27 20.126 0.058
55350.27 20.322 0.040
55353.32 20.375 0.031
filter ps1_i
# PS1
55231.46 21.157 0.065
55234.53 19.102 0.039
55237.52 17.974 0.055
55240.50 17.378 0.033
55243.36 17.215 0.032
55246.44 17.225 0.020
55264.50 17.932 0.011
55288.42 18.572 0.011
55330.28 20.122 0.035
55348.31 20.690 0.046
filter ps1_r
# PS1
55230.52 21.760 0.147
55233.50 19.272 0.012
55236.58 18.011 0.020
55239.52 17.278 0.014
55242.52 16.944 0.022
55251.43 16.764 0.023
55266.52 17.317 0.013
55275.46 17.657 0.013
55281.29 18.090 0.024
55305.32 18.906 0.013
55320.38 19.376 0.012
55326.32 19.556 0.016
55329.35 19.714 0.020
55332.30 19.704 0.014
55350.28 20.292 0.026
55353.33 20.410 0.023
filter ps1_z
# PS1
55235.56 18.780 0.008
55238.49 17.942 0.012
55241.44 17.542 0.039
55247.44 17.355 0.011
55259.48 17.737 0.009
55280.33 18.045 0.011
55289.42 18.679 0.008
55298.37 19.190 0.015
55304.29 19.499 0.018
55334.28 21.012 0.046
55352.26 21.645 0.077
