PTF10icb 0.008544 193.704840 58.881980
#PTF10icb 193.70484 58.88198 MCG_+10-19-1  -999 0.008544 8e-06 NED_21-cm_or_Opt_Smallest_Error ATEL_2657 PTF ATEL_2657   Ia
# ['' 'B' 'H' 'J' 'Ks' 'R' 'U' 'UVM2' 'UVW1' 'UVW2' 'V']
# ['' 'UVOT' 'VLA'] on ['' 'PAIRITEL' 'Swift' 'p48']
filter B_UVOT
# Swift
55358.48 14.548 0.047
55361.16 14.549 0.048
55362.32 14.532 0.048
55364.50 14.592 0.048
55366.51 14.672 0.049
55368.54 14.811 0.051
55370.12 14.920 0.052
55372.92 15.135 0.057
55374.16 15.335 0.063
55376.33 15.535 0.064
55378.08 15.718 0.066
55380.16 15.892 0.068
filter H2m
# PAIRITEL
55351.18 15.270 0.080
55353.18 14.960 0.060
55354.17 14.950 0.020
55355.24 14.900 0.080
55356.18 14.800 0.170
55358.27 14.840 0.040
55359.17 14.840 0.020
55360.20 14.900 0.060
55369.16 15.220 0.110
55370.17 15.250 0.100
55371.15 15.350 0.020
55381.15 14.890 0.050
filter J2m
# PAIRITEL
55351.18 15.210 0.060
55353.18 14.950 0.040
55354.17 14.770 0.030
55355.24 14.640 0.010
55356.18 14.640 0.050
55358.27 14.640 0.010
55359.17 14.630 0.020
55360.20 14.760 0.020
55369.16 15.700 0.060
55370.17 15.750 0.070
55371.15 15.840 0.050
55381.15 16.260 0.110
filter Ks2m
# PAIRITEL
55354.17 15.650 0.180
55355.24 15.490 0.100
55356.18 15.130 0.240
55360.20 14.580 0.250
55370.17 15.690 0.250
55371.15 16.160 0.190
55381.15 15.830 0.170
filter U_UVOT
# Swift
55356.47 14.123 0.045
55358.48 14.075 0.046
55361.16 14.116 0.047
55362.32 14.231 0.048
55364.50 14.410 0.050
55366.51 14.666 0.054
55368.58 14.858 0.059
55370.12 15.062 0.062
55372.92 15.428 0.072
55374.16 15.642 0.077
55376.33 15.944 0.081
55378.08 16.122 0.086
55380.16 16.480 0.097
filter UVM2
# Swift
55358.48 18.815 0.307
55361.16 18.666 0.286
55362.26 18.465 0.358
55364.50 19.082 0.378
55366.51 18.397 0.306
55368.55 19.168 0.430
55370.13 19.191 0.414
filter UVW1
# Swift
55355.47 16.003 0.073
55358.48 15.717 0.074
55361.16 15.839 0.077
55362.33 15.975 0.079
55364.49 16.082 0.080
55366.51 16.334 0.086
55368.58 16.625 0.094
55370.12 16.827 0.102
55372.92 17.200 0.120
55374.16 17.314 0.130
55376.33 17.539 0.141
55378.08 17.771 0.164
55380.16 18.200 0.216
filter UVW2
# Swift
55358.48 17.389 0.133
55361.16 17.555 0.148
55362.32 17.651 0.174
55364.50 17.869 0.169
55366.51 18.058 0.191
55368.55 18.343 0.240
55370.13 18.210 0.209
55372.93 18.559 0.264
55374.17 18.870 0.337
55376.34 19.166 0.406
55378.08 19.227 0.434
filter V_UVOT
# Swift
55358.48 14.542 0.060
55361.16 14.494 0.061
55362.25 14.437 0.067
55364.50 14.525 0.060
55366.51 14.517 0.060
55368.55 14.569 0.063
55370.13 14.676 0.061
55372.93 14.811 0.063
55374.17 14.899 0.065
55376.34 15.046 0.065
55378.09 15.123 0.066
55380.17 15.286 0.069
#filter i60
#55348.20587 16.69 0.05
#55348.40735 16.51 0.06
#filter r60
#55348.20747 17.05 0.05
#filter g60
#55348.20906 16.50 0.07
filter PTF48R
# from Firth and Dimitriadis
#55313.365 20.643 9.999
#55313.408 20.624 9.999
#55318.438 20.941 9.999
#55318.481 20.819 9.999
#55323.433 21.182 9.999
#55323.477 21.052 9.999
55331.331 21.257 9.999
55331.376 21.252 9.999
55338.295 20.787 0.337
55338.349 20.848 9.999
55346.284 17.297 0.016
55346.328 17.272 0.017
55352.273 15.204 0.006
55352.319 15.169 0.006
55357.312 14.706 0.004
55357.359 14.663 0.004
55363.235 14.603 0.005
55363.293 14.623 0.005
55368.307 14.766 0.005
55368.352 14.769 0.004
55375.276 15.255 0.006
55375.322 15.285 0.006
55380.276 15.366 0.006
55380.320 15.358 0.006
55386.217 15.417 0.006
55386.261 15.421 0.006
55398.210 15.996 0.008
55398.254 15.997 0.008
