PTF10bjs 0.03001 195.296550 53.816040
#PTF10bjs 195.29655 53.81604 MCG_+09-21-83  -999 0.030027 7.3e-05 NED_Host_Galaxy_Name ATEL_2453 PTF ATEL_2453   Ia
# ['H' 'J' 'Ks' 'R']
# [''] on ['P48' 'PAIRITEL']
#PTF specz=0.0296
filter PTF48R
# from Firth and Dimitriadis
#55203.458 21.560 9.999
#55203.502 21.611 9.999
#55207.423 21.708 9.999
#55207.468 21.752 9.999
#55211.438 20.845 9.999
#55211.509 21.391 9.999
#55221.326 21.342 9.999
#55221.371 21.404 9.999
#55244.352 21.767 9.999
#55244.396 21.775 9.999
55246.482 19.162 0.052
55246.527 19.246 0.059
55250.560 17.255 0.015
55251.177 17.074 0.223
55251.319 17.043 0.029
55253.421 16.629 0.092
55253.469 16.859 0.024
55269.433 16.498 0.007
55269.478 16.486 0.007
55280.245 17.155 0.016
55280.290 17.135 0.016
55283.459 17.147 0.018
55283.490 17.153 0.018
55290.377 17.211 0.011
55290.420 17.201 0.011
55295.446 17.386 0.011
55295.457 17.478 0.011
55300.464 17.747 0.013
55300.508 17.713 0.015
55311.335 18.177 0.026
55311.379 18.229 0.027
55316.390 18.433 0.034
55316.433 18.366 0.034
55323.367 18.663 0.023
55323.410 18.590 0.025
55330.382 18.834 0.030
55330.428 18.825 0.034
55338.204 19.065 0.042
55338.247 18.964 0.047
55349.277 19.375 0.039
55349.329 19.326 0.076
55355.225 19.628 0.045
55355.268 19.614 0.045
55360.266 19.700 0.055
55360.315 19.569 0.056
55365.283 19.866 0.063
55365.329 19.928 0.066
#55513.507 20.791 9.999
#55513.551 20.788 9.999
#55515.459 20.951 9.999
#55515.502 21.267 9.999
#55516.476 21.427 9.999
#55516.529 21.482 9.999
#55518.489 21.414 9.999
#55519.479 18.470 9.999
#55519.523 21.115 9.999
#55525.543 20.654 9.999
#55526.547 21.273 9.999
#55527.542 21.316 9.999
#55530.440 20.761 9.999
#55531.422 21.002 9.999
#55531.470 21.278 9.999
#55532.441 20.854 9.999
#55532.484 21.104 9.999
#55537.391 21.143 9.999
#55537.542 21.355 9.999
#55538.501 21.639 9.999
#55538.557 21.611 9.999
#55539.535 21.620 9.999
#55542.552 21.342 9.999
filter LTg
# from Firth and Dimitriadis
55264.109 16.031 0.004
55268.023 16.140 0.004
55275.965 16.725 0.005
55279.894 16.930 0.009
55284.046 17.271 0.011
filter LTr
# from Firth and Dimitriadis
55264.110 16.227 0.004
55275.966 16.904 0.006
55279.895 17.018 0.009
55284.047 17.055 0.009
55291.967 17.157 0.008
filter LTi
# from Firth and Dimitriadis
55268.025 17.176 0.006
55275.967 17.675 0.009
55279.896 17.873 0.015
55284.048 18.032 0.012
55289.079 17.918 0.044
55291.968 17.511 0.011
filter g60
55273.53113	16.59	0.04
55273.53385	16.60	0.04
55283.53284	17.63	0.96
filter r60
55273.53205	16.63	0.03
55273.53476	16.61	0.06
55280.24537	17.33	0.03
55280.29043	17.29	0.03
55283.45922	17.29	0.03
55283.48968	17.32	0.03
filter i60
55273.53295	17.54	0.08
55273.53567	17.47	0.04
filter rk2
55251.40204 16.9990 0.0220
55252.21635 16.8575 0.0317
55254.34817 16.6960 0.0304
55259.37370 16.2680 0.0206
55261.36544 16.2235 0.0196
55267.42092 16.2850 0.0175
55268.31895 16.3340 0.0190
55270.36988 16.4310 0.0195
55276.38854 16.8510 0.0277
55277.51506 16.9345 0.0331
55287.18503 17.0685 0.0316
55289.26354 17.1065 0.0246
55290.33089 17.1050 0.0220
55306.31146 17.9190 0.0321
55332.28691 18.7970 0.0544
55334.32178 18.8720 0.0527
55339.24790 18.9455 0.0749
55354.22817 19.2510 0.2610
55355.24765 19.5850 0.1468
filter ik2
55267.41557 17.2090 0.0745
55268.31396 17.1225 0.0239
55270.36250 17.2300 0.0287
55276.38207 17.8070 0.0565
55277.50815 17.8740 0.0788
55287.17811 17.7925 0.0420
55289.25663 17.7240 0.0375
55290.32352 17.6600 0.0270
55306.30593 18.1890 0.0408
55332.28321 19.2080 0.0763
55334.31807 19.1775 0.0925
55339.24420 19.2045 0.0962
55393.14049 19.3280 0.2668
filter H2m
# PAIRITEL
55251.40 17.350 0.040
55254.31 17.090 0.070
55258.45 17.240 0.070
55259.40 17.320 0.060
55260.31 17.330 0.020
55267.42 17.220 0.250
55268.27 17.390 0.090
55269.37 17.440 0.030
55270.24 17.470 0.250
55276.40 17.600 0.070
55277.25 17.730 0.120
55279.37 18.070 0.130
filter J2m
# PAIRITEL
55251.40 17.260 0.050
55253.41 17.060 0.180
55258.45 16.950 0.040
55259.40 16.950 0.060
55260.31 17.070 0.060
55267.42 17.510 0.090
55268.27 17.590 0.030
55269.37 17.720 0.090
55270.24 17.830 0.090
55276.40 18.470 0.200
55279.37 18.730 0.200
filter Ks2m
# PAIRITEL
55251.40 16.880 0.170
55253.41 16.540 0.250
55254.31 16.480 0.170
55258.45 16.640 0.180
55259.40 16.700 0.170
55267.42 16.580 0.080
55269.37 16.650 0.180
55270.24 16.520 0.180
55276.40 16.850 0.250
55277.25 16.670 0.040
