SN2008gb 0.037626 44.488210 46.865660
#SN2008gb 44.48821 46.86566 UGC_2427   Sbc 0.037626 4.1e-05 CfA_Optical_Spectrum CBET_1527 POSS CBET_1530   Ia
# ['' 'B' 'H' 'J' 'Ks' 'U' 'V' "i'" "r'"]
# [''] on ['' 'PAIRITEL']
filter B4sh
#
54747.36 17.825 0.029
54748.49 17.783 0.032
54749.51 17.817 0.034
54752.42 17.887 0.058
54759.43 18.524 0.067
54760.22 18.685 0.065
54763.43 19.037 0.073
54771.39 19.958 0.147
54772.40 20.002 0.165
54775.44 20.039 0.163
54778.29 20.191 0.222
54781.29 20.236 0.275
54857.18 20.920 0.340
54861.22 20.469 0.332
filter H2m
# PAIRITEL
54748.37 17.720 0.140
54754.38 17.900 0.290
54761.33 17.760 0.150
54768.19 17.800 0.110
54772.30 17.930 0.140
54775.37 17.990 0.130
54776.29 17.860 0.190
54779.25 17.670 0.250
54781.25 17.720 0.270
54783.24 17.840 0.230
54785.25 18.060 0.200
54786.22 18.300 0.250
54788.27 18.340 0.190
54791.26 18.780 0.170
filter J2m
# PAIRITEL
54747.36 17.790 0.100
54748.34 17.780 0.210
54754.38 18.270 0.140
54755.28 18.420 0.200
54757.31 18.860 0.170
54761.33 18.680 0.210
54768.19 18.480 0.240
54775.37 18.350 0.180
54776.29 18.310 0.090
54779.25 18.300 0.170
54781.25 18.220 0.100
54783.24 18.230 0.130
54784.23 18.320 0.020
54785.25 18.500 0.110
54786.22 18.570 0.180
54787.21 19.330 0.300
54788.27 18.780 0.060
54789.24 18.890 0.220
54791.26 18.970 0.300
filter Ks2m
# PAIRITEL
54747.39 17.760 0.240
54755.28 18.370 0.260
54757.31 17.660 0.350
54761.33 17.190 0.280
54768.19 17.620 0.220
54772.30 17.620 0.310
54775.37 17.250 0.320
54776.29 17.310 0.120
54781.25 17.410 0.180
54783.24 17.200 0.180
54785.25 17.660 0.250
54786.22 17.410 0.220
filter U4sh
#
54747.37 17.591 0.092
54748.50 17.840 0.105
54763.43 20.179 0.390
54771.40 20.009 0.378
54775.43 19.586 0.353
filter V4sh
#
54747.29 17.562 0.038
54748.49 17.550 0.031
54749.50 17.625 0.039
54752.42 17.669 0.055
54759.43 18.038 0.054
54760.22 18.059 0.040
54763.43 18.250 0.052
54771.38 18.764 0.081
54772.40 18.810 0.070
54775.43 18.986 0.112
54778.28 19.223 0.115
54781.27 19.134 0.235
54831.22 20.898 0.314
54861.21 20.881 0.376
54882.15 21.130 0.338
filter ik
#
54747.30 17.917 0.050
54748.49 17.937 0.046
54749.50 17.883 0.038
54752.42 18.079 0.062
54759.42 18.671 0.080
54760.21 18.680 0.073
54763.41 18.665 0.068
54771.38 18.522 0.068
54772.40 18.510 0.054
54775.43 18.543 0.082
54778.28 18.602 0.088
54781.27 18.792 0.082
54831.22 20.690 0.323
54857.17 20.940 0.326
54882.14 20.960 0.372
filter rk
#
54747.30 17.486 0.043
54748.49 17.474 0.029
54749.50 17.517 0.030
54752.42 17.573 0.047
54759.43 17.983 0.049
54760.22 18.031 0.040
54763.42 18.133 0.042
54771.38 18.327 0.054
54772.40 18.411 0.047
54775.43 18.471 0.078
54778.28 18.664 0.063
54781.26 18.746 0.081
54831.22 20.960 0.328
54857.17 21.188 0.376
