SN2007le 0.006728 354.701860 -6.522690
#SN2007le 354.70186 -6.52269 NGC_7721 SA(s)c 0.006728 2e-06 NED_Host_Galaxy_Name CBET_1100 Monard CBET_1101   Ia
# ['B' 'H' 'I' 'I1' 'I2' 'J' 'Ks' 'R' 'V' 'Y' 'g' 'i' "i'" 'r' "r'" 'u']
# ['' 'IRAC'] on ['' 'PAIRITEL' 'Spitzer' 'kait4' 'nickel']
filter B
#
54387.28 15.657 0.006
54388.05 15.310 0.005
54391.17 14.480 0.017
54392.09 14.346 0.006
54392.14 14.342 0.018
54393.12 14.218 0.017
54394.09 14.142 0.008
54395.09 14.085 0.008
54398.00 14.011 0.009
54400.08 14.021 0.007
54401.32 14.060 0.015
54402.20 14.075 0.014
54403.05 14.113 0.007
54404.17 14.154 0.015
54406.16 14.277 0.014
54407.11 14.352 0.006
54407.24 14.367 0.016
54408.13 14.434 0.017
54409.07 14.519 0.008
54409.28 14.550 0.015
54411.07 14.714 0.006
54411.13 14.723 0.016
54412.17 14.834 0.017
54413.09 14.924 0.007
54414.10 15.043 0.016
54415.13 15.157 0.015
54417.12 15.365 0.008
54419.10 15.595 0.016
54426.05 16.190 0.010
54428.06 16.361 0.013
54430.04 16.498 0.010
54430.07 16.694 0.031
54433.14 16.704 0.042
54435.03 16.770 0.009
54439.08 16.938 0.021
54440.05 16.922 0.010
54443.12 16.984 0.011
54445.04 16.998 0.011
54449.04 17.033 0.011
54455.03 17.124 0.014
54455.13 17.166 0.053
54456.04 17.176 0.017
54457.02 17.167 0.022
54466.02 17.238 0.022
54470.04 17.357 0.013
filter Bkait
# kait4
54388.29 15.189 0.043
54391.21 14.474 0.049
54398.23 13.935 0.010
54402.19 14.041 0.069
54404.25 14.155 0.042
54406.21 14.230 0.025
54408.22 14.423 0.063
54410.21 14.521 0.046
54412.22 14.815 0.010
54414.17 14.899 0.011
54416.19 15.138 0.090
54418.19 15.440 0.011
54426.24 16.099 0.057
54432.15 16.485 0.017
54435.15 16.599 0.039
54443.17 16.852 0.082
54447.13 16.878 0.057
54459.09 17.112 0.079
filter Bs
# nickel
54394.17 14.128 0.010
54400.21 14.045 0.035
54401.25 14.035 0.010
54414.25 15.036 0.011
54416.21 15.205 0.020
54430.12 16.465 0.019
54431.04 16.580 0.019
54449.12 17.068 0.013
54450.08 17.052 0.018
54478.08 17.442 0.047
filter H
#
54388.05 14.474 0.018
54393.10 13.986 0.006
54396.13 14.001 0.007
54399.12 14.099 0.007
54402.11 14.209 0.006
54408.18 14.359 0.010
54410.11 14.436 0.026
54415.06 14.342 0.008
54426.05 14.011 0.006
54434.07 14.278 0.010
54439.10 14.555 0.019
54444.02 14.837 0.021
54448.05 14.998 0.017
54454.02 15.239 0.014
54467.03 15.761 0.011
54469.03 15.845 0.021
filter H2m
# PAIRITEL
54388.21 14.450 0.030
54389.23 14.370 0.180
54390.20 14.080 0.170
54391.19 14.060 0.030
54392.25 13.980 0.030
54393.19 13.970 0.250
54395.24 13.910 0.010
54398.17 14.000 0.180
54400.22 14.080 0.020
54401.17 14.270 0.030
54402.16 14.150 0.000
54404.15 14.290 0.180
54405.14 14.280 0.030
54406.14 14.170 0.070
54407.13 14.400 0.060
54408.20 14.230 0.180
54409.12 14.510 0.120
54410.22 14.380 0.170
54411.21 14.440 0.010
54415.21 14.360 0.050
54420.12 14.030 0.180
54421.13 14.220 0.250
54422.10 13.940 0.030
54425.12 13.940 0.090
54429.13 13.920 0.020
54438.09 14.510 0.180
54439.10 14.570 0.180
54440.09 14.430 0.020
54450.10 15.170 0.030
54453.11 15.370 0.250
54460.07 15.830 0.070
filter Ikait
# kait4
54388.29 14.804 0.023
54391.21 14.140 0.032
54402.19 13.923 0.030
54404.25 14.014 0.020
54406.21 14.107 0.025
54408.22 14.242 0.021
54410.21 14.411 0.030
54412.22 14.471 0.011
54414.17 14.481 0.038
54416.19 14.422 0.050
54418.19 14.399 0.010
54421.15 14.322 0.010
54426.24 14.126 0.047
54432.15 14.399 0.028
54435.15 14.661 0.046
54443.17 15.071 0.035
54447.13 15.267 0.031
54459.09 15.842 0.040
filter Is
# nickel
54394.17 13.785 0.010
54400.21 13.784 0.012
54401.25 13.793 0.010
54414.25 14.317 0.010
54430.12 14.113 0.010
54431.04 14.173 0.045
54449.12 15.256 0.010
54450.08 15.310 0.010
54478.08 16.411 0.038
filter S36
# Spitzer
54464.00 15.540 0.100
filter S45
# Spitzer
54464.00 16.900 0.220
filter J
#
54388.05 14.413 0.006
54393.10 13.791 0.008
54396.13 13.779 0.006
54399.12 13.912 0.011
54402.11 14.120 0.009
54408.18 14.894 0.020
54410.11 15.268 0.021
54415.06 15.538 0.029
54426.05 14.953 0.003
54434.07 14.933 0.006
54439.10 15.406 0.024
54444.02 15.801 0.014
54448.05 16.088 0.017
54454.02 16.450 0.047
54463.03 16.970 0.031
54467.03 17.284 0.032
54469.03 17.416 0.022
filter J2m
# PAIRITEL
54388.21 14.350 0.010
54389.23 14.130 0.030
54390.20 13.950 0.010
54391.19 13.880 0.180
54392.25 13.820 0.010
54393.19 13.780 0.030
54395.24 13.760 0.020
54400.22 13.960 0.010
54401.17 14.090 0.040
54402.16 14.100 0.010
54403.15 14.230 0.100
54404.15 14.350 0.170
54405.14 14.480 0.170
54406.14 14.530 0.050
54407.13 14.740 0.030
54408.20 14.910 0.020
54409.12 15.070 0.060
54410.22 15.280 0.060
54411.21 15.390 0.050
54413.15 15.490 0.040
54416.16 15.430 0.080
54419.12 15.170 0.020
54420.12 15.230 0.060
54421.13 15.290 0.040
54422.10 15.140 0.020
54425.12 14.980 0.170
54427.16 14.700 0.060
54429.13 14.590 0.060
54432.13 14.530 0.050
54439.10 15.210 0.020
54440.09 15.230 0.030
54450.10 16.090 0.050
54453.11 16.260 0.050
54460.07 16.890 0.040
54461.10 16.920 0.250
filter Ks2m
# PAIRITEL
54388.21 14.620 0.180
54389.23 14.170 0.180
54391.19 14.030 0.170
54392.25 14.000 0.180
54393.19 13.760 0.250
54395.24 13.760 0.180
54400.22 13.920 0.180
54404.15 13.990 0.180
54405.14 14.070 0.250
54406.14 14.040 0.250
54407.13 14.190 0.180
54408.20 14.240 0.170
54410.22 14.360 0.180
54411.21 14.260 0.180
54415.21 14.320 0.170
54416.16 14.120 0.180
54420.12 14.100 0.180
54421.13 14.010 0.180
54429.13 14.010 0.170
54439.10 14.650 0.180
54440.09 14.660 0.180
54450.10 15.270 0.250
54453.11 15.410 0.250
54460.07 15.740 0.170
54461.10 15.750 0.180
filter Rkait
# kait4
54388.29 14.685 0.010
54391.21 14.042 0.010
54402.19 13.563 0.037
54404.25 13.638 0.010
54406.21 13.705 0.012
54408.22 13.888 0.010
54410.21 14.019 0.019
54412.22 14.155 0.010
54414.17 14.242 0.016
54416.19 14.267 0.028
54418.19 14.322 0.010
54421.15 14.332 0.012
54426.24 14.396 0.024
54432.15 14.747 0.013
54435.15 14.927 0.022
54443.17 15.313 0.031
54447.13 15.456 0.012
54459.09 15.863 0.014
filter Rs
# nickel
54394.17 13.707 0.010
54400.21 13.511 0.010
54401.25 13.528 0.010
54414.25 14.207 0.010
54430.12 14.595 0.010
54431.04 14.670 0.010
54449.12 15.489 0.010
54450.08 15.530 0.011
54478.08 16.404 0.017
filter V
#
54387.28 15.321 0.007
54388.05 15.006 0.005
54391.17 14.237 0.014
54392.09 14.124 0.006
54392.14 14.109 0.016
54393.12 13.985 0.014
54394.09 13.921 0.008
54395.09 13.851 0.006
54398.00 13.739 0.007
54400.08 13.698 0.006
54401.31 13.660 0.015
54402.19 13.671 0.016
54403.05 13.713 0.006
54404.17 13.695 0.016
54406.16 13.768 0.015
54407.11 13.843 0.005
54407.24 13.814 0.015
54408.13 13.865 0.015
54409.07 13.948 0.007
54409.27 13.939 0.016
54411.07 14.077 0.006
54411.13 14.050 0.016
54412.17 14.153 0.019
54413.09 14.217 0.004
54414.10 14.245 0.016
54415.13 14.293 0.017
54417.12 14.424 0.006
54419.10 14.468 0.015
54426.05 14.877 0.006
54427.11 14.812 0.015
54428.06 14.986 0.006
54430.04 15.114 0.008
54430.07 15.002 0.016
54433.13 15.235 0.015
54435.03 15.450 0.006
54439.08 15.539 0.016
54440.05 15.673 0.006
54443.12 15.767 0.005
54445.04 15.822 0.008
54449.04 15.940 0.006
54454.13 16.017 0.027
54455.03 16.093 0.008
54455.13 16.066 0.020
54456.04 16.122 0.008
54456.09 16.076 0.027
54457.02 16.167 0.010
54457.17 16.119 0.030
54462.16 16.253 0.025
54466.02 16.395 0.014
54470.04 16.486 0.010
54476.07 16.623 0.032
54483.10 16.766 0.025
filter Vkait
# kait4
54388.29 14.921 0.037
54391.21 14.266 0.045
54398.23 13.609 0.022
54402.19 13.686 0.056
54404.25 13.748 0.043
54406.21 13.819 0.039
54408.22 13.911 0.042
54410.21 14.061 0.050
54412.22 14.201 0.010
54414.17 14.305 0.039
54416.19 14.345 0.060
54418.19 14.501 0.010
54421.15 14.657 0.011
54426.24 14.826 0.071
54432.15 15.215 0.037
54435.15 15.411 0.089
54443.17 15.648 0.074
54447.13 15.834 0.040
54459.09 16.213 0.067
filter Vs
# nickel
54394.17 13.925 0.010
54400.21 13.716 0.014
54401.25 13.727 0.010
54414.25 14.321 0.010
54416.21 14.386 0.011
54430.12 15.157 0.016
54431.04 15.210 0.010
54449.12 15.953 0.010
54450.08 15.988 0.020
54478.08 16.745 0.016
filter Y
#
54388.05 14.516 0.006
54393.10 13.928 0.017
54396.13 13.989 0.009
54399.12 14.216 0.010
54402.11 14.479 0.007
54408.18 14.805 0.006
54410.11 14.841 0.018
54415.06 14.668 0.009
54426.05 13.903 0.007
54434.07 13.801 0.010
54439.10 14.116 0.005
54444.02 14.387 0.013
54448.05 14.608 0.004
54454.02 14.933 0.006
54463.03 15.422 0.014
54467.03 15.650 0.004
54469.03 15.771 0.006
filter g
#
54387.28 15.455 0.005
54388.05 15.142 0.005
54392.09 14.236 0.005
54394.09 14.023 0.006
54395.09 13.963 0.006
54400.08 13.871 0.005
54403.05 13.914 0.004
54407.11 14.090 0.005
54409.07 14.217 0.006
54411.07 14.364 0.006
54413.09 14.523 0.004
54417.12 14.853 0.006
54426.05 15.618 0.008
54428.06 15.779 0.006
54430.04 15.926 0.007
54435.03 16.229 0.006
54440.05 16.405 0.006
54443.12 16.475 0.007
54445.04 16.518 0.009
54449.04 16.593 0.007
54455.03 16.690 0.008
54456.04 16.700 0.009
54457.02 16.704 0.008
54466.02 16.864 0.008
54470.04 16.934 0.009
filter i
#
54387.28 15.472 0.007
54388.05 15.131 0.004
54392.09 14.333 0.009
54394.09 14.189 0.008
54395.09 14.162 0.006
54398.00 14.170 0.008
54400.08 14.219 0.006
54403.05 14.290 0.005
54407.11 14.498 0.007
54409.07 14.644 0.009
54411.07 14.836 0.009
54413.09 14.923 0.005
54417.12 14.867 0.008
54426.05 14.643 0.008
54428.06 14.655 0.004
54430.04 14.696 0.009
54435.03 15.075 0.006
54440.05 15.379 0.006
54443.12 15.522 0.006
54445.04 15.611 0.010
54449.04 15.784 0.006
54455.03 16.016 0.009
54456.04 16.047 0.009
54457.02 16.090 0.009
54466.02 16.412 0.009
54470.04 16.559 0.010
filter ik
#
54391.16 14.394 0.016
54392.14 14.295 0.014
54393.11 14.214 0.019
54401.31 14.207 0.017
54402.19 14.232 0.016
54404.16 14.294 0.017
54406.15 14.405 0.018
54407.23 14.474 0.020
54408.12 14.549 0.017
54409.27 14.656 0.021
54411.13 14.800 0.018
54412.16 14.880 0.019
54414.09 14.900 0.018
54415.12 14.888 0.018
54419.09 14.798 0.018
54427.11 14.617 0.016
54430.06 14.706 0.015
54433.13 14.919 0.017
54439.07 15.320 0.018
54454.13 15.996 0.021
54455.13 16.012 0.020
54456.09 16.086 0.018
54457.16 16.122 0.020
54462.16 16.336 0.024
54476.07 16.839 0.027
54483.10 17.034 0.041
filter r
#
54387.28 15.127 0.005
54388.05 14.813 0.004
54392.09 14.002 0.007
54394.09 13.815 0.006
54395.09 13.754 0.006
54398.00 13.650 0.006
54400.08 13.608 0.004
54403.05 13.626 0.005
54407.11 13.825 0.004
54409.07 13.963 0.006
54411.07 14.114 0.006
54413.09 14.250 0.004
54417.12 14.347 0.006
54426.05 14.480 0.006
54428.06 14.562 0.004
54430.04 14.672 0.007
54435.03 15.031 0.005
54440.05 15.284 0.005
54443.12 15.397 0.004
54445.04 15.461 0.008
54449.04 15.598 0.004
54455.03 15.804 0.006
54456.04 15.840 0.009
54457.02 15.873 0.007
54466.02 16.165 0.007
54470.04 16.283 0.008
filter rk
#
54391.16 14.111 0.016
54392.14 13.997 0.014
54393.11 13.890 0.016
54401.31 13.614 0.014
54402.19 13.624 0.014
54404.17 13.674 0.017
54406.16 13.761 0.016
54407.23 13.829 0.015
54408.13 13.892 0.015
54409.27 13.976 0.016
54411.13 14.120 0.016
54412.16 14.194 0.017
54414.10 14.277 0.015
54415.12 14.302 0.015
54419.10 14.354 0.017
54427.11 14.488 0.015
54430.06 14.663 0.018
54433.13 14.888 0.015
54439.07 15.241 0.016
54454.13 15.780 0.024
54455.13 15.829 0.018
54456.09 15.863 0.017
54457.17 15.910 0.021
54462.16 16.080 0.021
54476.07 16.495 0.020
54483.10 16.751 0.028
filter u
#
54387.28 16.764 0.019
54388.05 16.357 0.018
54392.09 15.170 0.018
54395.09 14.934 0.032
54400.08 14.958 0.022
54403.05 15.116 0.019
54407.11 15.442 0.024
54409.07 15.596 0.025
54411.07 15.875 0.021
54413.09 16.130 0.021
54417.12 16.629 0.027
54426.05 17.556 0.024
54428.06 17.721 0.074
54430.04 17.845 0.041
54435.03 18.146 0.045
54440.05 18.257 0.041
54445.04 18.315 0.031
54449.04 18.391 0.065
54455.03 18.477 0.071
54456.04 18.404 0.085
54457.02 18.623 0.058
54466.02 18.624 0.038
54470.04 18.679 0.037
