SN2007fb 0.018026 359.218270 5.508860
#SN2007fb 359.21827 5.50886 UGC_12859   Sbc 0.018026 7e-06 NED_21-cm_or_Opt_Smallest_Error CBET_992;IAUC_8864 LOSS CBET_993;IAUC_8864   Ia
# ['' 'B' 'H' 'I' 'J' 'Ks' 'R' 'U' 'V' "i'" "r'"]
# [''] on ['' 'PAIRITEL' 'kait4' 'nickel1']
filter B4sh
#
54288.46 15.741 0.031
54292.44 15.939 0.021
54297.46 16.382 0.022
54298.45 16.463 0.029
54300.42 16.790 0.019
54310.46 18.062 0.083
54312.45 18.029 0.060
54346.45 19.567 0.227
54348.35 19.411 0.105
54350.39 19.510 0.241
54351.39 19.523 0.093
54352.22 19.546 0.212
54353.39 19.506 0.113
54354.32 19.604 0.151
54355.35 19.544 0.108
54357.35 19.663 0.136
54361.37 19.703 0.154
54363.27 19.724 0.173
54372.43 19.546 0.298
54375.37 19.702 0.186
54377.28 19.826 0.135
54379.30 19.427 0.240
54394.22 20.138 0.273
54401.33 19.937 0.279
54404.20 20.513 0.299
54406.18 20.366 0.209
54407.29 20.588 0.288
54408.16 20.473 0.211
filter Bkait
# kait4
54285.44 16.025 0.034
54289.39 15.989 0.038
54291.44 16.072 0.029
54293.47 16.210 0.025
54295.45 16.403 0.030
54297.45 16.588 0.026
54301.48 17.104 0.078
54303.45 17.390 0.046
54306.48 17.885 0.051
54308.39 18.035 0.099
54310.37 18.275 0.162
54312.41 18.555 0.129
54317.39 18.795 0.133
54320.39 18.926 0.106
54323.41 18.995 0.117
54326.38 19.096 0.136
54329.39 19.226 0.183
54332.35 19.230 0.136
54335.36 19.434 0.201
54345.32 19.302 0.233
54348.40 19.458 0.228
54353.40 19.601 0.240
54357.43 19.721 0.203
54360.30 19.642 0.221
54363.44 19.529 0.292
54366.25 19.955 0.443
54375.33 19.638 0.519
54379.30 20.023 0.315
54382.26 19.906 0.187
54388.26 20.054 0.209
filter Bs
# nickel1
54323.14 18.968 0.076
54324.12 19.047 0.088
54333.07 19.276 0.048
54344.14 19.552 0.077
54379.08 20.006 0.111
54380.12 19.963 0.081
filter H2m
# PAIRITEL
54292.46 16.700 0.180
54348.31 17.900 0.180
filter Ikait
# kait4
54285.44 15.866 0.066
54289.39 16.055 0.133
54291.44 16.122 0.071
54293.47 16.282 0.102
54295.45 16.560 0.137
54297.45 16.620 0.093
54301.48 16.642 0.090
54303.45 16.562 0.103
54306.48 16.468 0.132
54308.39 16.384 0.099
54310.37 16.477 0.150
54312.41 16.631 0.178
54317.39 16.972 0.155
54320.39 17.090 0.148
54323.41 17.300 0.134
54326.38 17.522 0.189
54329.39 17.686 0.195
54332.35 17.817 0.234
54335.36 18.037 0.406
54345.32 18.481 0.360
54348.40 18.598 0.570
54353.40 18.777 0.408
54357.43 18.955 0.361
54360.30 19.034 0.460
54366.25 19.478 0.840
54379.30 19.808 0.714
54382.26 20.162 0.721
54388.26 20.460 0.589
filter Is
# nickel1
54323.14 17.100 0.022
54324.12 17.178 0.030
54333.07 17.641 0.040
54344.14 18.098 0.053
54380.12 19.725 0.308
filter J2m
# PAIRITEL
54292.46 16.580 0.250
54347.33 19.350 0.180
filter Ks2m
# PAIRITEL
54347.33 17.030 0.280
filter Rkait
# kait4
54285.44 15.772 0.042
54289.39 15.727 0.083
54291.44 15.719 0.037
54293.47 15.834 0.047
54295.45 16.155 0.087
54297.45 16.224 0.052
54301.48 16.447 0.056
54303.45 16.456 0.054
54306.48 16.475 0.079
54308.39 16.525 0.100
54310.37 16.642 0.128
54312.41 16.763 0.103
54317.39 17.282 0.107
54320.39 17.383 0.110
54323.41 17.498 0.115
54326.38 17.711 0.198
54329.39 17.737 0.160
54332.35 17.916 0.152
54335.36 18.023 0.179
54345.32 18.425 0.206
54348.40 18.385 0.448
54353.40 18.704 0.284
54357.43 18.877 0.306
54360.30 18.950 0.301
54363.44 18.719 0.499
54366.25 19.198 0.544
54375.33 19.244 0.677
54379.30 19.298 0.485
54382.26 19.759 0.424
54388.26 19.710 0.342
filter Rs
# nickel1
54323.14 17.463 0.028
54324.12 17.501 0.021
54333.07 17.889 0.036
54344.14 18.278 0.059
54379.08 19.419 0.312
54380.12 19.465 0.120
filter Us
#
54292.44 15.952 0.054
54297.46 16.553 0.053
54300.42 16.977 0.057
54310.46 18.395 0.215
54312.46 18.433 0.240
54313.44 18.520 0.217
filter V4sh
#
54292.43 15.783 0.016
54297.46 16.082 0.016
54298.45 16.150 0.062
54300.41 16.283 0.018
54310.46 17.020 0.027
54311.47 17.226 0.087
54312.45 17.206 0.033
54346.44 18.580 0.069
54348.35 18.598 0.056
54350.39 18.751 0.055
54351.39 18.697 0.058
54352.23 18.695 0.066
54353.39 18.719 0.059
54354.32 18.847 0.069
54355.34 18.817 0.063
54357.34 18.878 0.069
54361.36 18.923 0.070
54363.26 18.968 0.076
54368.18 18.980 0.117
54372.42 19.356 0.175
54375.36 19.426 0.127
54377.28 19.520 0.111
54379.29 19.318 0.151
54394.22 19.783 0.220
54401.33 19.504 0.126
54406.17 19.933 0.189
54407.29 20.153 0.189
54408.15 20.136 0.216
54415.17 20.295 0.235
filter Vkait
# kait4
54285.44 15.873 0.026
54289.39 15.812 0.064
54291.44 15.851 0.021
54293.47 15.920 0.025
54295.45 16.034 0.033
54297.45 16.150 0.031
54301.48 16.412 0.029
54303.45 16.496 0.034
54306.48 16.726 0.059
54308.39 16.865 0.078
54310.37 17.034 0.095
54312.41 17.214 0.096
54317.39 17.611 0.082
54320.39 17.759 0.090
54323.41 17.840 0.094
54326.38 17.946 0.107
54329.39 18.100 0.147
54332.35 18.110 0.112
54335.36 18.226 0.127
54345.32 18.441 0.142
54348.40 18.747 0.348
54353.40 18.721 0.157
54357.43 18.876 0.173
54360.30 18.876 0.240
54363.44 19.132 0.352
54366.25 19.113 0.434
54375.33 19.301 0.550
54379.30 19.492 0.381
54382.26 19.440 0.231
54388.26 19.661 0.237
filter Vs
# nickel1
54323.14 17.808 0.019
54324.12 17.851 0.022
54333.07 18.149 0.024
54344.14 18.423 0.043
54379.08 19.416 0.114
54380.12 19.408 0.086
filter ik
#
54292.43 16.364 0.021
54297.45 16.928 0.028
54298.45 17.008 0.051
54300.41 16.999 0.028
54310.46 16.760 0.035
54311.46 16.895 0.049
54312.45 16.834 0.028
54348.34 18.703 0.078
54350.38 18.788 0.085
54351.38 18.764 0.059
54352.22 18.699 0.106
54353.37 18.890 0.087
54354.31 18.892 0.083
54355.34 18.990 0.080
54357.34 19.243 0.111
54361.36 19.202 0.108
54363.26 19.252 0.102
54368.17 19.683 0.195
54372.41 20.070 0.332
54375.36 19.606 0.165
54377.27 19.594 0.172
54379.28 19.585 0.149
54394.21 19.996 0.226
54401.32 20.681 0.385
54402.21 20.257 0.290
54404.19 20.528 0.236
54406.17 20.704 0.332
54407.28 20.546 0.334
54408.15 20.420 0.306
54415.17 20.543 0.293
filter rk
#
54292.43 15.792 0.017
54297.45 16.220 0.019
54300.41 16.401 0.020
54310.46 16.719 0.027
54311.47 16.767 0.038
54312.45 16.891 0.024
54313.44 16.947 0.035
54346.44 18.539 0.088
54348.34 18.578 0.057
54350.38 18.591 0.055
54351.38 18.631 0.054
54352.22 18.587 0.058
54353.38 18.768 0.060
54354.32 18.764 0.065
54355.34 18.823 0.068
54357.34 18.885 0.070
54361.36 19.129 0.084
54363.26 19.041 0.072
54372.42 19.425 0.193
54375.36 19.531 0.097
54377.27 19.580 0.126
54394.21 20.415 0.326
54401.33 20.157 0.275
54404.20 20.755 0.298
54406.17 20.593 0.239
54407.29 20.758 0.319
54408.15 20.671 0.317
54415.17 21.239 0.290
