SN2007S 0.013880 150.130100 4.407020
#SN2007S 150.1301 4.40702 UGC_5378    Sb 0.01388 3.3e-05 NED_Host_Galaxy_Name CBET_825;IAUC_8804 POSS CBET_829;CBET_839   Ia
# ['B' 'H' 'J' 'K' 'Ks' 'U' 'UVM2' 'UVW1' 'UVW2' 'V' 'Y' 'g' 'i' 'r' 'u']
# ['' 'UVOT'] on ['' 'PAIRITEL' 'Swift']
filter B
#
54133.33 16.829 0.015
54136.91 16.223 0.019
54137.29 16.178 0.006
54137.74 16.157 0.018
54137.80 16.134 0.022
54138.83 16.067 0.018
54139.85 16.003 0.016
54139.91 16.015 0.018
54140.72 15.980 0.015
54140.74 16.002 0.020
54141.81 15.945 0.016
54142.82 15.955 0.015
54142.83 15.946 0.015
54143.25 15.895 0.009
54147.73 16.075 0.015
54149.83 16.161 0.016
54151.79 16.276 0.015
54152.74 16.346 0.016
54152.84 16.338 0.016
54153.26 16.269 0.004
54153.79 16.410 0.016
54154.14 16.339 0.007
54155.85 16.607 0.016
54156.70 16.695 0.019
54157.77 16.756 0.018
54157.78 16.803 0.017
54158.19 16.676 0.008
54160.16 16.870 0.009
54161.16 16.985 0.010
54165.21 17.375 0.012
54165.69 17.552 0.022
54166.15 17.450 0.037
54167.86 17.741 0.022
54169.17 17.707 0.011
54169.68 17.909 0.022
54173.65 18.191 0.026
54174.23 18.071 0.013
54175.68 18.279 0.032
54177.65 18.488 0.025
54184.65 19.019 0.054
54185.17 18.686 0.017
54186.67 19.022 0.176
54193.73 19.161 0.056
54194.11 18.858 0.032
54194.64 19.227 0.054
54195.68 19.080 0.040
54197.73 19.137 0.043
54199.09 18.931 0.019
54201.67 19.107 0.045
54203.19 19.028 0.016
54203.65 19.152 0.049
54208.73 19.442 0.058
54209.69 19.398 0.051
54211.66 19.264 0.056
54213.11 19.140 0.018
54225.71 19.794 0.111
54232.69 19.774 0.076
54246.03 19.445 0.080
filter B_UVOT
# Swift
54136.66 16.314 0.068
54136.83 16.270 0.070
54137.38 16.266 0.072
54138.63 16.171 0.070
54140.11 16.051 0.067
54142.08 15.969 0.065
54143.09 15.891 0.065
54144.69 16.082 0.074
54145.25 15.997 0.065
54147.48 16.027 0.064
54148.78 16.046 0.065
54149.66 16.137 0.065
54150.83 16.194 0.066
54151.47 16.175 0.065
54152.40 16.267 0.066
54153.30 16.300 0.067
54154.92 16.425 0.072
54158.72 16.872 0.110
54163.89 17.301 0.088
54165.30 17.424 0.093
54168.30 17.674 0.107
54172.23 18.014 0.127
54176.80 18.536 0.188
54177.95 18.889 0.311
54180.93 18.627 0.195
54184.67 18.781 0.209
54192.53 19.009 0.259
filter H
#
54132.26 16.352 0.038
54137.29 15.605 0.011
54138.27 15.537 0.019
54139.14 15.721 0.049
54140.23 15.515 0.016
54146.33 15.737 0.027
54150.19 15.809 0.046
54156.16 15.930 0.018
54158.19 15.995 0.047
54160.16 15.968 0.026
54164.18 15.793 0.021
54169.17 15.733 0.011
54171.23 15.712 0.011
54175.14 15.642 0.018
54184.12 15.925 0.022
54191.16 16.314 0.037
54223.03 17.739 0.045
54244.98 18.750 0.088
filter H2m
# PAIRITEL
54139.24 15.750 0.250
54140.25 15.570 0.070
54148.26 15.780 0.080
54152.20 15.820 0.070
54153.24 15.850 0.100
54156.22 15.790 0.080
54157.22 15.880 0.110
54158.22 15.860 0.090
54160.26 15.910 0.100
54165.20 15.720 0.120
54169.17 15.550 0.070
54172.19 15.650 0.110
54173.24 15.540 0.180
54174.21 15.500 0.050
54175.18 15.460 0.080
54176.17 15.320 0.250
54177.18 15.550 0.250
54179.17 15.650 0.070
54180.17 15.830 0.180
54190.18 16.050 0.170
54191.18 16.180 0.180
54192.18 16.280 0.170
54194.17 16.300 0.170
54197.18 16.320 0.180
54198.18 16.370 0.250
54201.16 16.630 0.180
54216.14 17.630 0.180
filter J
#
54132.26 16.261 0.019
54137.29 15.488 0.013
54138.27 15.361 0.011
54140.23 15.358 0.020
54146.33 15.617 0.035
54150.19 15.944 0.024
54156.16 16.736 0.024
54158.19 16.976 0.010
54160.16 17.006 0.011
54164.18 16.908 0.052
54169.17 16.812 0.014
54171.23 16.767 0.010
54175.14 16.534 0.058
54184.12 16.562 0.025
54191.16 17.216 0.159
54223.03 19.207 0.070
54244.98 20.020 0.262
filter J2m
# PAIRITEL
54139.24 15.400 0.060
54140.25 15.360 0.020
54147.33 15.850 0.070
54148.26 15.860 0.100
54152.20 16.160 0.050
54153.24 16.260 0.060
54156.22 16.670 0.070
54157.22 16.870 0.170
54158.22 16.790 0.080
54160.26 17.000 0.110
54165.20 16.860 0.060
54169.17 16.590 0.060
54172.19 16.530 0.060
54173.24 16.580 0.060
54174.21 16.470 0.060
54175.18 16.380 0.060
54176.17 16.410 0.070
54177.18 16.380 0.040
54179.17 16.280 0.030
54180.17 16.300 0.030
54190.18 16.720 0.060
54191.18 16.790 0.060
54192.18 16.920 0.250
54194.17 17.150 0.110
54197.18 17.250 0.250
54198.18 17.240 0.050
54201.16 17.540 0.180
54216.14 19.580 0.330
54244.15 18.490 0.100
filter K
#
54137.29 15.450 0.009
54158.19 15.601 0.011
54160.16 15.589 0.034
54169.17 15.541 0.010
54171.23 15.540 0.011
54223.03 17.395 0.087
54244.98 18.233 0.092
filter Ks2m
# PAIRITEL
54139.24 15.180 0.040
54140.25 15.360 0.050
54148.26 15.460 0.040
54152.20 15.480 0.040
54153.24 15.600 0.100
54156.22 15.670 0.180
54157.22 15.810 0.050
54158.22 15.730 0.110
54160.26 15.700 0.090
54161.26 15.900 0.160
54165.20 15.560 0.110
54169.17 15.470 0.250
54172.19 15.430 0.130
54173.24 15.500 0.040
54174.21 15.420 0.120
54175.18 15.510 0.080
54177.18 15.670 0.050
54179.17 15.870 0.050
54180.17 16.020 0.250
54190.18 16.190 0.250
54191.18 16.240 0.030
54192.18 16.400 0.250
54197.18 16.700 0.110
54201.16 16.860 0.090
54216.14 17.380 0.170
filter U_UVOT
# Swift
54136.66 16.100 0.074
54136.83 16.149 0.079
54137.38 16.156 0.082
54138.63 16.002 0.078
54140.14 15.929 0.072
54142.08 15.847 0.072
54143.09 15.922 0.074
54144.69 16.008 0.076
54145.25 16.090 0.075
54147.48 16.262 0.076
54148.78 16.348 0.079
54149.66 16.402 0.078
54150.83 16.542 0.082
54151.47 16.590 0.082
54152.40 16.658 0.083
54153.30 16.753 0.087
54154.92 16.933 0.100
54158.72 17.535 0.151
54163.88 18.252 0.176
54165.30 18.126 0.166
54168.30 18.478 0.218
54172.23 18.965 0.289
54180.93 19.315 0.392
54185.18 19.566 0.467
filter UVW1
# Swift
54136.66 18.044 0.152
54136.82 17.867 0.154
54137.38 18.078 0.191
54138.63 17.857 0.159
54140.11 17.774 0.152
54141.08 17.601 0.127
54142.09 17.711 0.143
54143.09 17.911 0.174
54144.69 17.989 0.162
54145.24 18.076 0.158
54146.61 18.027 0.149
54147.48 18.126 0.156
54149.67 18.270 0.168
54150.83 18.588 0.214
54151.47 18.482 0.196
54152.40 18.576 0.205
54153.30 18.639 0.219
54154.92 18.436 0.249
filter UVW2
# Swift
54136.67 19.561 0.413
54136.84 19.552 0.437
54137.38 19.225 0.365
54138.63 19.499 0.433
54141.08 19.118 0.322
54144.69 18.965 0.280
54145.24 19.655 0.443
54156.51 19.585 0.441
filter V
#
54133.33 16.468 0.011
54136.91 15.858 0.014
54137.29 15.860 0.006
54137.74 15.823 0.019
54137.80 15.801 0.018
54138.82 15.704 0.016
54138.89 15.724 0.018
54139.85 15.634 0.014
54139.91 15.635 0.013
54140.72 15.589 0.012
54140.73 15.633 0.020
54141.81 15.558 0.016
54142.82 15.545 0.013
54142.83 15.533 0.013
54143.25 15.545 0.011
54147.73 15.525 0.012
54149.83 15.569 0.013
54151.79 15.638 0.013
54152.73 15.680 0.013
54152.84 15.685 0.014
54153.26 15.684 0.005
54153.79 15.738 0.013
54154.14 15.725 0.007
54155.85 15.850 0.014
54156.69 15.902 0.013
54157.77 15.974 0.014
54157.78 15.988 0.016
54158.19 15.957 0.007
54160.16 16.082 0.007
54161.16 16.128 0.007
54164.90 16.347 0.020
54165.21 16.328 0.008
54165.69 16.362 0.018
54165.78 16.372 0.018
54166.15 16.369 0.008
54167.85 16.431 0.015
54169.17 16.516 0.009
54169.68 16.526 0.014
54173.64 16.688 0.017
54174.23 16.745 0.006
54175.68 16.774 0.017
54177.65 16.890 0.016
54184.65 17.306 0.023
54185.17 17.380 0.009
54185.65 17.413 0.058
54186.66 17.305 0.040
54192.78 17.562 0.024
54193.73 17.609 0.023
54194.11 17.676 0.014
54194.64 17.621 0.047
54195.68 17.660 0.020
54197.73 17.732 0.021
54199.09 17.798 0.016
54201.66 17.791 0.029
54203.19 17.904 0.012
54203.65 17.824 0.021
54208.73 18.008 0.026
54209.69 18.006 0.023
54211.66 18.069 0.028
54213.11 18.156 0.014
54220.71 18.260 0.073
54225.71 18.412 0.041
54232.68 18.566 0.062
54238.69 18.780 0.043
54246.03 18.888 0.032
54251.65 19.048 0.102
filter V_UVOT
# Swift
54136.64 15.966 0.078
54136.84 15.880 0.076
54137.38 15.868 0.080
54138.64 15.848 0.078
54140.14 15.643 0.067
54142.08 15.548 0.067
54143.08 15.503 0.068
54144.69 15.578 0.070
54145.24 15.511 0.066
54146.60 15.494 0.063
54147.47 15.510 0.064
54149.66 15.540 0.064
54150.84 15.601 0.066
54151.47 15.552 0.065
54152.40 15.630 0.066
54153.30 15.661 0.067
54154.92 15.730 0.072
54158.72 16.051 0.088
54163.88 16.276 0.077
54165.30 16.361 0.080
54168.30 16.528 0.088
54172.23 16.658 0.098
54176.81 16.819 0.116
54180.93 17.057 0.121
54184.68 17.298 0.132
54192.20 17.664 0.196
filter Y
#
54132.26 16.395 0.034
54138.27 15.557 0.016
54139.14 15.845 0.011
54140.23 15.543 0.008
54146.33 15.991 0.028
54150.19 16.229 0.037
54156.16 16.362 0.015
54160.16 16.101 0.020
54164.18 16.008 0.025
54175.14 15.485 0.010
54191.16 15.942 0.017
54244.98 20.345 0.366
filter g
#
54133.33 16.627 0.010
54137.29 15.991 0.006
54143.25 15.694 0.009
54147.22 15.740 0.005
54154.14 16.007 0.007
54158.19 16.285 0.007
54160.16 16.442 0.006
54161.16 16.513 0.007
54165.21 16.837 0.008
54166.15 16.908 0.011
54169.17 17.152 0.008
54174.23 17.512 0.007
54185.17 18.160 0.010
54194.11 18.377 0.015
54199.09 18.474 0.013
54203.19 18.539 0.009
54213.11 18.665 0.009
54224.05 18.871 0.091
54246.03 19.185 0.031
filter i
#
54133.33 16.425 0.012
54137.29 15.832 0.006
54143.25 15.756 0.016
54147.22 15.866 0.007
54154.14 16.184 0.008
54158.19 16.461 0.010
54160.16 16.510 0.007
54161.16 16.491 0.010
54165.21 16.441 0.009
54166.15 16.428 0.008
54169.17 16.371 0.009
54174.23 16.311 0.006
54185.17 16.807 0.009
54194.11 17.243 0.010
54199.09 17.463 0.015
54203.19 17.629 0.012
54213.11 17.973 0.014
54224.05 18.332 0.017
54246.03 18.990 0.035
filter r
#
54133.33 16.327 0.010
54137.29 15.726 0.006
54143.25 15.364 0.012
54147.22 15.334 0.004
54154.14 15.581 0.007
54158.19 15.846 0.008
54160.16 15.945 0.005
54161.16 15.980 0.006
54165.21 16.052 0.008
54166.15 16.063 0.005
54169.17 16.107 0.007
54174.23 16.200 0.006
54185.17 16.820 0.009
54194.11 17.183 0.008
54199.09 17.342 0.012
54203.19 17.460 0.009
54213.11 17.758 0.010
54224.05 18.095 0.016
54246.03 18.719 0.026
filter u
#
54133.33 17.380 0.036
54137.29 16.728 0.010
54143.25 16.548 0.013
54154.14 17.447 0.012
54158.19 17.984 0.017
54160.16 18.288 0.030
54161.16 18.353 0.041
54165.21 18.824 0.069
54166.15 18.969 0.063
54169.17 19.273 0.036
54174.23 19.794 0.096
54185.17 20.099 0.101
54194.11 20.391 0.236
54199.09 20.309 0.100
54213.11 20.582 0.090
54224.05 20.766 0.416
54246.03 21.266 0.444
