SN2010ag 0.033791 255.973300 31.501520
#SN2010ag 255.9733 31.50152 UGC_10679 Sb(f) 0.033791 0.000175 NED_21-cm_or_Opt_Smallest_Error CBET_2195 POSS CBET_2196   Ia
# ['' 'B' 'H' 'J' 'Ks' 'V' "i'" "r'" "u'"]
# [''] on ['' 'PAIRITEL']
filter Bk
#
55268.51 16.814 0.023
55270.50 16.770 0.021
55276.49 17.119 0.024
55280.38 17.425 0.041
55293.44 18.706 0.084
55294.45 18.809 0.083
55295.48 18.831 0.088
55297.44 18.954 0.067
55299.47 19.198 0.088
55317.35 19.529 0.327
55331.37 20.159 0.262
55332.39 20.284 0.250
55355.32 20.304 0.239
filter H2m
# PAIRITEL
55267.50 18.170 0.130
55268.44 17.860 0.090
55269.48 17.600 0.240
55281.39 17.830 0.310
55284.42 17.980 0.170
55285.41 18.070 0.080
55286.52 17.920 0.170
55292.38 17.500 0.330
55294.49 17.340 0.100
55295.37 17.310 0.150
55297.38 17.300 0.170
55298.34 17.180 0.150
55299.37 17.140 0.260
55300.33 17.190 0.200
55301.34 17.210 0.170
filter J2m
# PAIRITEL
55267.50 17.340 0.050
55268.44 17.210 0.010
55269.48 17.130 0.010
55277.50 17.690 0.170
55281.39 17.860 0.070
55284.42 18.130 0.160
55285.41 18.360 0.170
55289.40 18.450 0.250
55291.37 18.460 0.370
55292.38 18.150 0.180
55297.38 17.970 0.080
55298.34 17.940 0.250
55299.37 18.070 0.170
55300.33 18.030 0.250
55301.34 18.220 0.140
filter Ks2m
# PAIRITEL
55267.50 17.200 0.250
55268.44 16.620 0.250
55284.42 17.050 0.280
55285.41 17.180 0.230
55286.52 16.990 0.180
55291.37 17.230 0.180
55296.36 16.760 0.250
55299.37 16.710 0.300
55301.34 16.500 0.250
filter Vk
#
55268.52 16.731 0.021
55270.51 16.683 0.021
55276.49 16.760 0.019
55280.39 16.931 0.025
55285.49 17.256 0.034
55293.45 17.627 0.044
55294.45 17.675 0.040
55295.48 17.673 0.031
55297.44 17.783 0.035
55299.47 17.870 0.048
55301.50 17.970 0.039
55317.36 18.579 0.082
55331.38 19.113 0.097
55332.40 19.044 0.071
55355.33 19.611 0.120
55441.20 20.922 0.342
55444.17 20.963 0.313
filter ik
#
55268.51 17.110 0.025
55270.48 17.147 0.033
55276.48 17.230 0.036
55280.37 17.440 0.033
55285.48 17.821 0.036
55293.44 17.770 0.047
55294.44 17.717 0.043
55295.47 17.770 0.037
55297.43 17.693 0.033
55299.46 17.700 0.034
55317.35 18.483 0.068
55331.37 19.075 0.079
55332.39 19.008 0.091
55355.32 19.578 0.157
filter rk
#
55268.52 16.785 0.026
55270.51 16.707 0.019
55276.49 16.727 0.019
55280.38 16.867 0.025
55285.49 17.186 0.027
55293.45 17.398 0.032
55294.45 17.408 0.038
55295.48 17.394 0.025
55297.44 17.468 0.029
55299.47 17.520 0.038
55301.49 17.555 0.029
55317.35 18.491 0.087
55331.38 18.863 0.066
55332.39 18.881 0.052
55355.33 19.547 0.118
55450.18 20.992 0.326
filter uk
#
55268.51 17.553 0.097
55270.50 17.509 0.092
55280.38 19.154 0.263
