SN2007ca 0.014066 202.774510 -15.101750
#SN2007ca 202.77451 -15.10175 MCG_-02-34-61 Sc_pec_sp 0.014066 1e-05 NED_Host_Galaxy_Name CBET_945;IAUC_8843 LOSS CBET_947;CBET_951   Ia
# ['B' 'H' 'I' 'J' 'K' 'Ks' 'R' 'V' 'Y' 'g' 'i' 'r' 'u']
# [''] on ['' 'PAIRITEL' 'kait3' 'kait4']
filter B
#
54216.71 17.186 0.029
54218.17 16.867 0.008
54224.20 16.214 0.011
54225.75 16.242 0.015
54226.73 16.233 0.014
54227.22 16.162 0.007
54229.18 16.191 0.006
54229.69 16.281 0.016
54231.23 16.272 0.007
54231.67 16.374 0.014
54232.19 16.316 0.006
54235.15 16.469 0.009
54235.79 16.628 0.015
54236.74 16.703 0.015
54239.16 16.772 0.007
54239.79 16.939 0.017
54243.19 17.174 0.008
54246.13 17.443 0.010
54252.77 18.226 0.080
54255.19 18.340 0.022
54255.75 18.482 0.031
54259.11 18.604 0.023
54271.71 19.330 0.103
54272.72 19.239 0.149
54290.66 19.668 0.144
filter Bkait
# kait3
54230.32 16.145 0.013
54232.30 16.234 0.019
54234.32 16.344 0.021
54236.32 16.495 0.020
54238.34 16.638 0.019
#filter B
## kait4
54241.31 16.857 0.030
54243.31 16.993 0.030
54246.31 17.269 0.041
54259.28 18.390 0.047
54262.22 18.519 0.079
filter H
#
54217.13 16.066 0.023
54224.20 15.718 0.013
54228.10 15.946 0.037
54233.13 15.992 0.057
54238.12 16.173 0.035
54254.19 15.867 0.014
54258.16 15.860 0.028
filter H2m
# PAIRITEL
54229.22 16.000 0.080
54231.21 15.970 0.070
54232.30 16.010 0.250
54233.29 15.980 0.180
54234.16 16.100 0.250
54235.28 16.130 0.180
54238.28 16.250 0.180
54239.27 16.170 0.050
54240.27 16.070 0.040
54241.26 16.000 0.040
54243.21 16.020 0.250
54256.17 15.770 0.070
54258.16 15.860 0.040
54259.17 15.860 0.170
54260.17 15.890 0.100
54261.16 15.960 0.250
54262.14 15.980 0.050
54275.15 16.340 0.040
filter Ikait
# kait3
54230.32 15.773 0.086
54232.30 15.819 0.023
54234.32 16.017 0.048
54236.32 16.165 0.053
#filter I
## kait4
54241.31 16.282 0.169
54243.31 16.501 0.101
54246.31 16.482 0.065
54255.19 16.232 0.174
54259.28 16.331 0.062
54262.22 16.378 0.127
54265.27 16.498 0.095
54267.22 16.637 0.145
54268.23 16.751 0.214
filter J
#
54217.13 16.122 0.017
54224.20 15.572 0.006
54228.10 15.756 0.013
54233.13 16.209 0.021
54237.22 16.840 0.140
54238.12 16.942 0.035
54254.19 17.035 0.015
54258.16 16.861 0.027
filter J2m
# PAIRITEL
54229.22 15.920 0.250
54231.21 16.010 0.030
54232.30 16.140 0.050
54233.29 16.150 0.000
54234.16 16.340 0.040
54235.28 16.470 0.010
54238.28 16.940 0.070
54239.27 17.180 0.080
54240.27 17.310 0.000
54241.26 17.310 0.060
54243.21 17.280 0.060
54256.17 16.740 0.030
54258.16 16.630 0.040
54259.17 16.620 0.060
54260.17 16.630 0.010
54261.16 16.570 0.010
54262.14 16.680 0.060
54275.15 17.280 0.070
filter K
#
54224.20 20.325 0.101
54254.19 20.771 0.061
filter Ks2m
# PAIRITEL
54229.22 15.920 0.120
54232.30 15.530 0.090
54235.28 15.670 0.110
54239.27 15.700 0.110
54240.27 15.470 0.180
54243.21 15.500 0.060
54256.17 15.830 0.060
54258.16 15.820 0.080
54260.17 15.860 0.170
54262.14 15.830 0.090
filter Rkait
# kait3
54230.32 15.645 0.010
54232.30 15.625 0.012
54234.32 15.754 0.014
54236.32 15.908 0.011
54238.34 16.046 0.036
#filter R
## kait4
54241.31 16.249 0.019
54243.31 16.361 0.021
54246.31 16.470 0.029
54255.19 16.515 0.035
54259.28 16.750 0.033
54262.22 16.849 0.024
54265.27 17.101 0.034
54267.22 17.114 0.039
54268.23 17.241 0.039
filter V
#
54216.71 16.832 0.019
54218.17 16.603 0.008
54224.20 15.916 0.007
54225.75 15.888 0.013
54226.72 15.862 0.011
54227.22 15.847 0.007
54229.18 15.857 0.006
54229.69 15.879 0.012
54231.23 15.882 0.006
54231.67 15.931 0.012
54232.19 15.911 0.006
54233.81 15.999 0.014
54235.15 16.023 0.009
54235.79 16.100 0.013
54236.74 16.142 0.014
54239.16 16.218 0.006
54239.78 16.346 0.017
54243.19 16.450 0.006
54246.13 16.595 0.008
54252.77 16.981 0.024
54255.19 17.090 0.008
54255.75 17.124 0.020
54259.11 17.316 0.010
54271.71 17.802 0.045
54272.72 17.701 0.042
54280.68 18.353 0.083
54281.67 18.273 0.091
54290.66 18.571 0.090
filter Vkait
# kait3
54230.32 15.870 0.012
54232.30 15.884 0.013
54234.32 15.992 0.019
54236.32 16.025 0.011
54238.34 16.153 0.020
#filter V
## kait4
54241.31 16.363 0.021
54243.31 16.473 0.020
54246.31 16.644 0.027
54255.19 17.079 0.045
54259.28 17.261 0.025
54262.22 17.436 0.041
54265.27 17.663 0.032
54267.22 17.738 0.058
54268.23 17.758 0.038
filter Y
#
54217.13 16.276 0.012
54224.20 15.845 0.009
54228.10 16.096 0.012
54233.13 16.573 0.026
54237.22 16.677 0.055
54238.12 16.840 0.019
54254.19 16.062 0.008
54258.16 15.843 0.016
54274.15 16.343 0.028
54275.14 16.396 0.023
filter g
#
54218.17 16.695 0.006
54224.20 16.067 0.008
54227.22 15.978 0.005
54229.18 16.000 0.004
54231.23 16.067 0.005
54232.19 16.100 0.004
54235.15 16.232 0.007
54239.16 16.456 0.005
54243.19 16.751 0.005
54246.13 16.974 0.006
54255.19 17.754 0.011
54259.11 18.072 0.009
filter i
#
54218.17 16.511 0.006
54224.20 16.082 0.014
54227.22 16.133 0.006
54229.18 16.215 0.005
54231.23 16.294 0.007
54232.19 16.325 0.006
54235.15 16.482 0.010
54239.16 16.845 0.009
54243.19 17.047 0.007
54246.13 17.025 0.009
54255.19 16.808 0.008
54259.11 16.816 0.009
filter r
#
54218.17 16.448 0.006
54224.20 15.834 0.009
54227.22 15.746 0.005
54229.18 15.739 0.004
54231.23 15.786 0.004
54232.19 15.807 0.004
54235.15 15.942 0.007
54239.16 16.219 0.006
54243.19 16.462 0.005
54246.13 16.532 0.005
54255.19 16.681 0.006
54259.11 16.825 0.006
filter u
#
54218.17 17.648 0.020
54224.20 16.936 0.025
54235.15 17.489 0.016
54239.16 17.935 0.021
54243.19 18.423 0.023
54246.13 18.693 0.037
54255.19 19.667 0.097
54259.11 19.964 0.108
