SN2011at 0.006758 142.239770 -14.805730
#SN2011at 142.23977 -14.80573 MCG_-02-24-27 SB(s)d 0.006758 2e-05 NED_Host_Galaxy_Name CBET_2676;AAVS0_432 POSS CBET_2676   Ia
# ['' 'B' 'C' 'H' 'J' 'Ks' 'U' 'UVM2' 'UVW1' 'UVW2' 'V']
# ['' 'UVOT' 'VLA'] on ['' 'Catalina Schmidt' 'PAIRITEL' 'Swift']
filter B_UVOT
# Swift
55636.70 14.468 0.044
55638.91 14.611 0.044
55642.38 14.945 0.047
55644.82 15.163 0.049
55646.77 15.438 0.053
55648.04 15.550 0.055
filter H2m
# PAIRITEL
55645.20 14.700 0.030
55647.19 14.570 0.040
55649.22 14.460 0.050
55650.19 14.420 0.180
55651.20 14.390 0.030
55655.17 14.350 0.040
55656.17 14.340 0.170
55657.16 14.210 0.170
55659.18 14.360 0.040
55662.18 14.410 0.180
55667.14 14.920 0.060
55670.13 14.990 0.170
55677.13 15.240 0.040
55696.17 16.080 0.160
filter J2m
# PAIRITEL
55645.20 15.940 0.010
55647.19 15.900 0.020
55649.22 15.890 0.170
55650.19 15.870 0.010
55651.20 15.670 0.250
55655.17 15.570 0.010
55656.17 15.480 0.000
55657.16 15.210 0.250
55659.18 15.190 0.000
55662.18 15.040 0.020
55667.14 15.480 0.020
55677.13 16.220 0.030
55696.17 17.670 0.120
filter Ks2m
# PAIRITEL
55645.20 14.620 0.030
55647.19 14.450 0.050
55649.22 14.390 0.050
55651.20 14.250 0.040
55655.17 14.330 0.060
55656.17 14.330 0.030
55659.18 14.370 0.020
55662.18 14.630 0.070
55677.13 15.450 0.080
55696.17 16.110 0.120
filter U_UVOT
# Swift
55636.69 14.711 0.052
55638.91 14.940 0.053
55642.38 15.416 0.064
55644.82 15.691 0.067
55646.76 16.019 0.071
55648.04 16.153 0.073
55650.15 16.203 0.114
filter UVM2
# Swift
55634.39 19.015 0.200
55636.71 19.116 0.195
55638.91 19.266 0.206
55642.39 19.530 0.260
filter UVW1
# Swift
55634.64 16.226 0.071
55636.73 16.412 0.078
55638.91 16.625 0.075
55642.38 16.933 0.083
55644.82 17.291 0.091
55646.76 17.564 0.101
55648.03 17.739 0.109
55650.11 18.015 0.135
filter UVW2
# Swift
55632.00 17.606 0.114
55633.49 17.850 0.108
55633.87 17.773 0.105
55636.70 17.885 0.135
55638.91 18.046 0.115
55642.39 18.563 0.150
55644.83 18.750 0.162
55646.77 19.082 0.198
55648.04 19.080 0.199
filter V_UVOT
# Swift
55634.59 14.087 0.045
55636.70 14.091 0.050
55638.91 14.165 0.048
55642.39 14.340 0.051
55644.83 14.515 0.054
55646.77 14.665 0.057
55648.04 14.722 0.058
