SN2005eu 0.034120 36.930110 28.176980
#SN2005eu 36.93011 28.17698 NSF_J022743.32+281037.6  -999 0.03412 4.6e-05 NED_Host_Galaxy_Name CBET_242;IAUC_8611 LOSS CBET_244;CEBT_245   Ia
# ['B' 'H' 'I' 'J' 'Ks' 'R' 'V']
# [''] on ['' 'PAIRITEL' 'kait3']
filter Bs
#
53653.97 17.095 0.055
53655.76 17.309 0.071
53675.86 18.007 0.045
53676.88 18.057 0.116
53677.89 18.106 0.118
53679.89 18.395 0.147
53681.88 18.623 0.075
53682.89 18.609 0.100
53686.87 19.305 0.198
53686.89 19.123 0.187
53687.85 19.371 0.235
53690.91 19.562 0.332
53692.90 19.820 0.252
53694.90 19.521 0.208
53695.89 19.757 0.427
53705.89 19.921 0.490
filter Bkait
# kait3
53650.36 17.678 0.021
53651.38 17.489 0.021
53653.37 17.209 0.011
53655.39 17.010 0.011
53658.28 16.908 0.041
53664.39 17.039 0.017
53666.37 17.105 0.014
53668.29 17.256 0.013
53670.32 17.321 0.367
53674.41 17.720 0.013
53679.38 18.304 0.029
53685.34 18.840 0.053
53693.25 19.881 0.231
53696.32 19.986 0.100
53698.22 20.120 0.071
53702.26 20.460 0.134
filter H2m
# PAIRITEL
53655.21 17.430 0.180
53656.19 17.310 0.180
53663.29 17.310 0.250
53665.18 17.240 0.030
53670.17 17.440 0.090
53673.15 17.610 0.040
53674.28 17.720 0.170
53675.27 17.460 0.090
53676.27 17.390 0.180
53678.31 17.290 0.100
53681.26 16.980 0.180
53684.37 16.960 0.100
53688.35 17.010 0.020
53690.34 17.130 0.180
53691.32 17.210 0.250
53695.36 17.260 0.250
53696.32 17.260 0.180
53699.30 17.340 0.180
53700.28 17.430 0.030
53704.26 17.680 0.250
53705.25 17.530 0.020
53714.30 17.830 0.140
53728.28 19.120 0.230
filter Ikait
# kait3
53650.36 17.617 0.033
53651.38 17.525 0.069
53653.37 17.236 0.032
53655.39 17.097 0.035
53658.28 17.008 0.051
53664.39 17.333 0.039
53666.37 17.442 0.035
53668.29 17.582 0.058
53672.35 17.847 0.080
53674.41 18.202 0.078
53679.38 18.127 0.073
53685.34 18.055 0.049
53693.25 17.816 0.066
53696.32 17.951 0.061
53698.22 18.124 0.073
53702.26 18.358 0.102
filter J2m
# PAIRITEL
53655.21 17.140 0.070
53656.19 17.150 0.050
53663.29 17.370 0.050
53665.18 17.560 0.090
53670.17 18.400 0.270
53672.14 18.610 0.120
53673.15 18.680 0.100
53674.28 18.790 0.280
53675.27 18.870 0.190
53678.31 18.530 0.100
53682.25 18.310 0.170
53687.29 18.090 0.120
53688.35 18.090 0.080
53690.34 17.990 0.070
53693.24 18.090 0.250
53695.36 17.910 0.070
53696.32 17.800 0.170
53699.30 17.980 0.120
53700.28 17.960 0.030
53704.26 18.400 0.090
53705.25 18.500 0.070
53714.30 18.840 0.170
53728.28 20.300 0.300
filter Ks2m
# PAIRITEL
53655.21 17.210 0.090
53656.19 16.960 0.070
53663.29 16.810 0.170
53665.18 17.020 0.250
53670.17 16.960 0.180
53674.28 17.220 0.250
53675.27 17.090 0.060
53676.27 17.290 0.250
53678.31 17.220 0.170
53684.37 16.860 0.170
53691.32 16.900 0.180
53700.28 17.740 0.300
53705.25 17.660 0.180
53714.30 17.910 0.370
filter Rkait
# kait3
53650.36 17.617 0.024
53651.38 17.438 0.025
53653.37 17.140 0.019
53655.39 16.958 0.010
53658.28 16.853 0.069
53664.39 16.807 0.017
53666.37 16.884 0.017
53668.29 17.002 0.021
53670.32 17.064 0.128
53672.35 17.225 0.086
53674.41 17.445 0.028
53679.38 17.693 0.024
53685.34 17.797 0.036
53693.25 18.092 0.037
53696.32 18.262 0.053
53698.22 18.387 0.036
53702.26 18.638 0.058
filter Vs
#
53649.81 17.693 0.039
53653.96 17.100 0.034
53653.96 17.061 0.022
53655.75 16.932 0.058
53655.76 16.936 0.048
53655.78 16.907 0.028
53663.94 16.859 0.026
53664.85 16.944 0.041
53665.92 16.972 0.029
53666.84 16.947 0.025
53668.98 17.057 0.021
53672.85 17.367 0.040
53675.86 17.484 0.037
53677.88 17.556 0.035
53678.87 17.629 0.028
53679.88 17.680 0.037
53680.83 17.695 0.040
53681.87 17.722 0.033
53686.88 17.968 0.044
53691.88 18.260 0.061
53692.89 18.156 0.078
53693.88 18.352 0.087
53694.89 18.369 0.054
53696.82 18.348 0.154
53705.88 18.993 0.046
filter Vkait
# kait3
53650.36 17.722 0.023
53651.38 17.531 0.024
53653.37 17.257 0.024
53655.39 17.020 0.017
53658.28 16.843 0.066
53664.39 16.890 0.017
53666.37 16.988 0.015
53668.29 17.074 0.015
53670.32 17.404 0.179
53672.35 17.408 0.207
53674.41 17.454 0.022
53679.38 17.762 0.033
53685.34 18.079 0.030
53693.25 18.597 0.051
53696.32 18.754 0.043
53698.22 18.961 0.060
53702.26 19.210 0.075
