SN2011ae 0.006046 178.705140 -16.862800
#SN2011ae 178.70514 -16.8628 MCG_-03-30-19  -999 0.006046 1.9e-05 NED_Host_Galaxy_Name CBET_2658 CSS CBET_2658   Ia
# ['' 'H' 'I1' 'I2' 'J' 'Ks']
# ['' 'IRAC' 'VLA'] on ['' 'PAIRITEL' 'Spitzer']
filter H2m
# PAIRITEL
55621.32 13.900 0.010
55622.35 13.850 0.020
55623.32 13.970 0.020
55624.33 13.890 0.040
55625.26 14.020 0.180
55626.34 13.900 0.040
55628.29 13.960 0.020
55629.34 13.920 0.000
55630.34 13.820 0.050
55631.32 13.830 0.010
55637.28 13.790 0.060
55641.29 13.800 0.170
55643.27 13.770 0.020
55645.28 13.700 0.030
55646.25 13.820 0.030
55647.27 13.850 0.030
55649.26 13.770 0.010
55650.29 13.800 0.180
55651.28 13.870 0.170
55652.34 13.970 0.050
55654.29 14.050 0.050
55655.25 14.040 0.170
55657.24 14.250 0.170
55659.22 14.300 0.020
55662.23 14.530 0.040
55670.19 14.860 0.010
55674.24 15.180 0.060
55687.28 15.520 0.250
55693.29 15.700 0.250
55697.12 16.000 0.250
55710.13 16.320 0.180
55711.26 16.610 0.310
#filter I1
# Spitzer
#55616.00 13.580 0.050
#filter I2
# Spitzer
#55616.00 13.490 0.060
filter J2m
# PAIRITEL
55621.32 13.690 0.020
55622.35 13.740 0.040
55623.32 13.790 0.000
55624.33 13.880 0.020
55625.26 13.910 0.030
55626.34 14.000 0.170
55628.29 14.140 0.170
55629.34 14.280 0.010
55630.34 14.370 0.180
55631.32 14.380 0.180
55637.28 14.900 0.070
55639.32 14.880 0.190
55641.29 14.840 0.020
55643.27 14.960 0.180
55644.28 14.800 0.030
55645.28 14.700 0.020
55646.25 14.730 0.030
55647.27 14.730 0.040
55648.28 14.680 0.120
55649.26 14.650 0.050
55650.29 14.620 0.040
55651.28 14.630 0.040
55652.34 14.550 0.010
55654.29 14.500 0.050
55655.25 14.480 0.170
55662.23 14.930 0.180
55670.19 15.630 0.180
55674.24 15.720 0.060
55687.28 16.650 0.120
55693.29 16.770 0.160
55697.12 17.170 0.230
55710.13 17.570 0.250
filter Ks2m
# PAIRITEL
55621.32 13.720 0.050
55622.35 13.780 0.100
55623.32 13.730 0.180
55624.33 13.650 0.250
55625.26 13.750 0.060
55626.34 13.720 0.080
55628.29 13.900 0.080
55629.34 13.790 0.170
55630.34 13.930 0.180
55631.32 13.900 0.180
55637.28 13.980 0.170
55641.29 13.770 0.020
55645.28 13.780 0.180
55646.25 13.690 0.050
55648.28 13.800 0.250
55649.26 13.800 0.060
55650.29 13.750 0.180
55651.28 13.870 0.060
55654.29 14.040 0.180
55655.25 13.940 0.250
55657.24 14.060 0.170
55659.22 14.350 0.120
55662.23 14.490 0.070
55674.24 15.360 0.170
55687.28 15.610 0.240
55697.12 15.840 0.250
