SN2010dw 0.038120 230.667750 -5.921250
#SN2010dw 230.66775 -5.92125 2MASX_J15224062-0555214  -999 0.03812 0.00015 NED_Host_Galaxy_Name CBET_2310 PIKA CBET_2311   Ia
# ['' 'B' 'H' 'J' 'Ks' 'V' "i'" "r'"]
# [''] on ['' 'PAIRITEL']
filter B4sh
#
55355.28 17.526 0.037
55356.18 17.476 0.037
55359.18 17.521 0.034
55361.22 17.624 0.046
55363.22 17.685 0.052
55376.17 18.907 0.132
55385.24 19.951 0.335
filter H2m
# PAIRITEL
55358.20 17.980 0.090
55359.21 17.550 0.250
55360.29 17.720 0.180
55363.20 17.870 0.250
55364.24 17.800 0.180
55366.21 18.050 0.270
filter J2m
# PAIRITEL
55358.20 17.890 0.070
55359.21 17.780 0.050
55360.29 17.820 0.130
55364.24 17.870 0.060
55366.21 18.230 0.090
55370.21 19.050 0.220
filter Ks2m
# PAIRITEL
55359.21 17.180 0.350
55363.20 16.670 0.170
55364.24 16.660 0.250
55366.21 16.890 0.330
filter V4sh
#
55355.27 17.375 0.033
55356.18 17.347 0.033
55359.17 17.288 0.031
55361.22 17.312 0.036
55363.21 17.378 0.035
55376.17 18.024 0.070
55385.24 18.442 0.094
55393.18 19.090 0.152
filter ik
#
55355.27 17.693 0.038
55356.17 17.694 0.034
55359.17 17.755 0.043
55361.22 17.784 0.043
55363.21 17.845 0.038
55376.16 18.264 0.045
55385.23 18.192 0.065
55393.18 18.426 0.066
filter rk
#
55355.27 17.358 0.024
55356.18 17.334 0.025
55359.17 17.289 0.025
55361.22 17.275 0.025
55363.21 17.315 0.023
55376.17 17.886 0.034
55385.23 18.086 0.043
55393.18 18.463 0.082
