SN2009jr 0.016548 306.608460 2.908890
#SN2009jr 306.60846 2.90889 IC_1320 SB(s)b? 0.016548 6e-05 NED_Host_Galaxy_Name CBET_1964 Arbour CBET_1968   Ia
# ['' 'B' 'H' 'I1' 'J' 'Ks' 'U' 'UVM2' 'UVW1' 'UVW2' 'V' "i'" "r'"]
# ['' 'IRAC' 'UVOT'] on ['' 'PAIRITEL' 'Spitzer' 'Swift']
filter B4sh
#
55117.08 16.899 0.024
55119.12 16.845 0.026
55120.10 16.878 0.035
55122.10 16.889 0.033
55126.09 17.038 0.033
55127.09 17.075 0.034
55128.12 17.153 0.035
55131.08 17.379 0.050
55136.08 17.910 0.109
55141.10 18.411 0.072
55143.09 18.371 0.097
55145.07 18.491 0.062
55151.10 19.293 0.128
55153.07 19.344 0.161
55158.08 19.602 0.218
55159.08 19.554 0.210
filter B_UVOT
# Swift
55119.75 16.772 0.102
55120.48 16.873 0.102
55122.14 16.862 0.103
55124.32 16.909 0.104
55126.19 16.905 0.103
55128.33 17.230 0.128
55129.55 17.210 0.123
filter H2m
# PAIRITEL
55120.12 17.300 0.250
55122.11 17.010 0.250
55125.15 16.840 0.250
55126.20 16.820 0.180
55128.07 16.830 0.180
55132.14 16.730 0.180
55133.09 17.110 0.250
55134.09 17.190 0.180
55136.10 17.660 0.250
55137.14 17.870 0.170
55147.07 17.540 0.170
55153.07 16.660 0.180
55155.08 16.740 0.230
55156.09 17.030 0.170
filter S36
# Spitzer
55150.00 16.780 0.090
55161.00 16.980 0.090
55171.00 17.710 0.090
filter J2m
# PAIRITEL
55120.12 16.660 0.250
55122.11 16.370 0.170
55125.15 16.590 0.250
55126.20 16.800 0.180
55128.07 17.150 0.250
55131.16 17.730 0.250
55133.09 18.330 0.250
55134.09 18.380 0.170
55135.12 18.200 0.250
55137.14 18.090 0.240
55147.07 18.500 0.180
filter Ks2m
# PAIRITEL
55120.12 16.410 0.250
55122.11 16.340 0.250
55125.15 16.820 0.250
55128.07 16.580 0.250
55131.16 16.540 0.250
55133.09 17.020 0.340
55135.12 16.760 0.250
55137.14 16.870 0.250
55153.07 17.340 0.370
55155.08 17.200 0.250
55156.09 17.000 0.250
filter U_UVOT
# Swift
55119.77 17.075 0.142
55120.48 17.031 0.140
55122.14 17.242 0.164
55124.32 17.464 0.185
55126.19 17.800 0.233
55128.33 17.868 0.261
55129.55 17.921 0.261
filter UVW1
# Swift
55119.77 18.876 0.327
55120.47 18.712 0.341
55122.14 18.900 0.380
filter V4sh
#
55117.08 16.284 0.019
55119.11 16.269 0.026
55120.10 16.246 0.028
55122.10 16.248 0.025
55126.09 16.344 0.017
55127.09 16.382 0.029
55128.11 16.459 0.022
55131.07 16.504 0.031
55136.08 16.963 0.033
55141.09 17.126 0.027
55143.09 17.196 0.033
55145.07 17.259 0.032
55151.10 17.724 0.077
55153.07 17.699 0.037
55158.07 18.015 0.082
55159.07 18.049 0.083
filter V_UVOT
# Swift
55119.75 16.369 0.133
55120.48 16.164 0.111
55122.14 16.335 0.125
55124.33 16.225 0.115
55126.19 16.313 0.118
55128.33 16.510 0.141
55129.47 16.526 0.152
filter ik
#
55117.07 16.407 0.028
55119.11 16.420 0.030
55120.09 16.417 0.029
55122.09 16.529 0.030
55126.08 16.633 0.030
55127.08 16.725 0.043
55128.11 16.820 0.042
55131.07 16.920 0.059
55136.07 17.433 0.086
55141.09 17.294 0.068
55143.08 17.238 0.073
55145.06 17.244 0.029
55151.10 17.013 0.055
55153.06 17.059 0.069
55158.07 17.435 0.180
55159.06 17.604 0.131
filter rk
#
55117.08 16.147 0.021
55119.11 16.094 0.020
55120.10 16.089 0.017
55122.10 16.078 0.019
55126.08 16.188 0.021
55127.08 16.223 0.018
55128.11 16.277 0.017
55136.08 16.860 0.034
55141.09 16.888 0.019
55143.09 16.893 0.037
55145.06 16.923 0.025
55151.10 17.110 0.043
55153.07 17.213 0.084
55158.07 17.486 0.180
55159.06 17.430 0.126
