SN2011by 0.002843 178.939510 55.325920
filter B_UVOT
# Swift
55678.97 14.484 0.043
55680.11 14.092 0.042
55681.38 13.854 0.041
55682.57 13.547 0.040
55683.70 13.410 0.040
55684.40 13.287 0.040
55686.02 13.114 0.029
55686.09 13.102 0.029
55686.22 13.104 0.029
55687.49 13.008 0.029
55688.42 12.959 0.029
55688.49 12.948 0.029
55689.17 12.934 0.029
55691.10 12.939 0.029
55691.17 12.920 0.029
55691.24 12.936 0.029
55693.77 12.972 0.029
55695.04 13.058 0.029
55697.78 13.187 0.029
55699.05 13.348 0.030
55701.13 13.547 0.030
55703.67 13.772 0.031
55705.00 13.911 0.031
55707.48 14.228 0.033
55709.68 14.486 0.034
55711.22 14.632 0.036
55713.16 14.849 0.038
55717.04 15.256 0.044
55719.66 15.410 0.043
55721.67 15.613 0.047
55723.68 15.702 0.049
55725.25 15.867 0.062
55727.09 15.994 0.072
filter Bkait
# kait4
55678.21 14.810 0.020
55679.30 14.417 0.024
55681.31 13.858 0.032
55682.32 13.665 0.031
55683.31 13.404 0.036
55684.30 13.316 0.025
55685.30 13.179 0.027
55687.32 13.019 0.031
55688.30 13.019 0.028
55691.28 12.945 0.029
55693.28 12.988 0.036
55700.25 13.465 0.044
55703.19 13.767 0.042
55706.19 14.103 0.046
55709.24 14.482 0.033
55715.23 15.133 0.039
55719.25 15.490 0.042
55722.20 15.702 0.048
55725.20 15.900 0.068
55728.20 15.974 0.053
55731.20 16.080 0.066
55735.20 16.142 0.042
55738.20 16.219 0.048
filter Bk
# nickel2
55682.04 13.628 0.045
55684.03 13.319 0.038
55719.95 15.492 0.025
55721.94 15.639 0.020
55726.95 15.885 0.021
55738.93 16.186 0.023
55748.92 16.335 0.059
55749.93 16.414 0.018
55766.91 16.650 0.027
filter H2m
# PAIRITEL
55679.18 14.330 0.060
55680.19 14.140 0.040
55685.22 13.510 0.120
55686.22 13.480 0.150
55687.19 13.370 0.030
55688.19 13.450 0.090
55689.19 13.460 0.140
55690.17 13.670 0.180
55693.19 13.680 0.110
55694.19 13.720 0.120
55695.18 13.800 0.160
55696.14 13.780 0.070
55697.15 13.800 0.060
55698.16 13.830 0.250
55699.19 13.930 0.090
55702.17 13.920 0.120
55703.16 13.880 0.070
55705.14 13.710 0.070
55706.25 13.730 0.250
55707.17 13.610 0.170
55708.16 13.650 0.070
55709.16 13.590 0.250
55710.16 13.590 0.180
55711.17 13.560 0.080
55715.19 13.630 0.050
55734.20 14.420 0.060
55735.19 14.400 0.060
filter Ikait
# kait4
55678.21 14.554 0.023
55679.30 14.153 0.023
55681.31 13.657 0.031
55682.32 13.406 0.028
55683.31 13.273 0.030
55684.30 13.151 0.022
55685.30 13.066 0.023
55687.32 12.954 0.030
55688.30 12.990 0.025
55691.28 13.073 0.027
55693.28 13.151 0.036
55700.25 13.616 0.030
55706.19 13.806 0.034
55709.24 13.695 0.024
55715.23 13.566 0.026
55719.25 13.496 0.025
55722.20 13.687 0.033
55725.20 13.898 0.037
55728.20 14.092 0.026
55731.20 14.322 0.059
55735.20 14.442 0.033
55738.20 14.644 0.029
filter I4sh
# nickel2
55684.03 13.155 0.012
55719.95 13.536 0.021
55721.94 13.612 0.015
55726.95 14.001 0.014
55738.93 14.634 0.013
55748.92 15.079 0.014
55749.93 15.153 0.012
55766.91 15.842 0.018
filter J2m
# PAIRITEL
55679.18 14.210 0.120
55680.19 14.030 0.120
55685.22 13.290 0.050
55686.22 13.260 0.130
55687.19 13.190 0.120
55688.19 13.170 0.140
55689.19 13.230 0.180
55690.17 13.270 0.110
55693.19 13.530 0.130
55694.19 13.700 0.130
55695.18 13.780 0.080
55696.14 13.820 0.140
55697.15 13.940 0.150
55698.16 14.190 0.090
55699.19 14.320 0.100
55702.17 14.800 0.120
55703.16 15.040 0.090
55705.14 15.130 0.150
55706.25 15.220 0.150
55707.17 15.100 0.140
55708.16 15.040 0.170
55709.16 15.060 0.150
55710.16 14.890 0.140
55711.17 14.930 0.040
55712.16 14.800 0.080
55715.19 14.640 0.080
55734.20 15.410 0.030
55735.19 15.430 0.020
filter Ks2m
# PAIRITEL
55679.18 14.440 0.170
55687.19 13.550 0.180
55688.19 13.700 0.250
55693.19 13.590 0.250
55695.18 13.600 0.250
55696.14 13.740 0.250
55699.19 13.910 0.180
55703.16 13.970 0.180
55707.17 14.010 0.180
55710.16 13.800 0.250
55712.16 14.170 0.250
55715.19 13.740 0.170
55734.20 14.400 0.250
filter Rkait
# kait4
55678.21 14.607 0.018
55679.30 14.210 0.026
55681.31 13.670 0.023
55682.32 13.463 0.022
55683.31 13.284 0.032
55684.30 13.159 0.021
55685.30 13.059 0.022
55687.32 12.942 0.029
55688.30 12.925 0.019
55691.28 12.844 0.021
55693.28 12.845 0.029
55700.25 13.235 0.025
55703.19 13.440 0.020
55706.19 13.583 0.023
55709.24 13.632 0.068
55715.23 13.706 0.022
55719.25 13.898 0.019
55722.20 14.040 0.029
55725.20 14.289 0.033
55728.20 14.411 0.025
55731.20 14.600 0.043
55735.20 14.751 0.025
55738.20 14.822 0.032
filter R4sh
# nickel2
55682.04 13.323 0.040
55684.03 13.152 0.011
55721.94 14.027 0.013
55738.93 14.886 0.010
55749.93 15.269 0.012
55766.91 15.787 0.022
filter U_UVOT
# Swift
55678.97 14.258 0.044
55680.10 13.683 0.042
55681.37 13.208 0.041
55682.57 12.884 0.040
55683.70 12.670 0.040
55684.40 12.549 0.040
55686.02 12.434 0.029
55686.09 12.415 0.029
55686.22 12.416 0.029
55687.49 12.398 0.029
55688.42 12.389 0.029
55688.48 12.384 0.029
55689.17 12.404 0.029
55691.10 12.505 0.029
55691.17 12.538 0.029
55691.23 12.524 0.029
55693.77 12.748 0.029
55695.04 12.952 0.030
55697.78 13.277 0.031
55699.05 13.426 0.031
55701.13 13.832 0.033
55703.66 14.062 0.035
55705.00 14.293 0.037
55707.48 14.608 0.041
55709.68 14.970 0.049
55711.22 15.148 0.053
55713.16 15.427 0.061
55717.04 15.728 0.065
55719.66 15.915 0.067
55721.67 16.090 0.069
55723.68 16.161 0.070
55725.25 16.269 0.076
55727.09 16.279 0.094
filter UVM2
# Swift
55678.97 19.279 0.241
55681.38 18.085 0.107
55682.57 17.544 0.084
55684.41 16.914 0.079
55686.66 16.664 0.074
55687.53 16.654 0.072
55688.19 16.571 0.070
55689.13 16.632 0.074
55691.70 16.510 0.073
55693.91 16.698 0.076
55695.11 16.791 0.172
55697.88 17.076 0.082
55699.73 17.244 0.083
55701.33 17.437 0.086
55703.81 17.844 0.097
55705.28 17.916 0.100
55707.55 18.399 0.121
55709.79 18.600 0.124
55711.33 18.652 0.145
55715.71 19.025 0.168
55717.15 19.057 0.171
55719.26 19.008 0.166
55721.37 19.019 0.170
55723.48 19.191 0.163
55725.26 19.278 0.189
55727.09 19.555 0.316
filter UVW1
# Swift
55678.96 16.124 0.071
55680.10 15.373 0.065
55681.37 14.978 0.063
55682.57 14.497 0.057
55683.70 14.244 0.049
55684.40 14.114 0.048
55686.66 13.965 0.048
55687.53 13.917 0.048
55688.22 14.016 0.050
55689.14 13.978 0.049
55691.70 14.112 0.047
55693.91 14.436 0.055
55697.88 14.912 0.065
55699.73 15.158 0.072
55701.34 15.419 0.070
55703.81 15.666 0.071
55705.28 16.021 0.078
55707.56 16.210 0.079
55709.79 16.505 0.078
55711.36 16.693 0.103
55715.72 17.081 0.097
55717.15 17.361 0.119
55719.27 17.269 0.110
55721.37 17.555 0.176
55723.48 17.495 0.107
55725.25 17.710 0.106
55727.09 17.888 0.153
filter UVW2
# Swift
55678.97 17.795 0.101
55680.11 17.282 0.097
55681.38 16.840 0.084
55682.56 16.451 0.080
55682.58 16.367 0.077
55683.70 16.084 0.096
55684.41 15.948 0.077
55686.50 15.844 0.077
55686.66 15.842 0.077
55687.52 15.709 0.075
55688.19 15.803 0.075
55688.27 15.729 0.074
55689.13 15.688 0.076
55691.54 15.804 0.074
55691.70 15.814 0.077
55693.90 16.120 0.080
55695.14 16.130 0.081
55697.88 16.476 0.084
55699.72 16.612 0.084
55701.33 16.857 0.087
55703.80 17.066 0.090
55705.27 17.270 0.095
55707.54 17.714 0.107
55709.78 18.005 0.111
55711.32 17.989 0.103
55713.23 18.123 0.127
55715.71 18.548 0.149
55717.14 18.407 0.140
55719.25 18.591 0.154
55721.36 18.666 0.160
55723.47 18.938 0.159
55725.25 18.811 0.153
55727.09 19.164 0.249
filter V_UVOT
# Swift
55678.97 14.500 0.053
55680.07 14.203 0.059
55681.38 13.823 0.046
55682.56 13.608 0.044
55684.41 13.296 0.043
55687.49 13.055 0.031
55689.17 12.968 0.030
55693.77 12.918 0.030
55695.04 12.952 0.030
55697.78 12.981 0.030
55699.05 13.074 0.031
55701.13 13.187 0.031
55703.67 13.346 0.032
55705.01 13.417 0.032
55707.48 13.588 0.033
55709.69 13.742 0.034
55711.22 13.778 0.042
55713.16 13.923 0.042
55717.05 14.068 0.040
55719.66 14.279 0.040
55721.68 14.358 0.039
55723.68 14.470 0.042
55725.26 14.656 0.059
55727.09 14.664 0.064
filter Vkait
# kait4
55678.21 14.760 0.016
55679.30 14.400 0.023
55681.31 13.894 0.026
55682.32 13.629 0.021
55683.31 13.515 0.034
55684.30 13.324 0.026
55685.30 13.261 0.022
55687.32 13.041 0.023
55688.30 12.991 0.022
55691.28 12.925 0.020
55693.28 12.895 0.024
55700.25 13.150 0.025
55703.19 13.324 0.023
55706.19 13.512 0.026
55709.24 13.718 0.028
55715.23 14.021 0.030
55719.25 14.219 0.024
55722.20 14.429 0.028
55725.20 14.573 0.038
55728.20 14.760 0.027
55731.20 14.865 0.041
55735.20 15.021 0.031
55738.20 15.132 0.032
filter Vk
# nickel2
55682.04 13.615 0.013
55684.03 13.346 0.012
55719.95 14.313 0.017
55721.94 14.475 0.024
55726.95 14.765 0.019
55738.93 15.191 0.014
55748.92 15.458 0.020
55749.93 15.492 0.014
55766.91 16.133 0.169
