SN2005bl 0.024060 181.050980 20.406830
#SN2005bl 181.05098 20.40683 NGC_4070  -999 0.02406 8e-05 NED_Host_Galaxy_Name IAUC_8515 LOSS;_POSS IAUC_8514  Iap
# ['' 'B' 'H' 'I' 'J' 'Ks' 'R' 'V' 'g' 'i' 'r' 'u']
# [''] on ['' 'PAIRITEL' 'kait3' 'nickel']
filter B
#
53476.08 19.359 0.016
53477.11 19.140 0.017
53478.13 18.954 0.017
53479.12 18.822 0.025
53480.13 18.768 0.020
53481.08 18.723 0.022
53483.10 18.711 0.035
53484.12 18.771 0.037
53489.07 19.523 0.028
53490.08 19.736 0.018
53491.04 19.893 0.017
53512.04 21.237 0.175
filter Bkait
# kait3
53476.32 19.228 0.101
53477.29 19.200 0.116
53478.32 18.791 0.110
#filter Bk
# nickel
#53524.27 20.877 0.317
filter H2m
# PAIRITEL
53488.19 17.220 0.040
53489.18 17.180 0.170
53490.18 17.460 0.180
53493.21 17.270 0.180
53494.15 17.580 0.180
53497.18 17.700 0.200
53498.16 17.640 0.240
53499.19 17.770 0.250
53500.18 17.820 0.210
53501.18 17.880 0.220
53502.16 18.050 0.300
53503.16 18.020 0.310
53515.25 18.360 0.250
filter Ikait
# kait3
53476.32 18.320 0.083
53477.29 18.103 0.066
53478.32 18.009 0.070
53486.31 17.256 0.164
53490.26 17.370 0.120
53492.29 17.594 0.083
53501.29 18.166 0.077
53504.22 18.680 0.175
53515.19 18.945 0.144
#filter I4sh
# nickel
#53524.27 19.639 0.294
filter J2m
# PAIRITEL
53480.18 17.450 0.120
53481.23 17.350 0.080
53482.20 17.240 0.090
53486.21 17.330 0.120
53487.19 17.410 0.120
53488.19 17.470 0.060
53489.18 17.600 0.140
53490.18 17.490 0.050
53493.21 17.570 0.170
53494.15 17.740 0.170
53495.19 17.520 0.050
53497.18 17.910 0.160
53498.16 18.060 0.110
53499.19 18.340 0.080
53500.18 18.100 0.240
53501.18 18.320 0.160
53502.16 18.380 0.190
53503.16 18.600 0.230
53504.16 18.720 0.250
53506.14 18.850 0.050
53515.25 19.970 0.280
filter Ks2m
# PAIRITEL
53481.23 16.800 0.280
53486.21 17.240 0.320
53488.19 17.210 0.170
53489.18 17.140 0.170
53490.18 17.310 0.270
53493.21 17.210 0.190
53495.19 17.370 0.330
53497.18 17.400 0.300
53498.16 17.580 0.250
53502.16 17.710 0.210
filter Rkait
# kait3
53476.32 18.610 0.091
53477.29 18.378 0.065
53478.32 18.187 0.091
53486.31 17.631 0.104
53490.26 17.913 0.131
53492.29 17.818 0.057
53501.29 18.763 0.094
53504.22 18.780 0.106
53515.19 19.617 0.079
#filter Rk
# nickel
#53524.27 20.024 0.187
filter V
#
53476.08 18.917 0.015
53477.11 18.664 0.013
53478.13 18.444 0.016
53479.12 18.298 0.019
53480.13 18.142 0.014
53481.08 18.062 0.015
53483.10 17.942 0.015
53484.12 17.883 0.017
53489.07 18.210 0.011
53490.08 18.350 0.011
53491.04 18.464 0.013
53512.04 19.951 0.057
filter Vkait
# kait3
53476.32 18.769 0.101
53477.29 18.733 0.072
53478.32 18.361 0.079
53490.26 18.178 0.121
53492.29 18.700 0.176
53501.29 19.537 0.208
#filter V
# nickel
#53524.27 19.976 0.197
filter g
#
53476.08 18.984 0.073
53477.11 18.748 0.074
53478.13 18.550 0.072
53479.12 18.402 0.076
53480.13 18.302 0.072
53481.08 18.239 0.074
53483.10 18.227 0.076
53484.12 18.176 0.080
53489.07 18.826 0.074
53490.08 19.019 0.072
53491.04 19.172 0.073
53512.04 20.667 0.115
filter i
#
53476.08 18.870 0.028
53477.11 18.635 0.014
53478.13 18.376 0.014
53479.12 18.213 0.028
53480.13 18.078 0.014
53481.08 17.950 0.012
53483.10 17.810 0.012
53484.12 17.730 0.023
53489.07 17.775 0.009
53490.08 17.835 0.012
53491.04 17.877 0.014
53512.04 19.521 0.037
filter r
#
53476.08 18.877 0.011
53477.11 18.619 0.012
53478.13 18.389 0.011
53479.12 18.230 0.023
53480.13 18.027 0.010
53481.08 17.922 0.010
53483.10 17.742 0.009
53484.12 17.665 0.026
53489.07 17.788 0.007
53490.08 17.880 0.010
53491.04 17.963 0.012
53512.04 19.574 0.030
filter u
#
53476.08 20.411 0.042
53477.11 20.212 0.044
53478.13 20.041 0.069
53480.13 20.009 0.087
53481.08 19.992 0.107
53483.10 20.086 0.137
53484.12 20.104 0.215
53489.07 21.139 0.106
53490.08 21.539 0.122
53491.04 21.517 0.091
