SN2007co 0.026962 275.764930 29.897150
#SN2007co 275.76493 29.89715 MCG_+05-43-16  -999 0.026962 0.00011 NED_Host_Galaxy_Name CBET_977;IAUC_8851 Nicolas CBET_978;IAUC_8851   Ia
# ['' 'B' 'H' 'I' 'J' 'Ks' 'R' 'U' 'UVM2' 'UVW1' 'UVW2' 'V']
# ['' 'UVOT'] on ['' 'PAIRITEL' 'Swift' 'kait4']
filter B4sh
#
54258.88 17.118 0.017
54259.88 17.029 0.020
54260.91 16.947 0.017
54263.67 16.908 0.020
54264.87 16.894 0.015
54265.81 16.926 0.018
54266.84 16.969 0.016
54266.91 16.965 0.017
54268.97 17.037 0.032
54269.70 17.121 0.017
54271.85 17.295 0.016
54272.84 17.340 0.018
54275.83 17.666 0.023
54276.85 17.853 0.034
54276.92 17.821 0.026
54277.82 17.821 0.034
54278.85 17.991 0.039
54279.79 18.173 0.044
54283.75 18.495 0.097
54287.90 19.090 0.069
54289.69 19.165 0.070
54291.81 19.317 0.052
54291.88 19.374 0.070
filter B_UVOT
# Swift
54261.12 16.948 0.064
54263.83 16.846 0.064
54265.44 16.903 0.064
54267.63 16.957 0.066
54271.83 17.189 0.066
54273.65 17.385 0.072
54275.50 17.501 0.070
54277.84 17.764 0.075
54281.38 18.335 0.087
54289.39 19.179 0.154
filter Bkait
# kait4
54258.41 17.212 0.017
54260.41 17.001 0.013
54262.39 16.899 0.020
54264.41 16.865 0.016
54266.40 16.887 0.013
54267.36 16.908 0.011
54268.36 16.974 0.016
54270.36 17.088 0.017
54272.38 17.219 0.017
54274.38 17.385 0.017
54276.38 17.602 0.023
54278.33 17.778 0.023
54280.35 17.918 0.059
54283.36 18.212 0.070
54286.33 18.594 0.066
54289.30 18.875 0.038
54293.35 19.083 0.061
54296.30 19.361 0.070
54299.30 19.480 0.077
54302.29 19.660 0.107
54306.31 19.702 0.116
54309.28 19.842 0.176
filter H2m
# PAIRITEL
54272.30 17.670 0.330
54273.33 18.000 0.180
54275.29 18.030 0.250
54278.32 17.980 0.250
54279.31 17.910 0.170
54282.24 17.570 0.180
filter Ikait
# kait4
54258.41 16.953 0.032
54260.41 16.862 0.033
54262.39 16.803 0.135
54264.41 16.935 0.034
54266.40 16.983 0.031
54267.36 17.024 0.032
54268.36 17.049 0.034
54270.36 17.120 0.040
54272.38 17.295 0.024
54274.38 17.457 0.040
54276.38 17.599 0.051
54278.33 17.629 0.058
54280.35 17.589 0.084
54283.36 17.504 0.046
54286.33 17.505 0.057
54289.30 17.402 0.039
54293.35 17.368 0.039
54296.30 17.514 0.028
54299.30 17.747 0.052
54302.29 17.908 0.098
54306.31 18.070 0.100
54309.28 18.140 0.086
54312.28 18.382 0.090
54315.25 18.497 0.081
filter J2m
# PAIRITEL
54271.38 17.920 0.250
54272.30 17.890 0.170
54273.33 18.110 0.250
54278.32 18.470 0.180
54279.31 18.270 0.180
54282.24 18.260 0.250
54285.30 18.220 0.250
filter Ks2m
# PAIRITEL
54275.29 17.110 0.310
54279.31 16.980 0.120
54280.19 16.690 0.260
54282.24 16.670 0.210
54285.30 16.500 0.220
filter Rkait
# kait4
54258.41 16.901 0.015
54260.41 16.737 0.011
54262.39 16.635 0.016
54264.41 16.575 0.014
54266.40 16.561 0.015
54267.36 16.561 0.012
54268.36 16.576 0.010
54270.36 16.641 0.010
54272.38 16.767 0.014
54274.38 16.916 0.015
54276.38 17.072 0.012
54278.33 17.190 0.019
54280.35 17.251 0.029
54283.36 17.301 0.025
54286.33 17.331 0.021
54289.30 17.410 0.020
54293.35 17.507 0.021
54296.30 17.748 0.020
54299.30 17.931 0.034
54302.29 18.123 0.030
54306.31 18.249 0.042
54309.28 18.358 0.067
54312.28 18.536 0.065
54315.25 18.626 0.053
filter Us
#
54259.89 17.226 0.045
54259.89 17.255 0.049
54260.91 17.200 0.042
54260.92 17.195 0.038
54263.68 17.172 0.045
54264.88 17.194 0.039
54265.81 17.313 0.041
54266.85 17.305 0.042
54266.91 17.345 0.044
54269.70 17.514 0.056
54271.86 17.860 0.050
54272.84 17.873 0.063
54275.84 18.258 0.091
54276.85 18.478 0.126
54276.93 18.410 0.122
54278.86 18.456 0.189
54281.79 18.726 0.191
54287.91 19.741 0.266
54291.82 19.939 0.233
filter U_UVOT
# Swift
54261.12 16.982 0.074
54263.82 16.950 0.076
54265.44 17.039 0.076
54267.63 17.269 0.085
54271.82 17.792 0.093
54273.65 17.929 0.106
54275.50 18.147 0.105
54277.83 18.491 0.127
54281.38 19.001 0.137
54289.39 19.657 0.243
filter UVW1
# Swift
54261.12 18.784 0.121
54263.82 18.816 0.138
54265.44 18.772 0.140
54267.63 18.781 0.153
54271.82 19.201 0.170
54273.65 19.310 0.209
54275.49 19.714 0.234
54277.83 20.045 0.317
54281.38 20.497 0.314
filter UVW2
# Swift
54261.12 20.188 0.280
54263.83 20.722 0.423
54265.44 20.125 0.267
54271.83 20.808 0.418
54275.50 20.766 0.398
filter V4sh
54258.88 16.984 0.016
54259.88 16.905 0.016
54260.91 16.855 0.014
54263.67 16.744 0.016
54264.87 16.705 0.013
54265.80 16.728 0.015
54266.84 16.706 0.014
54266.90 16.701 0.014
54267.97 16.729 0.021
54268.95 16.735 0.016
54268.96 16.751 0.018
54269.70 16.777 0.015
54271.85 16.854 0.013
54272.83 16.949 0.013
54275.83 17.071 0.015
54276.84 17.131 0.019
54276.92 17.131 0.017
54277.82 17.187 0.022
54278.85 17.267 0.022
54279.79 17.413 0.027
54281.79 17.540 0.029
54283.75 17.566 0.043
54287.90 17.755 0.027
54289.69 17.864 0.030
54291.81 18.040 0.027
54291.88 18.011 0.032
54294.73 18.224 0.045
filter V_UVOT
# Swift
54261.09 16.907 0.079
54263.83 16.706 0.074
54265.44 16.678 0.072
54267.57 16.698 0.090
54271.83 16.852 0.074
54273.66 16.885 0.080
54275.51 16.987 0.076
54277.84 17.164 0.082
54281.38 17.416 0.096
54289.39 17.880 0.132
filter Vkait
# kait4
54258.41 17.132 0.020
54260.41 16.936 0.015
54262.39 16.801 0.017
54264.41 16.787 0.013
54266.40 16.746 0.014
54267.36 16.756 0.015
54268.36 16.788 0.013
54270.36 16.843 0.015
54272.38 16.909 0.014
54274.38 17.009 0.010
54276.38 17.136 0.018
54278.33 17.242 0.021
54280.35 17.368 0.031
54283.36 17.495 0.026
54286.33 17.723 0.033
54289.30 17.849 0.022
54293.35 18.083 0.034
54296.30 18.290 0.025
54299.30 18.528 0.046
54302.29 18.668 0.046
54306.31 18.879 0.067
54309.28 18.861 0.084
54312.28 19.012 0.073
54315.25 19.048 0.075
