SN2006cp 0.022289 184.811980 22.427230
#SN2006cp 184.81198 22.42723 UGC_7357 SAB(s)c 0.022289 2e-06 NED_Host_Galaxy_Name CBET_524;IAUC_8716 LOSS CBET_528;IAUC_8716   Ia
# ['' 'B' 'H' 'I' 'J' 'Ks' 'R' 'U' 'V']
# [''] on ['' 'PAIRITEL' 'kait3']
filter Bs
#
53884.67 17.558 0.020
53885.70 17.199 0.017
53887.66 16.755 0.016
53889.75 16.411 0.018
53893.77 16.103 0.023
53898.71 16.124 0.019
53927.65 18.624 0.067
filter Bkait
# kait3
53884.22 17.868 0.075
53885.19 17.545 0.058
53887.19 16.871 0.044
53889.19 16.527 0.031
53891.19 16.306 0.055
53893.19 16.067 0.035
53895.19 16.029 0.017
53897.20 16.053 0.019
53903.20 16.213 0.010
53904.19 16.345 0.031
53907.20 16.545 0.031
53910.19 16.921 0.062
53916.20 17.579 0.070
53919.20 17.890 0.111
53922.19 17.973 0.210
filter H2m
# PAIRITEL
53900.19 16.970 0.110
53901.17 16.840 0.080
53902.16 16.910 0.120
53904.21 17.090 0.100
53905.21 17.000 0.120
filter Ikait
# kait3
53884.22 17.827 0.107
53885.19 17.447 0.087
53887.19 16.873 0.068
53889.19 16.567 0.044
53891.19 16.404 0.205
53893.19 16.329 0.065
53895.19 16.311 0.019
53897.20 16.322 0.044
53903.20 16.510 0.051
53904.19 16.601 0.051
53907.20 16.862 0.072
53910.19 17.004 0.055
53916.20 16.869 0.054
53919.20 16.791 0.081
53922.19 16.722 0.095
filter J2m
# PAIRITEL
53900.19 17.140 0.110
53901.17 16.960 0.080
53902.16 17.090 0.090
53904.21 17.580 0.170
53905.21 17.490 0.140
filter Ks2m
# PAIRITEL
53900.19 16.060 0.140
53902.16 16.170 0.100
53905.21 16.590 0.270
filter Rkait
# kait3
53884.22 17.644 0.086
53885.19 17.256 0.043
53887.19 16.714 0.029
53889.19 16.378 0.023
53891.19 16.266 0.063
53893.19 16.040 0.063
53895.19 15.939 0.010
53897.20 15.859 0.017
53903.20 15.939 0.013
53904.19 16.009 0.020
53907.20 16.253 0.022
53910.19 16.462 0.028
53916.20 16.579 0.033
53919.20 16.575 0.029
53922.19 16.632 0.053
filter Us
#
53884.68 17.738 0.049
53884.68 17.795 0.052
53885.71 17.459 0.051
53885.71 17.417 0.047
53887.67 16.809 0.050
53898.71 16.302 0.051
filter Vs
#
53884.67 17.485 0.022
53885.70 17.161 0.015
53887.66 16.743 0.015
53889.75 16.382 0.017
53893.77 16.069 0.016
53898.71 15.968 0.016
53927.65 17.347 0.028
53933.64 17.767 0.103
filter Vkait
# kait3
53884.22 17.793 0.058
53885.19 17.423 0.046
53887.19 16.909 0.037
53889.19 16.497 0.020
53893.19 16.085 0.068
53895.19 16.001 0.017
53897.20 15.899 0.012
53903.20 15.994 0.012
53904.19 16.012 0.021
53907.20 16.178 0.023
53910.19 16.393 0.036
53916.20 16.678 0.032
53919.20 16.878 0.046
53922.19 17.056 0.089
