SN2006D 0.008526 193.141110 -9.775190
#SN2006D 193.14111 -9.77519 MCG_-01-33-34 SAB(s)ab_pec? 0.008526 1.7e-05 NED_Host_Galaxy_Name CBET_362;IAUC_8568;IAUC_8660 BRASS CBET_366;ATEL_689   Ia
# ['B' 'H' 'I' 'J' 'K' 'Ks' 'R' 'U' 'V' 'Y' 'g' 'i' 'r' 'u']
# [''] on ['' 'PAIRITEL' 'kait3']
filter B
#
53751.33 14.754 0.006
53752.36 14.606 0.005
53753.01 14.458 0.014
53754.26 14.421 0.006
53756.93 14.319 0.013
53760.29 14.406 0.006
53761.30 14.475 0.005
53762.30 14.562 0.005
53763.30 14.652 0.006
53763.95 14.763 0.012
53764.34 14.761 0.006
53764.93 14.871 0.014
53765.32 14.864 0.006
53765.95 14.984 0.013
53767.35 15.084 0.004
53767.98 15.222 0.013
53772.31 15.730 0.006
53773.22 15.842 0.004
53774.33 15.982 0.006
53777.98 16.554 0.017
53778.38 16.433 0.009
53785.33 16.970 0.009
53785.93 17.079 0.016
53786.37 17.030 0.010
53787.95 17.219 0.020
53788.37 17.142 0.007
53790.31 17.225 0.009
53795.34 17.430 0.011
53795.93 17.457 0.018
53796.94 17.418 0.019
53798.31 17.483 0.010
53798.92 17.509 0.018
53799.31 17.490 0.010
53799.92 17.577 0.017
53802.31 17.558 0.011
53804.35 17.613 0.011
53805.30 17.625 0.011
53809.25 17.683 0.021
53812.92 17.937 0.036
53814.90 17.851 0.021
53815.24 17.803 0.014
53818.31 17.852 0.014
53819.30 17.896 0.011
53824.27 17.957 0.009
53826.84 18.018 0.020
53828.34 18.047 0.006
53828.82 18.118 0.032
53831.23 18.103 0.011
53835.24 18.159 0.013
53840.17 18.252 0.017
53842.79 18.321 0.031
53845.18 18.288 0.013
53850.19 18.393 0.013
53857.79 18.553 0.029
53858.12 18.539 0.015
53858.80 18.536 0.034
53859.73 18.591 0.034
53861.12 18.588 0.016
53861.71 18.542 0.040
53862.19 18.599 0.016
53870.15 18.758 0.032
filter Bkait
# kait3
53758.55 14.346 0.010
53759.51 14.378 0.010
53760.52 14.470 0.010
53769.52 15.350 0.010
53773.50 15.863 0.010
53774.53 15.982 0.010
53778.41 16.428 0.026
53787.47 17.117 0.021
53789.49 17.109 0.018
53813.46 17.720 0.063
53817.37 17.598 0.129
53821.40 17.834 0.022
53843.36 18.250 0.132
53846.33 18.244 0.076
53852.33 18.404 0.076
filter H
#
53753.37 14.533 0.007
53756.37 14.597 0.008
53758.37 14.850 0.007
53773.22 14.944 0.005
53776.36 14.904 0.013
53779.39 14.892 0.020
53786.37 15.239 0.005
53789.34 15.485 0.043
53796.35 15.888 0.018
53800.36 16.077 0.022
53803.38 16.295 0.043
53807.28 16.459 0.037
53813.29 16.688 0.030
53817.36 16.970 0.086
53835.24 17.791 0.029
53845.18 18.392 0.053
filter H2m
# PAIRITEL
53753.39 14.610 0.040
53755.39 14.700 0.110
53758.43 14.840 0.080
53762.43 14.880 0.040
53763.41 15.080 0.060
53765.41 15.140 0.110
53766.41 15.050 0.050
53767.40 15.090 0.120
53768.39 15.070 0.090
53770.50 15.000 0.070
53771.41 14.880 0.110
53776.47 14.860 0.070
53778.35 14.800 0.080
53788.36 15.520 0.100
53791.35 15.580 0.030
53794.32 15.780 0.080
53797.33 15.880 0.100
53800.29 16.270 0.180
53803.29 16.530 0.020
53807.30 16.670 0.210
53817.33 17.240 0.270
filter Ikait
# kait3
53758.55 14.374 0.026
53759.51 14.476 0.010
53760.52 14.500 0.010
53769.52 15.069 0.010
53773.50 15.024 0.010
53774.53 14.980 0.010
53778.41 14.941 0.013
53787.47 15.358 0.015
53789.49 15.470 0.012
53813.46 16.789 0.039
53817.37 17.054 0.066
53821.40 17.139 0.043
53843.36 18.030 0.206
53846.33 18.074 0.209
53852.33 18.186 0.263
filter J
#
53753.37 14.395 0.006
53756.37 14.421 0.007
53758.37 14.622 0.005
53773.22 16.121 0.006
53776.36 16.040 0.026
53779.39 15.921 0.025
53782.36 15.836 0.023
53786.37 15.959 0.005
53789.34 16.338 0.019
53796.35 16.988 0.021
53803.38 17.620 0.076
53807.28 17.887 0.085
53813.29 18.216 0.052
53817.36 18.576 0.104
53835.24 19.646 0.075
53845.18 19.913 0.095
filter J2m
# PAIRITEL
53753.39 14.400 0.040
53755.39 14.340 0.020
53757.54 14.620 0.050
53758.43 14.660 0.040
53762.43 15.120 0.050
53763.41 15.350 0.060
53765.41 15.740 0.100
53766.41 15.900 0.040
53767.40 16.050 0.080
53768.39 16.130 0.040
53770.50 16.240 0.100
53771.41 16.130 0.070
53774.37 15.850 0.250
53776.47 15.940 0.030
53778.35 15.860 0.100
53788.36 16.080 0.060
53791.35 16.370 0.080
53794.32 16.680 0.060
53797.33 16.890 0.150
53800.29 17.180 0.140
53803.29 17.470 0.210
53807.30 17.460 0.250
53817.33 18.650 0.180
filter K
#
53753.37 14.538 0.015
53756.37 14.532 0.015
53758.37 14.665 0.014
53773.22 14.922 0.010
53835.24 17.713 0.061
53845.18 17.868 0.126
filter Ks2m
# PAIRITEL
53753.39 14.510 0.090
53755.39 14.450 0.060
53757.54 14.770 0.080
53758.43 14.610 0.080
53762.43 14.860 0.170
53763.41 14.930 0.180
53765.41 15.050 0.180
53766.41 15.010 0.190
53767.40 14.990 0.180
53768.39 15.070 0.220
53770.50 15.200 0.130
53771.41 15.120 0.110
53776.47 14.820 0.180
53778.35 14.840 0.080
53788.36 15.570 0.220
53791.35 15.530 0.190
53807.30 16.480 0.300
filter Rkait
# kait3
53758.55 14.092 0.024
53759.51 14.163 0.010
53760.52 14.162 0.010
53769.52 14.781 0.010
53773.50 14.914 0.012
53774.53 14.904 0.010
53778.41 15.103 0.010
53787.47 15.699 0.016
53789.49 15.796 0.012
53813.46 16.770 0.060
53821.40 17.022 0.027
53843.36 17.836 0.071
53846.33 17.859 0.061
53852.33 18.079 0.054
filter Us
#
53753.02 14.434 0.033
53756.94 14.224 0.025
53763.95 14.935 0.026
53763.96 14.962 0.026
53764.93 15.056 0.026
53764.94 15.048 0.025
53765.95 15.200 0.026
53765.95 15.216 0.026
53767.98 15.514 0.026
53767.98 15.521 0.026
53775.98 16.976 0.043
53785.92 17.672 0.158
53785.93 17.781 0.164
53787.95 17.559 0.045
53787.95 17.595 0.051
53793.98 17.856 0.065
53793.98 17.910 0.053
53795.92 17.799 0.061
53795.93 17.870 0.057
53798.91 17.899 0.049
53798.92 17.890 0.044
53799.92 18.048 0.070
53799.92 17.953 0.092
53814.90 18.364 0.201
filter V
#
53751.33 14.702 0.006
53751.91 14.535 0.010
53752.36 14.550 0.005
53753.01 14.412 0.013
53754.26 14.343 0.006
53756.93 14.219 0.015
53760.29 14.207 0.006
53761.30 14.230 0.005
53762.30 14.262 0.006
53763.30 14.311 0.006
53763.95 14.386 0.014
53764.34 14.371 0.006
53764.93 14.445 0.014
53765.32 14.424 0.006
53765.94 14.519 0.013
53767.35 14.570 0.004
53767.97 14.671 0.015
53772.31 14.949 0.004
53773.22 15.021 0.004
53774.33 15.102 0.006
53776.93 15.275 0.011
53778.38 15.401 0.007
53778.93 15.413 0.013
53780.98 15.545 0.013
53781.24 15.585 0.017
53783.23 15.723 0.010
53785.33 15.891 0.007
53785.92 15.936 0.014
53786.37 15.971 0.006
53787.94 16.069 0.012
53788.37 16.120 0.008
53790.31 16.210 0.008
53795.34 16.432 0.007
53795.92 16.441 0.014
53796.93 16.448 0.015
53798.31 16.523 0.008
53798.91 16.503 0.013
53799.31 16.565 0.007
53799.91 16.562 0.014
53802.31 16.665 0.009
53804.35 16.713 0.008
53805.30 16.745 0.008
53806.90 16.778 0.024
53807.87 16.781 0.029
53809.25 16.849 0.014
53815.24 17.011 0.009
53818.31 17.110 0.009
53819.30 17.136 0.009
53824.27 17.281 0.007
53826.84 17.342 0.016
53828.34 17.387 0.004
53828.81 17.431 0.031
53831.23 17.467 0.009
53833.84 17.543 0.021
53835.24 17.564 0.010
53840.17 17.662 0.014
53842.78 17.800 0.025
53845.18 17.804 0.009
53850.19 17.936 0.012
53857.79 18.176 0.032
53858.12 18.145 0.015
53858.79 18.230 0.024
53859.73 18.225 0.022
53861.12 18.228 0.010
53861.71 18.294 0.025
53862.19 18.249 0.012
53870.15 18.398 0.018
filter Vkait
# kait3
53758.55 14.228 0.012
53759.51 14.255 0.010
53760.52 14.261 0.011
53769.52 14.804 0.010
53773.50 15.105 0.028
53774.53 15.148 0.011
53778.41 15.412 0.017
53787.47 16.101 0.016
53789.49 16.191 0.012
53813.46 17.021 0.057
53817.37 17.261 0.083
53821.40 17.189 0.026
53843.36 17.728 0.075
53846.33 17.922 0.078
53852.33 18.045 0.060
filter Y
#
53753.37 14.459 0.006
53756.37 14.565 0.006
53758.37 14.764 0.005
53773.22 15.233 0.013
53776.36 14.993 0.011
53779.39 14.829 0.016
53782.36 14.683 0.012
53786.37 14.808 0.004
53789.34 15.000 0.010
53796.35 15.447 0.013
53800.36 15.708 0.018
53803.38 15.876 0.022
53807.28 16.124 0.018
53813.29 16.438 0.019
53817.36 16.657 0.019
53835.24 17.537 0.013
53845.18 17.944 0.017
filter g
#
53751.33 14.664 0.007
53752.36 14.502 0.004
53754.26 14.317 0.005
53760.29 14.263 0.009
53761.30 14.307 0.005
53762.30 14.375 0.009
53763.30 14.433 0.006
53764.34 14.517 0.008
53765.32 14.588 0.006
53767.35 14.760 0.004
53771.28 15.167 0.004
53772.31 15.281 0.004
53773.22 15.389 0.004
53774.33 15.519 0.005
53778.38 15.943 0.006
53781.24 16.211 0.009
53783.23 16.362 0.009
53785.33 16.522 0.007
53786.37 16.585 0.009
53788.37 16.694 0.007
53790.31 16.797 0.008
53795.34 16.960 0.006
53798.31 17.046 0.007
53799.31 17.078 0.006
53802.31 17.148 0.008
53804.35 17.190 0.006
53805.30 17.210 0.007
53809.25 17.279 0.013
53815.24 17.416 0.009
53818.31 17.464 0.009
53819.30 17.490 0.008
53824.27 17.585 0.007
53828.34 17.650 0.004
53831.23 17.701 0.007
53835.24 17.776 0.010
53840.17 17.836 0.011
53845.18 17.938 0.008
53850.19 18.050 0.010
53858.12 18.193 0.011
53861.12 18.234 0.010
53862.19 18.283 0.010
53870.15 18.412 0.017
filter i
#
53751.33 14.822 0.008
53752.36 14.685 0.005
53754.26 14.574 0.005
53760.29 14.841 0.007
53761.30 14.897 0.006
53762.30 14.958 0.008
53763.30 15.048 0.008
53764.34 15.171 0.008
53765.32 15.280 0.009
53767.35 15.474 0.005
53771.28 15.537 0.006
53772.31 15.502 0.006
53773.22 15.470 0.005
53774.33 15.442 0.008
53778.38 15.375 0.008
53781.24 15.361 0.009
53783.23 15.431 0.009
53785.33 15.607 0.011
53786.37 15.692 0.010
53788.37 15.879 0.009
53790.31 16.003 0.007
53795.34 16.308 0.007
53798.31 16.444 0.010
53799.31 16.501 0.007
53802.31 16.645 0.011
53804.35 16.729 0.009
53805.30 16.786 0.008
53809.25 16.926 0.014
53815.24 17.190 0.011
53818.31 17.300 0.012
53819.30 17.354 0.010
53824.27 17.546 0.009
53828.34 17.684 0.005
53831.23 17.794 0.014
53835.24 17.940 0.013
53840.17 18.087 0.019
53845.18 18.222 0.016
53850.19 18.428 0.016
53858.12 18.662 0.015
53861.12 18.731 0.019
53862.19 18.768 0.019
53870.15 18.973 0.028
filter r
#
53751.33 14.639 0.007
53752.36 14.473 0.004
53754.26 14.294 0.005
53760.29 14.203 0.009
53761.30 14.225 0.006
53762.30 14.284 0.010
53763.30 14.339 0.006
53764.34 14.435 0.010
53765.32 14.515 0.006
53767.35 14.685 0.004
53771.28 14.907 0.004
53772.31 14.933 0.004
53773.22 14.967 0.004
53774.33 14.986 0.006
53778.38 15.110 0.007
53781.24 15.253 0.006
53783.23 15.392 0.009
53785.33 15.574 0.007
53786.37 15.670 0.007
53788.37 15.828 0.008
53790.31 15.950 0.006
53795.34 16.216 0.006
53798.31 16.335 0.008
53799.31 16.383 0.007
53802.31 16.500 0.008
53804.35 16.580 0.006
53805.30 16.613 0.007
53809.25 16.755 0.012
53815.24 16.976 0.008
53818.31 17.086 0.009
53819.30 17.114 0.009
53824.27 17.302 0.007
53828.34 17.470 0.004
53831.23 17.559 0.011
53835.24 17.706 0.009
53840.17 17.875 0.013
53845.18 18.027 0.009
53850.19 18.228 0.012
53858.12 18.480 0.014
53861.12 18.532 0.012
53862.19 18.607 0.013
53870.15 18.859 0.020
filter u
#
53751.33 15.265 0.013
53752.36 15.118 0.016
53754.26 15.017 0.013
53760.29 15.299 0.010
53761.30 15.420 0.010
53762.30 15.532 0.011
53763.30 15.634 0.013
53764.34 15.791 0.012
53765.32 15.919 0.012
53772.31 16.954 0.013
53773.22 17.076 0.011
53774.33 17.236 0.014
53778.38 17.690 0.019
53781.24 17.925 0.032
53783.23 18.033 0.037
53785.33 18.084 0.024
53786.37 18.147 0.034
53790.31 18.358 0.022
53795.34 18.552 0.027
53798.31 18.542 0.048
53799.31 18.648 0.028
53802.31 18.730 0.027
53804.35 18.714 0.033
53805.30 18.752 0.029
53815.24 18.962 0.033
53818.31 19.096 0.026
53819.30 19.093 0.021
53824.27 19.215 0.026
53828.34 19.356 0.023
53831.23 19.438 0.027
53835.24 19.543 0.048
53840.17 19.616 0.068
