SN2009im 0.013100 53.342040 -4.999030
#SN2009im 53.34204 -4.99903 NGC_1355 S0_sp 0.0131 0.0001 NED_Host_Galaxy_Name CBET_1925 Itagaki CBET_1934   Ia
# ['H' 'J' 'Ks' 'R']
# ['' 'PTF48'] on ['' 'P48' 'PAIRITEL']
filter PTF48R
# from Firth and Dimitriadis
#55054.441 20.827 9.999
#55054.460 21.159 9.999
55055.460 20.297 0.228
55055.472 20.350 0.161
55059.443 17.164 0.012
55059.463 17.163 0.012
55061.434 16.466 0.009
55061.459 16.447 0.007
55063.438 15.910 0.005
55063.483 15.924 0.006
55066.421 15.532 0.008
55066.466 15.511 0.005
55069.410 15.337 0.005
55069.455 15.338 0.005
55080.373 15.789 0.008
55080.461 15.817 0.009
55087.350 16.023 0.007
55087.395 16.006 0.008
55089.381 16.066 0.007
55089.425 16.061 0.009
55093.351 16.207 0.008
55093.395 16.233 0.009
55095.338 16.350 0.007
55095.382 16.338 0.010
55107.311 17.214 0.019
55107.355 17.242 0.019
filter H2m
# PAIRITEL
55095.42 16.120 0.180
55097.42 16.130 0.030
55098.37 16.110 0.030
55099.33 16.320 0.180
55100.32 16.320 0.070
55101.33 16.500 0.170
55102.35 16.510 0.140
55103.35 16.490 0.180
55104.30 16.700 0.110
55113.46 17.110 0.050
55119.46 17.480 0.180
filter J2m
# PAIRITEL
55095.42 16.600 0.070
55097.42 16.630 0.080
55098.37 16.750 0.100
55099.33 16.770 0.170
55100.32 16.780 0.090
55101.33 16.950 0.080
55102.35 17.250 0.180
55103.35 17.070 0.170
55113.46 18.400 0.060
filter Ks2m
# PAIRITEL
55095.42 16.240 0.310
55097.42 16.240 0.170
55100.32 16.210 0.020
55101.33 16.440 0.180
55104.30 16.810 0.030
55113.46 17.060 0.170
filter g60
55068.38705 15.16 0.26
55069.38419 15.10 0.28
55137.42294 19.72 9.99
filter r60
55068.38958 14.96 0.34
55069.38579 14.82 0.30
55137.42384 19.60 9.99
filter i60
55068.39049 15.63 0.27
55069.38670 15.59 0.25
55137.42475 19.94 9.99
filter z60
55068.39209 16.24 0.40
55069.38830 16.10 0.39
55137.42566 19.69 9.99
filter B60
55068.39369 15.44 0.24
55069.38991 15.37 0.25
