SN2006mq 0.003229 121.551570 -27.562620
#SN2006mq 121.55157 -27.56262 ESO_494-G26 SAB(s)b_pec 0.003229 3e-06 NED_Host_Galaxy_Name CBET_721 LOSS CBET_724;CBET_731   Ia
# ['' 'B' 'H' 'I' 'I1' 'I2' 'J' 'Ks' 'R' 'U' 'V']
# ['' 'IRAC'] on ['' 'PAIRITEL' 'Spitzer' 'kait3' 'nickel1']
filter B4sh
#
54045.01 15.188 0.014
54050.00 15.335 0.012
54051.00 15.352 0.012
54052.98 15.415 0.012
54069.93 15.681 0.012
54071.92 15.737 0.014
54088.88 15.847 0.014
54099.83 16.049 0.018
54100.86 16.171 0.020
54101.87 16.085 0.023
54116.83 16.349 0.016
54138.79 16.736 0.020
54139.78 16.662 0.017
54147.71 16.684 0.019
54152.72 16.817 0.020
54165.68 17.091 0.024
filter Bkait
# kait3
54045.50 15.215 0.070
54048.56 15.326 0.046
54055.51 15.508 0.029
54068.54 15.730 0.065
54073.41 15.782 0.026
54080.52 15.874 0.024
filter Bs
# nickel1
54064.16 15.756 0.046
54119.00 16.485 0.145
54173.88 17.357 0.300
filter H2m
# PAIRITEL
54051.49 12.780 0.010
54052.44 12.830 0.170
54053.49 12.890 0.170
54054.49 12.930 0.000
54055.55 12.970 0.020
54056.44 13.010 0.000
54057.45 13.100 0.010
54058.41 13.130 0.000
54059.45 13.240 0.010
54060.45 13.320 0.180
54063.51 13.430 0.180
54064.39 13.430 0.020
54065.40 13.440 0.040
54069.39 13.610 0.170
54070.38 13.640 0.180
54071.40 13.720 0.010
54072.37 13.770 0.250
54074.37 13.910 0.010
54075.36 13.890 0.170
54076.36 13.990 0.010
54077.40 14.020 0.180
54078.39 14.080 0.020
54080.51 14.180 0.020
54081.48 14.200 0.020
54082.35 14.230 0.030
54083.38 14.220 0.040
54085.34 14.390 0.040
54086.33 14.430 0.170
54092.48 14.600 0.040
54093.38 14.670 0.030
54094.35 14.710 0.040
54095.36 14.790 0.050
54096.33 14.770 0.180
54100.32 15.080 0.040
54101.32 15.090 0.250
54102.30 15.180 0.170
54104.29 15.180 0.180
54105.31 15.200 0.050
54108.30 15.210 0.170
54110.29 15.490 0.090
54115.28 15.650 0.170
54117.31 15.770 0.180
54124.29 15.950 0.100
54148.25 16.970 0.170
54158.20 17.060 0.180
filter Ikait
# kait3
54045.50 12.896 0.017
54048.56 13.051 0.022
54055.51 13.466 0.016
54068.54 14.190 0.038
54073.41 14.420 0.027
54080.52 14.752 0.036
filter Is
# nickel1
54064.16 14.000 0.036
54119.00 16.332 0.352
54173.88 17.521 0.409
#filter I1
# Spitzer
#54226.00 16.770 0.270
#filter I2
# Spitzer
#54226.00 18.540 0.780
filter J2m
# PAIRITEL
54051.49 13.820 0.010
54052.44 13.870 0.010
54053.49 13.950 0.180
54054.49 14.020 0.010
54055.55 14.150 0.170
54056.44 14.180 0.010
54057.45 14.260 0.020
54058.41 14.380 0.180
54059.45 14.430 0.020
54060.45 14.500 0.010
54063.51 14.770 0.180
54064.39 14.760 0.170
54065.40 14.860 0.030
54069.39 14.950 0.170
54070.38 15.150 0.030
54071.40 15.310 0.040
54072.37 15.340 0.170
54074.37 15.480 0.020
54075.36 15.460 0.040
54076.36 15.590 0.250
54077.40 15.720 0.030
54078.39 15.760 0.060
54080.51 15.850 0.040
54081.48 15.910 0.250
54082.35 15.970 0.070
54083.38 16.060 0.060
54085.34 16.250 0.180
54086.33 16.200 0.060
54092.48 16.490 0.070
54093.38 16.520 0.080
54094.35 16.600 0.180
54095.36 16.710 0.120
54096.33 16.810 0.110
54100.32 17.060 0.130
54101.32 16.870 0.120
54102.30 16.920 0.130
54104.29 17.120 0.180
54105.31 17.120 0.140
54108.30 17.290 0.160
54110.29 17.510 0.250
54115.28 17.790 0.200
54117.31 17.930 0.170
54124.29 18.360 0.250
54148.25 18.350 0.250
54158.20 18.880 0.250
filter Ks2m
# PAIRITEL
54051.49 12.810 0.000
54052.44 12.890 0.170
54053.49 12.950 0.020
54054.49 12.980 0.170
54055.55 13.040 0.020
54056.44 13.070 0.010
54057.45 13.160 0.180
54058.41 13.170 0.020
54059.45 13.230 0.010
54060.45 13.270 0.180
54063.51 13.420 0.020
54064.39 13.430 0.170
54065.40 13.550 0.010
54069.39 13.590 0.170
54070.38 13.660 0.020
54071.40 13.750 0.020
54072.37 13.740 0.180
54074.37 13.810 0.040
54075.36 13.830 0.020
54076.36 13.920 0.020
54077.40 13.980 0.020
54078.39 14.010 0.010
54080.51 14.060 0.030
54081.48 14.070 0.030
54082.35 14.110 0.040
54083.38 14.100 0.050
54085.34 14.200 0.050
54086.33 14.260 0.020
54092.48 14.380 0.030
54093.38 14.490 0.170
54094.35 14.500 0.030
54095.36 14.570 0.050
54096.33 14.540 0.170
54100.32 14.690 0.040
54101.32 14.730 0.060
54102.30 14.780 0.180
54104.29 14.820 0.000
54105.31 14.790 0.050
54108.30 14.890 0.180
54110.29 14.910 0.180
54115.28 15.140 0.050
54117.31 15.160 0.180
54124.29 15.250 0.170
54148.25 15.720 0.090
54158.20 15.780 0.150
filter Rkait
# kait3
54045.50 13.299 0.018
54048.56 13.451 0.018
54055.51 13.812 0.018
54068.54 14.323 0.053
54073.41 14.457 0.018
54080.52 14.702 0.028
filter Rs
# nickel1
54119.00 15.947 0.221
54173.88 17.351 0.535
filter Us
#
54050.00 15.732 0.032
54051.00 15.728 0.030
54051.01 15.701 0.030
54052.99 15.784 0.028
54052.99 15.803 0.029
54069.93 16.139 0.029
54069.93 16.161 0.028
54088.88 16.256 0.033
filter V4sh
#
54045.01 13.729 0.010
54049.99 13.975 0.010
54051.00 14.016 0.010
54052.98 14.105 0.010
54069.93 14.657 0.011
54071.92 14.717 0.012
54088.88 15.134 0.011
54099.82 15.449 0.013
54100.86 15.487 0.014
54101.86 15.467 0.013
54116.82 15.849 0.013
54138.78 16.352 0.017
54139.78 16.309 0.014
54147.71 16.398 0.015
54152.72 16.491 0.015
54165.67 16.789 0.020
54193.65 17.285 0.032
filter Vkait
# kait3
54045.50 13.790 0.025
54048.56 13.893 0.014
54055.51 14.203 0.018
54068.54 14.664 0.063
54073.41 14.785 0.021
54080.52 14.965 0.026
filter Vs
# nickel1
54064.16 14.543 0.067
54119.00 16.021 0.139
54173.88 17.017 0.337
