SN2007qe 0.024000 358.554080 27.409160
#SN2007qe 358.55408 27.40916 NSF_J235412.09+272432.3  -999 0.024 0.001 CBET_1176 CBET_1138 ROTSE-III CBET_1138;CBET_1176;CBET_1145   Ia
# ['B' 'H' 'I' 'J' 'Ks' 'R' 'V']
# [''] on ['' 'PAIRITEL' 'kait4']
filter Bk
#
54418.80 17.029 0.018
54418.80 17.034 0.018
54419.62 16.841 0.018
54419.63 16.864 0.018
54420.64 16.661 0.017
54420.64 16.654 0.017
54421.58 16.518 0.018
54421.58 16.520 0.017
54424.59 16.253 0.027
54424.59 16.250 0.029
54426.63 16.172 0.024
54426.63 16.168 0.021
54428.60 16.173 0.024
54428.61 16.141 0.023
54431.62 16.227 0.028
54431.62 16.250 0.036
54432.62 16.308 0.016
54432.62 16.308 0.017
54438.61 16.713 0.017
54438.61 16.711 0.017
54439.77 16.806 0.018
54439.77 16.810 0.017
54447.64 17.658 0.019
54447.64 17.647 0.020
54449.62 17.822 0.027
54449.62 17.839 0.025
54451.65 17.988 0.048
54451.66 17.989 0.043
54454.67 18.323 0.083
54456.64 18.499 0.062
54457.71 18.517 0.140
54461.61 18.856 0.036
54462.62 18.845 0.041
54464.64 18.986 0.034
54464.65 19.011 0.036
54467.63 19.145 0.072
54475.59 19.239 0.054
54475.59 19.232 0.047
54476.67 19.297 0.056
54476.67 19.285 0.056
54482.65 19.434 0.204
54485.65 19.421 0.258
54485.65 19.386 0.211
filter Bkait
# kait4
54419.20 17.087 0.019
54420.17 16.853 0.035
54422.17 16.528 0.020
54424.18 16.326 0.027
54427.17 16.178 0.013
54431.13 16.192 0.020
54435.18 16.390 0.027
54440.18 16.787 0.030
54443.19 17.073 0.025
54446.12 17.351 0.026
54449.14 17.665 0.025
54458.14 18.517 0.115
54466.11 18.894 0.079
filter H2m
# PAIRITEL
54452.11 16.840 0.080
54454.11 16.800 0.020
54457.09 16.760 0.040
54458.09 16.710 0.050
54459.08 16.730 0.090
54461.06 16.830 0.060
54462.07 17.050 0.020
54463.08 17.070 0.250
filter Ikait
# kait4
54419.20 17.053 0.029
54420.17 16.869 0.028
54422.17 16.635 0.022
54424.18 16.498 0.122
54427.17 16.392 0.022
54431.13 16.485 0.023
54440.18 17.056 0.031
54443.19 17.163 0.066
54446.12 17.217 0.048
54449.14 17.153 0.021
54458.14 16.773 0.042
54466.11 17.096 0.033
filter J2m
# PAIRITEL
54452.11 17.860 0.170
54454.11 17.700 0.180
54457.09 17.400 0.250
54458.09 17.360 0.250
54459.08 17.300 0.040
54460.06 17.220 0.060
54461.06 17.290 0.020
54462.07 17.490 0.170
filter Ks2m
# PAIRITEL
54452.11 17.440 0.170
54454.11 17.080 0.110
54457.09 16.990 0.170
54458.09 16.910 0.170
54459.08 16.940 0.080
54460.06 17.170 0.170
54461.06 17.240 0.320
filter Rkait
# kait4
54419.20 16.885 0.030
54420.17 16.695 0.025
54422.17 16.380 0.024
54424.18 16.323 0.039
54427.17 16.061 0.018
54431.13 15.984 0.033
54435.18 16.109 0.025
54440.18 16.426 0.016
54443.19 16.647 0.028
54446.12 16.748 0.024
54449.14 16.794 0.025
54458.14 16.937 0.031
54466.11 17.336 0.030
filter Vk
#
54418.80 17.016 0.016
54419.62 16.838 0.015
54420.63 16.670 0.017
54421.58 16.565 0.017
54424.59 16.292 0.027
54426.63 16.123 0.019
54428.60 16.102 0.017
54431.61 16.105 0.029
54432.61 16.090 0.014
54438.61 16.328 0.014
54439.77 16.408 0.013
54447.64 16.844 0.016
54449.62 16.907 0.016
54451.65 16.988 0.021
54454.66 17.196 0.030
54456.64 17.256 0.033
54457.70 17.276 0.048
54461.60 17.510 0.020
54462.62 17.570 0.023
54464.64 17.699 0.020
54467.63 17.807 0.026
54475.59 18.206 0.026
54476.66 18.283 0.033
54486.58 18.549 0.093
filter Vkait
# kait4
54419.20 17.028 0.018
54420.17 16.852 0.017
54422.17 16.527 0.015
54427.17 16.163 0.013
54431.13 16.066 0.015
54440.18 16.426 0.012
54443.19 16.588 0.015
54446.12 16.767 0.015
54449.14 16.898 0.014
54458.14 17.323 0.045
54466.11 17.866 0.027
