SN2006ax 0.016725 171.014340 -12.291560
#SN2006ax 171.01434 -12.29156 NGC_3663 SA(rs)bc_pec 0.016725 1.9e-05 NED_21-cm_or_Opt_Smallest_Error CBET_435;IAUC_8691 LOSS CBET_437   Ia
# ['' 'B' 'H' 'J' 'K' 'Ks' 'U' 'V' 'Y' 'g' 'i' 'r' 'u']
# [''] on ['' 'PAIRITEL']
filter B
#
53815.13 16.740 0.009
53816.27 16.362 0.008
53816.83 16.133 0.018
53817.87 15.899 0.019
53818.18 15.880 0.009
53818.76 15.734 0.018
53819.21 15.690 0.009
53819.78 15.597 0.017
53821.10 15.438 0.004
53823.16 15.287 0.007
53824.16 15.213 0.006
53824.80 15.239 0.017
53826.78 15.207 0.017
53827.75 15.231 0.020
53828.01 15.188 0.004
53828.75 15.243 0.018
53831.13 15.285 0.008
53831.73 15.376 0.017
53832.14 15.335 0.006
53832.70 15.462 0.017
53834.22 15.468 0.007
53835.06 15.534 0.007
53838.16 15.809 0.011
53839.72 16.165 0.030
53840.12 15.980 0.008
53841.18 16.102 0.007
53842.72 16.400 0.017
53844.71 16.606 0.018
53845.06 16.530 0.008
53845.71 16.711 0.018
53847.69 16.938 0.018
53848.70 17.049 0.018
53850.11 17.078 0.007
53856.76 17.750 0.026
53857.69 17.763 0.021
53858.06 17.726 0.009
53858.67 17.859 0.023
53859.65 17.946 0.024
53861.06 17.862 0.012
53866.05 18.066 0.015
53867.11 18.140 0.020
53869.68 18.235 0.095
53870.06 18.191 0.013
53871.03 18.215 0.013
53872.03 18.247 0.013
53878.70 18.452 0.028
53890.05 18.545 0.016
53890.99 18.584 0.020
53892.00 18.607 0.011
53898.01 18.671 0.010
53898.66 18.852 0.064
filter H
#
53817.27 16.354 0.023
53822.21 15.887 0.030
53826.13 15.974 0.018
53829.15 16.177 0.026
53830.12 16.166 0.023
53833.13 16.372 0.008
53835.06 16.446 0.018
53837.21 16.478 0.041
53839.12 16.507 0.025
53843.14 16.450 0.009
53845.06 16.378 0.010
53848.14 16.226 0.038
53851.10 16.093 0.027
53860.16 16.174 0.091
53864.07 16.397 0.035
53869.07 16.650 0.032
filter H2m
# PAIRITEL
53817.21 16.450 0.070
53820.25 15.920 0.170
53827.24 16.060 0.050
53831.24 16.160 0.070
53832.26 16.220 0.070
53834.27 16.330 0.060
53838.20 16.520 0.060
53839.20 16.460 0.060
53850.21 16.040 0.250
53852.18 16.100 0.050
53859.15 16.160 0.050
53860.15 16.160 0.060
53862.16 16.280 0.040
53863.15 16.350 0.070
53864.17 16.300 0.090
filter J
#
53817.27 16.233 0.045
53820.32 15.820 0.016
53822.21 15.697 0.018
53826.13 15.771 0.010
53829.15 15.961 0.020
53830.12 16.048 0.026
53833.13 16.374 0.007
53835.06 16.639 0.008
53837.21 16.965 0.037
53839.12 17.328 0.031
53843.14 17.485 0.011
53845.06 17.460 0.012
53848.14 17.316 0.039
53851.10 17.255 0.030
53855.08 17.017 0.027
53860.16 16.894 0.033
53864.07 17.089 0.019
53869.07 17.517 0.026
filter J2m
# PAIRITEL
53817.21 16.280 0.010
53818.22 16.150 0.030
53820.25 15.890 0.020
53825.28 15.820 0.010
53827.24 15.890 0.020
53831.24 16.240 0.010
53832.26 16.380 0.020
53833.23 16.470 0.040
53834.27 16.600 0.020
53837.19 17.150 0.250
53838.20 17.310 0.250
53839.20 17.480 0.250
53850.21 17.370 0.050
53852.18 17.290 0.170
53859.15 16.960 0.030
53860.15 16.840 0.010
53862.16 16.940 0.030
53863.15 16.910 0.020
53864.17 16.880 0.040
filter K
#
53833.13 15.968 0.015
53835.06 16.060 0.016
53843.14 16.105 0.017
filter Ks2m
# PAIRITEL
53817.21 16.510 0.130
53820.25 16.130 0.070
53825.28 15.910 0.070
53827.24 15.870 0.080
53831.24 15.900 0.250
53832.26 16.090 0.250
53834.27 16.040 0.250
53839.20 16.100 0.250
53850.21 16.330 0.250
53851.21 16.160 0.070
53852.18 16.190 0.250
53859.15 16.330 0.250
53860.15 16.270 0.060
53862.16 16.410 0.180
53863.15 16.500 0.100
53864.17 16.450 0.140
filter Us
#
53817.88 15.465 0.027
53817.88 15.459 0.027
53818.77 15.322 0.029
53818.77 15.305 0.028
53819.79 15.072 0.027
53819.79 15.075 0.026
53824.80 14.799 0.027
53824.81 14.808 0.026
53826.78 14.820 0.026
53826.78 14.831 0.026
53827.74 14.926 0.029
53828.75 15.026 0.031
53828.75 15.095 0.034
53831.74 15.251 0.030
53831.74 15.245 0.029
53832.69 15.462 0.094
53838.68 16.161 0.042
53842.72 16.509 0.031
53842.72 16.548 0.033
53844.70 16.880 0.037
53844.71 16.837 0.033
53845.70 16.994 0.036
53845.71 16.957 0.039
53847.68 17.254 0.039
53847.68 17.253 0.039
53848.69 17.375 0.042
53848.69 17.318 0.042
53857.69 18.063 0.075
53857.69 18.144 0.073
53858.66 18.161 0.067
53858.67 18.092 0.065
53859.64 18.197 0.175
53869.68 18.282 0.307
53878.70 18.825 0.317
53878.71 18.840 0.322
53898.66 18.654 0.320
53898.67 18.636 0.327
filter Vs
#
53815.13 16.752 0.010
53816.82 16.177 0.016
53817.87 15.956 0.015
53818.18 15.967 0.008
53819.21 15.783 0.009
53819.78 15.646 0.015
53823.16 15.360 0.007
53824.16 15.287 0.006
53824.79 15.252 0.015
53826.77 15.213 0.015
53828.01 15.205 0.002
53828.74 15.218 0.015
53831.13 15.255 0.008
53831.73 15.306 0.017
53832.14 15.287 0.006
53832.69 15.341 0.016
53833.70 15.383 0.017
53834.22 15.365 0.006
53835.06 15.397 0.006
53838.16 15.567 0.006
53838.67 15.709 0.017
53839.71 15.732 0.021
53840.12 15.688 0.007
53841.18 15.740 0.006
53842.71 15.882 0.016
53844.70 15.989 0.015
53845.06 15.961 0.006
53845.70 16.042 0.016
53847.68 16.142 0.015
53848.69 16.189 0.015
53850.11 16.251 0.005
53856.76 16.622 0.016
53857.68 16.665 0.016
53858.06 16.717 0.009
53858.66 16.724 0.017
53859.64 16.765 0.019
53861.06 16.884 0.008
53866.05 17.135 0.009
53867.11 17.193 0.011
53869.67 17.314 0.025
53870.06 17.299 0.010
53871.03 17.327 0.011
53872.03 17.360 0.012
53878.70 17.490 0.019
53890.05 17.842 0.011
53890.99 17.862 0.013
53892.00 17.880 0.006
53898.01 18.044 0.007
53898.66 18.016 0.055
filter Y
#
53817.27 16.274 0.020
53820.32 15.864 0.012
53822.21 15.781 0.015
53826.13 15.890 0.017
53829.15 16.199 0.013
53830.12 16.285 0.014
53833.13 16.558 0.008
53835.06 16.666 0.008
53837.21 16.697 0.018
53839.12 16.699 0.013
53843.14 16.662 0.008
53845.06 16.541 0.008
53848.14 16.304 0.011
53851.10 16.140 0.012
53855.08 15.905 0.014
53860.16 15.729 0.010
53864.07 15.883 0.012
53868.15 16.136 0.014
53869.07 16.180 0.015
filter g
#
53815.13 16.655 0.008
53818.18 15.828 0.007
53819.21 15.637 0.007
53823.16 15.225 0.006
53824.16 15.162 0.005
53828.01 15.113 0.003
53831.13 15.189 0.009
53832.14 15.232 0.004
53834.22 15.347 0.006
53835.06 15.392 0.006
53838.16 15.602 0.007
53840.12 15.746 0.006
53841.18 15.838 0.006
53845.06 16.201 0.006
53850.11 16.653 0.007
53858.06 17.304 0.006
53861.06 17.481 0.008
53866.05 17.692 0.011
53867.11 17.752 0.012
53870.06 17.811 0.010
53871.03 17.848 0.008
53872.03 17.859 0.010
53890.05 18.209 0.011
53890.99 18.194 0.011
53892.00 18.221 0.006
53898.01 18.332 0.006
filter i
#
53815.13 17.075 0.010
53818.18 16.237 0.010
53819.21 16.068 0.010
53823.16 15.779 0.008
53824.16 15.772 0.007
53828.01 15.887 0.003
53831.13 16.001 0.009
53832.14 16.030 0.008
53834.22 16.155 0.009
53835.06 16.222 0.006
53838.16 16.493 0.008
53840.12 16.626 0.008
53841.18 16.675 0.008
53845.06 16.650 0.007
53850.11 16.522 0.007
53858.06 16.474 0.008
53861.06 16.616 0.007
53866.05 16.964 0.011
53867.11 17.012 0.010
53870.06 17.187 0.008
53871.03 17.227 0.009
53872.03 17.287 0.013
53890.05 18.009 0.012
53890.99 18.023 0.015
53892.00 18.059 0.007
53898.01 18.268 0.009
filter r
#
53815.13 16.800 0.010
53818.18 15.986 0.008
53819.21 15.808 0.008
53823.16 15.407 0.006
53824.16 15.345 0.006
53828.01 15.259 0.002
53831.13 15.304 0.009
53832.14 15.343 0.006
53834.22 15.439 0.006
53835.06 15.480 0.005
53838.16 15.708 0.006
53840.12 15.841 0.005
53841.18 15.884 0.006
53845.06 16.018 0.006
53850.11 16.071 0.006
53858.06 16.354 0.007
53861.06 16.528 0.007
53866.05 16.831 0.008
53867.11 16.881 0.009
53870.06 17.016 0.007
53871.03 17.046 0.007
53872.03 17.082 0.010
53890.05 17.705 0.009
53890.99 17.727 0.011
53892.00 17.755 0.004
53898.01 17.965 0.005
filter u
#
53815.13 17.637 0.017
53818.18 16.321 0.013
53819.21 16.072 0.014
53823.16 15.612 0.013
53824.16 15.578 0.011
53828.01 15.641 0.009
53831.13 15.886 0.014
53832.14 16.017 0.013
53834.22 16.253 0.013
53835.06 16.331 0.014
53838.16 16.830 0.038
53840.12 16.978 0.018
53841.18 17.128 0.013
53845.06 17.663 0.013
53850.11 18.305 0.017
53858.06 18.906 0.022
53861.06 19.104 0.029
53866.05 19.219 0.041
53867.11 19.325 0.052
53870.06 19.382 0.049
53871.03 19.324 0.035
