SN2010gn 0.036500 259.458320 40.881280
#SN2010gn 259.45832 40.88128 SDSS_J171750.05+405252.5 Disk_Gal 0.0365 0.0058 NED_Host_Galaxy_Name ATEL_2718;ATEL_2720 PTF CBET_2386;CBET_2385   Ia
# ['B' 'H' 'J' 'Ks' 'R' 'U' 'UVM2' 'UVW1' 'UVW2' 'V']
# ['' 'NIRI' 'UVOT'] on ['Gemini North 8.2m' 'PAIRITEL' 'Swift' 'p48']
filter B_UVOT
# Swift
55385.21 17.186 0.067
55387.57 16.990 0.065
55391.47 16.896 0.066
55393.64 16.951 0.064
55396.84 17.069 0.066
55397.77 17.148 0.068
55399.57 17.351 0.071
55401.53 17.592 0.083
55403.66 17.795 0.081
55405.33 17.999 0.087
55407.34 18.300 0.098
filter H
# Gemini North 8.2m
55378.41 18.429 0.030
55381.43 17.765 0.014
55386.41 17.283 0.012
55391.43 17.569 0.013
55396.39 17.760 0.014
filter H2m
# PAIRITEL
55383.27 17.810 0.170
55384.28 17.780 0.220
55387.29 17.420 0.230
filter J
# Gemini North 8.2m
55378.41 18.303 0.031
55381.43 17.914 0.027
55386.41 16.920 0.026
55391.43 17.438 0.022
55396.39 17.819 0.023
filter J2m
# PAIRITEL
55383.27 17.160 0.110
55384.28 17.200 0.060
55387.29 16.850 0.180
filter Ks2m
# PAIRITEL
55384.28 17.110 0.170
55387.29 17.090 0.370
filter U_UVOT
# Swift
55385.21 16.802 0.075
55387.57 16.638 0.074
55391.47 16.804 0.079
55393.64 17.048 0.082
55396.84 17.446 0.094
55397.77 17.553 0.099
55399.57 17.901 0.116
55401.53 18.300 0.156
55403.66 18.706 0.185
55405.33 18.719 0.187
55407.33 19.249 0.269
filter UVM2
# Swift
55385.21 20.326 0.319
55391.47 20.350 0.350
filter UVW1
# Swift
55385.21 18.381 0.115
55387.56 18.295 0.111
55391.47 18.595 0.134
55393.64 18.650 0.132
55396.84 18.981 0.159
55397.77 19.118 0.175
55399.57 19.340 0.204
55401.52 19.794 0.285
55403.65 19.841 0.290
filter UVW2
# Swift
55385.21 20.072 0.252
55387.57 19.916 0.233
55391.47 19.868 0.236
55393.65 19.960 0.239
55396.84 20.411 0.331
55397.78 20.305 0.308
filter V_UVOT
# Swift
55385.21 17.294 0.102
55387.57 17.104 0.097
55391.47 16.889 0.091
55393.65 16.967 0.090
55396.84 17.053 0.094
55397.78 17.116 0.097
55399.58 17.220 0.103
55401.60 17.040 0.135
55403.63 17.350 0.123
55405.33 17.562 0.123
55407.34 17.555 0.119
filter R48
55376.391  19.3342   0.0625
55376.435  19.6346   0.1527
55381.417  17.5646   0.0139
55381.461  17.5811   0.0181
55387.224  16.7992   0.0063
55387.269  16.7909   0.0068
55392.226  16.7106   0.0084
55392.271  16.6850   0.0081
55397.280  16.8118   0.0061
55397.326  16.8284   0.0078
55412.186  17.4495   0.0192
55412.240  17.4901   0.0142
55415.310  17.5365   0.0215
55415.355  17.5334   0.0200
55419.251  17.7315   0.0177
55419.295  17.7019   0.0207
55423.163  17.9966   0.0159
55423.206  17.9522   0.0167
55428.172  18.3004   0.0153
55428.216  18.3281   0.0205
55433.159  18.5778   0.0326
55433.203  18.4166   0.0403
55436.266  18.7390   0.0606
55436.309  18.7334   0.0625
55442.206  18.9432   0.0250
55442.254  18.8638   0.0393
55452.182  19.1313   0.0283
55452.226  19.1676   0.0491
55456.127  19.3142   0.0461
55456.170  19.4433   0.0683
55459.138  19.5549   0.1316
55459.182  19.4933   0.1028
55478.131  19.9566   0.0836
55478.175  20.0476   0.1450
55482.115  20.3526   0.1723
55482.159  19.8776   0.1145
filter g_s
55394.888  16.9512   0.0350
55402.006  17.4365   0.0407
55409.885  18.3527   0.0138
55412.003  18.4619   0.0156
filter r_s
55377.892  18.9306   0.0246
55379.159  18.3442   0.0192
55382.004  17.5107   0.1672
55385.010  16.9915   0.0501
55391.011  16.7069   0.0438
55394.890  16.7423   0.0114
55395.884  16.7116   0.0325
55397.912  16.7904   0.0220
55402.008  17.1077   0.0985
55412.005  17.4631   0.0109
filter i_s
55377.891  18.8925   0.0275
55379.158  18.2313   0.0254
55382.003  17.3504   0.0357
55385.009  17.5641   0.0276
55394.889  17.0914   0.0149
55395.883  17.1112   0.0176
55397.911  17.0994   0.0332
55402.007  17.6130   0.0350
55412.006  17.6571   0.0134
filter g60
55377.18831 19.22 0.04
55377.21035 19.24 0.04
filter r60
55377.18670 19.25 0.03
55377.20869 19.23 0.05
filter i60
55377.18505 19.39 0.05
55377.20709 19.38 0.08
