SN2010kg 0.016632 70.035050 7.349950
#SN2010kg 70.03505 7.34995 NGC_1633 SAB(s)ab 0.016632 7e-06 NED_21-cm_or_Opt_Smallest_Error CBET_2561 LOSS CBET_2561;CBET_2565   Ia
# ['' 'B' 'H' 'J' 'Ks' 'U' 'UVM2' 'UVW1' 'UVW2' 'V']
# ['' 'UVOT'] on ['' 'PAIRITEL' 'Swift']
filter B_UVOT
# Swift
55533.18 17.331 0.079
55536.00 16.576 0.065
55537.70 16.296 0.062
55539.48 16.101 0.060
55541.38 16.047 0.060
55544.37 16.003 0.063
55547.76 16.236 0.063
55551.61 16.600 0.068
55553.87 16.864 0.072
55556.84 17.217 0.084
55558.10 17.366 0.084
55562.08 17.710 0.097
55565.68 18.273 0.132
filter H2m
# PAIRITEL
55532.16 16.420 0.160
55533.16 16.310 0.280
55534.26 16.200 0.150
55535.29 16.060 0.180
55536.18 16.150 0.250
55537.29 16.060 0.070
55538.26 15.890 0.040
55539.17 15.940 0.100
55540.17 15.860 0.110
55541.26 15.960 0.100
55542.20 15.970 0.050
55566.21 15.970 0.090
55567.21 15.970 0.250
55569.20 16.100 0.250
55570.20 16.210 0.180
55571.20 16.230 0.250
55572.19 16.230 0.020
55573.18 16.300 0.090
55574.18 16.380 0.090
55576.21 16.440 0.120
55577.17 16.510 0.090
55578.13 16.530 0.080
55598.13 17.240 0.250
55602.12 17.180 0.310
55603.16 17.140 0.250
55605.11 17.300 0.250
55618.11 18.290 0.170
filter J2m
# PAIRITEL
55532.16 16.880 0.230
55533.16 16.500 0.170
55534.26 16.340 0.160
55535.29 16.060 0.090
55536.18 16.080 0.060
55537.29 15.820 0.090
55538.26 15.810 0.050
55539.17 15.760 0.070
55540.17 15.810 0.080
55541.26 15.800 0.090
55542.20 15.940 0.020
55566.21 16.740 0.160
55567.21 16.550 0.180
55569.20 16.610 0.170
55570.20 16.530 0.110
55571.20 16.510 0.140
55572.19 16.540 0.170
55573.18 16.520 0.180
55574.18 16.510 0.180
55576.21 16.620 0.250
55578.13 16.820 0.170
55595.21 17.310 0.250
55598.13 17.400 0.170
55601.25 17.560 0.170
55607.11 18.020 0.250
filter Ks2m
# PAIRITEL
55535.29 16.340 0.250
55538.26 16.040 0.210
55539.17 15.840 0.280
55540.17 15.910 0.170
55541.26 15.980 0.250
55542.20 15.950 0.250
55566.21 15.730 0.250
55567.21 15.710 0.170
55570.20 16.130 0.360
55571.20 15.960 0.250
55573.18 16.320 0.170
55598.13 16.860 0.340
filter U_UVOT
# Swift
55533.18 17.776 0.105
55536.00 16.625 0.071
55537.70 16.287 0.067
55539.47 16.141 0.066
55541.38 16.106 0.065
55544.37 16.213 0.075
55547.76 16.738 0.081
55551.61 17.139 0.095
55553.87 17.382 0.104
55556.84 17.889 0.144
55558.10 17.983 0.141
55562.08 18.417 0.185
55565.68 19.301 0.360
filter UVW1
# Swift
55533.18 19.408 0.208
55535.99 18.387 0.111
55537.69 17.958 0.093
55539.47 17.839 0.089
55541.37 17.643 0.084
55544.37 17.831 0.111
55547.76 18.109 0.115
55551.61 18.499 0.145
55553.87 18.663 0.156
55556.84 19.323 0.263
55558.10 19.023 0.197
55562.08 19.704 0.322
55565.68 19.879 0.377
filter UVW2
# Swift
55544.38 19.479 0.246
55547.77 20.063 0.340
filter V_UVOT
# Swift
55533.18 17.251 0.118
55536.00 16.404 0.080
55537.71 16.140 0.074
55539.48 15.996 0.072
55541.39 15.901 0.068
55544.38 15.698 0.071
55547.77 15.763 0.069
55551.61 15.976 0.074
55553.88 16.060 0.075
55558.11 16.447 0.086
55562.08 16.578 0.092
55565.69 16.762 0.100
