SN2009dc 0.021391 237.800420 25.707900

#    SN      RAdeg    DEdeg     Host   Morph    z      e_z          r_z            r_Dis   Dis         r_Type       Type
            deg      deg
-------- --------- ------- --------- ----- -------- ----- -------------------- --------- ---- ------------------- ----
SN2009dc 237.80042 25.7079 UGC_10064    S0 0.021391 7e-05 NED_Host_Galaxy_Name CBET_1762 POSS CBET_1768;CBET_1776  Iap
# ['' 'B' 'CLEAR' 'H' 'I' 'J' 'Ks' 'R' 'U' 'UVM2' 'UVW1' 'UVW2' 'V' 'Y' 'g'
 'i' "i'" 'r' "r'" 'u' "u'"]
# ['' 'UVOT' 'VLA'] on ['' 'PAIRITEL' 'Swift' 'kait4' 'nickel2']
filter
#
#
filter B
#
#
54938.48 15.670 0.030
#
54939.45 15.549 0.030
54940.42 15.474 0.030
54940.42 15.422 0.015
54940.43 15.511 0.030
54941.40 15.419 0.031
#
54942.23 15.403 0.034
54942.30 15.432 0.006
54942.45 15.455 0.030
#
54944.25 15.306 0.027
54945.26 15.357 0.007
54945.28 15.338 0.051
54946.27 15.353 0.007
54946.42 15.312 0.042
54946.47 15.383 0.030
#
54947.25 15.349 0.007
54948.24 15.356 0.007
54948.37 15.369 0.030
54948.40 15.299 0.029
54949.23 15.385 0.007
#
54950.44 15.402 0.050
54951.18 15.415 0.020
54951.22 15.441 0.007
54951.42 15.449 0.030
#
54952.47 15.422 0.025
#
54955.17 15.585 0.058
54956.26 15.712 0.007
#
54957.47 15.770 0.030
54959.22 15.903 0.010
54959.35 15.930 0.030
#
#
54960.42 16.004 0.030
#
#
54962.43 16.137 0.036
54963.18 16.166 0.026
54963.24 16.218 0.030
#
54964.22 16.323 0.010
54964.40 16.322 0.030
#
54965.16 16.345 0.057
54966.22 16.481 0.008
54966.43 16.528 0.030
54966.45 16.478 0.030
54967.15 16.473 0.025
54968.21 16.645 0.010
#
54968.35 16.587 0.037
54968.39 16.677 0.030
54969.35 16.673 0.054
#
54970.30 16.747 0.024
54971.42 16.880 0.030
54972.39 16.972 0.030
54974.16 17.110 0.037
54974.38 17.154 0.030
54975.33 17.127 0.034
54975.37 17.188 0.030
54976.17 17.281 0.008
54977.29 17.273 0.029
54977.40 17.384 0.030
54981.39 17.650 0.047
#
54982.19 17.574 0.039
#
54983.29 17.634 0.035
54984.42 17.677 0.037
54986.37 17.820 0.054
54989.33 18.045 0.078
54989.37 17.891 0.062
54993.19 17.984 0.029
54993.35 18.128 0.080
54993.40 18.032 0.042
54994.25 17.940 0.072
54995.17 18.011 0.048
54997.40 18.048 0.048
#
54999.31 18.188 0.057
54999.33 18.153 0.037
#
55000.22 18.050 0.060
55003.28 18.234 0.063
55004.28 18.208 0.033
55005.21 18.216 0.073
#
#
55007.34 18.265 0.030
55008.24 18.201 0.059
55009.30 18.254 0.089
55014.33 18.449 0.084
55015.33 18.370 0.046
55019.35 18.377 0.106
55022.24 18.271 0.097
55025.16 18.527 0.056
55025.33 18.585 0.049
#
55027.19 18.502 0.054
55032.19 18.512 0.089
55032.35 18.607 0.032
55034.23 18.678 0.030
55037.19 18.686 0.053
55040.27 18.756 0.030
55042.18 18.646 0.062
55042.27 18.844 0.060
55044.23 18.788 0.041
55047.18 19.035 0.151
55047.23 18.900 0.142
55052.18 18.992 0.115
55057.19 18.967 0.174
55059.21 19.026 0.048
55062.17 19.087 0.120
55064.20 19.070 0.051
55067.16 19.061 0.086
55068.19 19.144 0.045
55071.19 19.166 0.052
55072.16 19.164 0.142
#
55074.19 19.249 0.098
55082.15 19.163 0.089
55088.13 19.462 0.141
55090.18 19.444 0.052
55092.14 19.456 0.173
55093.16 19.528 0.078
55100.16 19.665 0.061
55201.57 21.868 0.268
filter B
# Swift
54946.57 15.298 0.048
54955.72 15.608 0.052
54960.61 15.970 0.058
54980.35 17.637 0.087
54984.44 17.823 0.101
filter B
# kait4
54938.48 15.700 0.024
54940.44 15.561 0.034
54942.46 15.458 0.022
54946.47 15.387 0.020
54948.37 15.402 0.024
54951.42 15.472 0.022
54957.48 15.808 0.022
54959.35 15.939 0.027
54960.43 16.034 0.030
54962.44 16.173 0.046
54964.41 16.337 0.025
54966.43 16.539 0.027
54968.40 16.675 0.038
54972.39 16.996 0.050
54974.39 17.162 0.035
54977.40 17.380 0.042
54981.40 17.617 0.059
54989.34 18.055 0.111
54993.36 18.059 0.096
54999.32 18.169 0.051
55009.31 18.130 0.129
55014.34 18.412 0.102
55022.25 18.291 0.098
55027.20 18.542 0.081
55032.20 18.584 0.086
55037.20 18.647 0.085
55042.19 18.564 0.121
55047.19 18.904 0.157
55052.19 18.973 0.121
55057.19 19.120 0.214
55062.17 19.137 0.143
55067.17 19.044 0.138
55072.17 19.124 0.213
55082.15 19.142 0.156
55087.15 18.984 0.282
filter B
# nickel2
54939.16 15.555 0.017
54940.13 15.507 0.016
54971.13 16.903 0.019
54975.08 17.214 0.024
54993.11 18.061 0.038
54999.04 18.171 0.025
55003.99 18.236 0.057
55019.06 18.464 0.088
55025.04 18.580 0.082
55032.06 18.610 0.034
55033.94 18.670 0.037
55046.94 18.948 0.130
55067.90 19.143 0.048
filter CLEAR
# kait4
54925.45 19.077 0.270
54938.48 15.476 0.050
54946.47 15.216 0.026
54965.41 15.615 0.036
54971.40 15.771 0.054
54978.39 15.947 0.067
54987.40 16.327 0.056
54997.38 16.643 0.068
55005.28 16.918 0.067
55043.22 17.986 0.083
55053.21 18.098 0.150
55062.17 18.350 0.287
filter H
#
54938.25 15.997 0.015
54939.35 16.005 0.028
54945.26 15.796 0.020
54948.24 15.727 0.058
54954.27 15.671 0.011
54961.25 15.723 0.026
54965.27 15.660 0.048
54969.27 15.589 0.020
54973.23 15.540 0.030
54975.21 15.556 0.020
filter H
# PAIRITEL
54934.39 16.260 0.080
54937.40 16.160 0.080
54938.33 16.090 0.060
54942.39 15.850 0.030
54944.39 15.760 0.060
54945.36 15.620 0.060
54946.39 15.660 0.060
54949.36 15.800 0.060
54951.38 15.720 0.060
54952.35 15.720 0.060
54954.34 15.670 0.060
54955.35 15.750 0.080
54959.30 15.610 0.060
54960.48 15.610 0.050
54961.33 15.620 0.060
54962.32 15.640 0.050
54963.30 15.570 0.050
54964.33 15.590 0.060
54965.27 15.540 0.040
54966.31 15.560 0.050
54967.31 15.470 0.050
54970.29 15.480 0.060
54975.26 15.550 0.180
54976.29 15.550 0.050
54977.27 15.520 0.080
54979.24 15.550 0.050
54980.27 15.560 0.050
54982.27 15.570 0.040
54983.25 15.670 0.060
54984.23 15.580 0.070
54985.26 15.640 0.060
54993.23 15.970 0.060
54995.34 15.990 0.060
54997.23 16.100 0.060
54999.25 16.210 0.100
55000.32 16.360 0.120
55001.21 16.230 0.110
55002.31 16.170 0.070
55004.22 16.440 0.120
filter I
#
#
54938.48 15.718 0.030
#
54939.45 15.577 0.030
54940.42 15.524 0.030
54940.43 15.608 0.030
#
54942.45 15.529 0.030
#
54946.47 15.450 0.030
#
54948.37 15.454 0.030
#
54951.42 15.449 0.030
#
#
#
54957.47 15.537 0.030
54959.35 15.554 0.030
#
54960.42 15.593 0.030
#
54962.43 15.633 0.084
54964.40 15.568 0.030
#
54966.43 15.562 0.030
54966.45 15.481 0.030
#
54968.39 15.565 0.030
#
54971.42 15.500 0.030
54972.39 15.579 0.030
#
54974.38 15.557 0.030
54975.37 15.526 0.030
54977.40 15.659 0.030
54981.39 15.707 0.030
#
#
#
54989.33 15.979 0.034
54989.37 15.951 0.030
54993.35 16.167 0.030
54993.40 16.093 0.030
#
54999.33 16.315 0.030
#
#
55004.28 16.478 0.034
#
55007.34 16.540 0.031
55009.30 16.677 0.039
55014.33 16.761 0.038
55015.33 16.794 0.042
55019.35 16.937 0.036
55022.24 16.890 0.050
55025.33 17.176 0.053
#
55027.19 17.243 0.036
55032.19 17.343 0.036
55032.35 17.317 0.043
55034.23 17.425 0.046
55037.19 17.455 0.035
55040.27 17.504 0.030
55042.18 17.690 0.111
55042.27 17.586 0.037
55044.23 17.666 0.053
55047.18 17.646 0.057
55047.23 17.825 0.119
55052.18 17.860 0.140
55054.27 17.909 0.133
55057.19 18.064 0.176
55059.21 18.065 0.044
55062.17 18.227 0.174
55064.20 18.093 0.050
55067.16 18.307 0.172
55068.19 18.285 0.080
55071.19 18.283 0.090
55072.16 18.437 0.130
#
55074.19 18.313 0.082
55082.15 18.618 0.143
55090.18 18.800 0.081
55093.16 18.867 0.144
55232.60 21.483 0.060
filter I
# kait4
54938.48 15.704 0.050
54940.44 15.606 0.027
54942.46 15.531 0.019
54946.47 15.466 0.018
54948.37 15.446 0.047
54951.42 15.462 0.047
54957.48 15.530 0.043
54959.35 15.550 0.048
54960.43 15.584 0.048
54962.44 15.621 0.085
54964.41 15.565 0.046
54966.43 15.548 0.041
54968.40 15.569 0.027
54972.39 15.585 0.028
54974.39 15.562 0.031
54977.40 15.634 0.024
54981.40 15.690 0.033
54989.34 15.966 0.049
54993.36 16.136 0.043
55009.31 16.672 0.070
55014.34 16.763 0.053
55022.25 17.009 0.083
55027.20 17.216 0.063
55032.20 17.346 0.073
55037.20 17.459 0.063
55042.19 17.636 0.108
55047.19 17.734 0.172
55052.19 17.923 0.128
55057.19 18.182 0.253
55062.17 18.127 0.212
55067.17 18.304 0.169
55072.17 18.296 0.181
55082.15 18.755 0.278
filter I
# nickel2
54939.16 15.584 0.017
54940.13 15.532 0.012
54971.13 15.530 0.019
54975.08 15.528 0.023
54993.11 16.117 0.015
54999.04 16.261 0.340
55003.99 16.450 0.054
55019.06 16.989 0.033
55025.04 17.185 0.366
55032.06 17.289 0.034
55033.94 17.309 0.225
55046.94 17.830 0.137
55067.90 18.276 0.056
filter J
#
54938.25 15.849 0.013
54939.35 15.757 0.008
54945.26 15.578 0.010
54948.24 15.590 0.016
54954.27 15.685 0.004
54961.25 15.913 0.009
54965.27 16.008 0.012
54969.27 15.972 0.030
54973.23 15.939 0.017
54975.21 15.931 0.008
filter J
# PAIRITEL
54934.39 16.170 0.030
54937.40 15.890 0.020
54938.33 15.810 0.020
54942.39 15.690 0.030
54943.36 15.720 0.020
54944.39 15.660 0.020
54945.36 15.630 0.030
54946.39 15.590 0.040
54949.36 15.610 0.030
54951.38 15.610 0.030
54952.35 15.650 0.050
54954.34 15.680 0.030
54955.35 15.760 0.020
54956.33 15.650 0.070
54959.30 15.800 0.040
54960.48 15.940 0.030
54961.33 15.910 0.030
54962.32 15.960 0.020
54963.30 15.930 0.030
54964.33 15.950 0.050
54965.27 15.960 0.030
54966.31 15.950 0.020
54967.31 15.990 0.030
54970.29 15.970 0.020
54975.26 15.870 0.020
54976.29 15.880 0.030
54977.27 15.880 0.040
54979.24 15.890 0.020
54980.27 16.010 0.030
54982.27 15.960 0.030
54983.25 15.930 0.030
54984.23 16.010 0.020
54985.26 16.030 0.030
54990.28 16.080 0.280
54993.23 16.360 0.020
54995.34 16.350 0.030
54997.23 16.550 0.040
54999.25 16.690 0.040
55000.32 16.650 0.090
55001.21 16.790 0.040
55002.31 16.890 0.050
55004.22 16.920 0.040
filter Ks
# PAIRITEL
54937.40 15.840 0.020
54938.33 15.900 0.040
54942.39 15.650 0.050
54943.36 15.760 0.070
54944.39 15.440 0.040
54945.36 15.600 0.030
54949.36 15.550 0.060
54951.38 15.490 0.100
54952.35 15.490 0.040
54955.35 15.400 0.070
54960.48 15.400 0.020
54965.27 15.370 0.060
54966.31 15.400 0.030
54967.31 15.380 0.180
54975.26 15.460 0.170
54976.29 15.410 0.040
54980.27 15.590 0.050
54982.27 15.710 0.090
54983.25 15.680 0.060
54993.23 15.860 0.050
54997.23 16.200 0.030
54999.25 16.360 0.060
55004.22 16.570 0.100
filter R
#
54925.45 18.824 0.177
#
54938.48 15.596 0.020
#
54939.45 15.500 0.020
54940.42 15.430 0.030
54940.43 15.475 0.020
#
54942.45 15.376 0.020
#
54946.47 15.272 0.020
#
54948.37 15.288 0.020
#
54951.42 15.311 0.020
#
#
54957.47 15.423 0.020
#
54959.35 15.464 0.020
54960.42 15.476 0.020
#
54962.43 15.543 0.026
#
#
54964.40 15.584 0.020
#
54966.43 15.642 0.020
54966.45 15.611 0.020
#
54968.39 15.675 0.020
54970.38 15.696 0.053
#
54971.42 15.701 0.024
54972.39 15.748 0.020
#
54974.38 15.799 0.020
54975.37 15.797 0.020
54977.40 15.874 0.020
54981.39 16.009 0.020
#
#
#
54989.33 16.364 0.020
54989.37 16.333 0.030
54993.35 16.480 0.021
54993.40 16.483 0.020
#
54999.31 16.696 0.020
54999.33 16.675 0.027
#
55004.28 16.835 0.028
#
#
55007.34 16.913 0.027
55009.30 16.944 0.022
55014.33 17.151 0.021
55015.33 17.132 0.031
55019.35 17.247 0.040
55022.24 17.295 0.025
55025.33 17.431 0.059
#
55027.19 17.439 0.035
55032.19 17.570 0.020
55032.35 17.588 0.025
55034.23 17.643 0.028
55037.19 17.725 0.023
55040.27 17.800 0.021
55042.18 17.908 0.066
55042.27 17.886 0.035
55044.23 17.946 0.028
55047.18 18.007 0.116
55047.23 18.026 0.049
55052.18 18.178 0.040
55054.27 18.256 0.132
55057.19 18.198 0.170
55059.21 18.309 0.041
55062.17 18.364 0.135
55064.20 18.484 0.038
55067.16 18.462 0.068
55068.19 18.559 0.065
55071.19 18.632 0.039
55072.16 18.653 0.085
#
55074.19 18.717 0.061
55082.15 19.011 0.188
55090.18 19.219 0.091
55093.16 19.176 0.086
55100.16 19.441 0.151
55232.60 22.600 0.084
filter R
# kait4
54938.48 15.622 0.052
54940.44 15.494 0.020
54942.46 15.391 0.040
54946.47 15.295 0.035
54948.37 15.307 0.047
54951.42 15.329 0.033
54957.48 15.438 0.024
54959.35 15.484 0.018
54960.43 15.511 0.028
54962.44 15.552 0.034
54964.41 15.588 0.046
54966.43 15.673 0.034
54968.40 15.685 0.070
54972.39 15.773 0.021
54974.39 15.801 0.023
54977.40 15.881 0.022
54981.40 16.022 0.026
54989.34 16.333 0.044
54993.36 16.505 0.034
54999.32 16.682 0.055
55009.31 16.961 0.051
55014.34 17.152 0.065
55022.25 17.323 0.062
55027.20 17.472 0.064
55032.20 17.619 0.045
55037.20 17.759 0.042
55042.19 17.880 0.071
55047.19 18.059 0.113
55052.19 18.195 0.141
55057.19 18.274 0.131
55062.17 18.358 0.103
55067.17 18.476 0.147
55072.17 18.709 0.129
55082.15 19.122 0.210
55087.15 18.477 0.361
filter R
# nickel2
54939.16 15.501 0.020
54940.13 15.446 0.010
54971.13 15.713 0.014
54975.08 15.799 0.014
54993.11 16.495 0.020
54999.04 16.690 0.017
55003.99 16.839 0.020
55019.06 17.259 0.040
55025.04 17.417 0.047
55032.06 17.589 0.030
55067.90 18.560 0.042
filter U
# Swift
54946.57 14.532 0.046
54952.21 14.973 0.047
54955.72 15.395 0.058
54960.61 15.989 0.066
54980.35 17.870 0.121
54984.44 17.996 0.140
filter UVM2
# Swift
54946.58 17.321 0.070
54955.73 18.386 0.096
54960.61 18.927 0.120
54980.35 19.966 0.223
54984.45 19.733 0.217
filter UVW1
# Swift
54946.57 16.028 0.070
54951.84 16.559 0.073
54955.72 16.985 0.075
54960.61 17.492 0.084
54980.35 19.041 0.184
54984.44 19.241 0.226
filter UVW2
# Swift
54946.57 17.397 0.089
54951.85 17.789 0.117
54952.22 18.035 0.114
54955.72 18.324 0.102
54960.61 18.795 0.121
54980.35 20.303 0.311
#
filter V
#
54935.47 16.031 0.042
54938.48 15.638 0.020
#
#
54939.45 15.541 0.020
54940.42 15.472 0.030
54940.42 15.407 0.018
54940.43 15.495 0.020
54941.40 15.390 0.041
54942.23 15.331 0.035
54942.30 15.351 0.006
54942.45 15.409 0.020
#
#
54944.25 15.275 0.015
54945.26 15.287 0.006
54945.28 15.260 0.016
54946.27 15.282 0.006
54946.41 15.254 0.015
54946.47 15.327 0.020
#
54947.25 15.279 0.006
54948.24 15.287 0.007
54948.37 15.350 0.020
54948.39 15.259 0.017
54949.23 15.329 0.006
#
54950.44 15.298 0.016
#
54951.18 15.319 0.018
54951.22 15.340 0.005
54951.42 15.386 0.020
54952.47 15.339 0.017
#
54955.17 15.430 0.025
54956.23 15.447 0.017
54956.26 15.445 0.006
#
54957.47 15.535 0.020
54958.18 15.492 0.017
54959.18 15.503 0.018
54959.22 15.527 0.007
54959.35 15.610 0.020
#
54960.28 15.569 0.018
54960.42 15.591 0.020
#
#
54962.43 15.656 0.024
54963.18 15.651 0.015
54963.24 15.677 0.011
#
54964.22 15.722 0.008
54964.40 15.762 0.020
#
54965.16 15.735 0.015
54966.22 15.815 0.006
54966.43 15.846 0.020
54966.45 15.839 0.020
54967.15 15.825 0.015
54968.21 15.898 0.008
#
54968.34 15.888 0.034
54968.39 15.926 0.020
54969.30 15.893 0.023
#
54970.30 15.963 0.016
54970.38 16.029 0.086
54971.42 16.054 0.020
54972.39 16.106 0.020
#
54974.16 16.140 0.025
54974.38 16.202 0.020
54975.33 16.172 0.017
54975.37 16.239 0.020
54976.17 16.253 0.006
54977.28 16.278 0.017
54977.40 16.334 0.020
54981.39 16.488 0.020
54982.19 16.506 0.016
#
54983.28 16.553 0.016
54984.42 16.623 0.017
54985.15 16.649 0.017
54986.37 16.699 0.033
54988.17 16.884 0.025
#
54989.33 16.893 0.027
54989.37 16.855 0.030
54990.26 16.825 0.025
54993.19 16.952 0.022
54993.35 16.943 0.041
54993.40 16.960 0.022
54994.24 16.940 0.021
54995.17 16.956 0.018
54997.40 17.038 0.020
#
54999.31 17.083 0.026
54999.33 17.102 0.020
#
55000.22 17.071 0.030
55003.27 17.168 0.045
55004.28 17.180 0.033
55005.21 17.199 0.038
#
55007.22 17.311 0.035
55007.34 17.289 0.022
#
55008.24 17.248 0.021
55009.30 17.277 0.029
55014.33 17.344 0.057
55015.33 17.427 0.022
55019.35 17.432 0.043
55021.32 17.552 0.029
55022.24 17.581 0.047
55022.34 17.610 0.053
55025.16 17.567 0.024
55025.33 17.607 0.069
#
55027.19 17.625 0.041
55032.19 17.770 0.043
55032.35 17.726 0.020
55034.23 17.779 0.036
55035.29 17.665 0.041
55037.19 17.805 0.045
55039.16 17.848 0.063
55040.27 17.902 0.023
55042.18 18.060 0.077
55042.27 17.912 0.037
55044.22 18.000 0.049
55044.23 17.971 0.043
55047.18 17.965 0.055
55047.23 18.075 0.076
55052.18 18.208 0.050
55054.27 18.231 0.083
55057.19 18.233 0.136
55059.21 18.241 0.036
55062.17 18.323 0.049
55064.20 18.339 0.045
55067.16 18.324 0.067
55068.19 18.368 0.024
55071.19 18.427 0.033
55072.16 18.512 0.075
#
55074.19 18.497 0.044
55077.15 18.725 0.082
55082.15 18.789 0.088
55087.14 18.919 0.171
55088.13 18.837 0.073
55090.18 18.765 0.037
55092.13 18.898 0.062
55093.16 18.820 0.043
55100.16 18.954 0.095
55201.57 21.016 0.320
55232.60 21.988 0.042
filter V
# Swift
54946.58 15.270 0.062
54955.73 15.492 0.063
54960.61 15.625 0.064
54980.35 16.617 0.090
54984.44 16.756 0.103
filter V
# kait4
54938.48 15.621 0.031
54940.44 15.496 0.029
54942.46 15.398 0.028
54946.47 15.336 0.026
54948.37 15.364 0.037
54951.42 15.403 0.028
54957.48 15.526 0.018
54959.35 15.605 0.021
54960.43 15.607 0.022
54962.44 15.665 0.035
54964.41 15.753 0.027
54966.43 15.833 0.020
54968.40 15.916 0.044
54972.39 16.047 0.056
54974.39 16.190 0.044
54977.40 16.307 0.024
54981.40 16.459 0.049
54989.34 16.854 0.042
54993.36 16.929 0.033
54999.32 17.050 0.044
55009.31 17.287 0.039
55014.34 17.332 0.053
55022.25 17.562 0.057
55027.20 17.582 0.050
55032.20 17.748 0.054
55037.20 17.836 0.036
55042.19 17.952 0.074
55047.19 17.946 0.090
55052.19 18.147 0.074
55057.19 18.315 0.106
55062.17 18.299 0.081
55067.17 18.334 0.070
55072.17 18.425 0.098
55082.15 18.758 0.105
55087.15 18.832 0.172
filter V
# nickel2
54939.16 15.545 0.015
54940.13 15.486 0.017
54971.13 16.064 0.014
54975.08 16.260 0.019
54993.11 16.983 0.023
54999.04 17.113 0.021
55003.99 17.226 0.026
55019.06 17.508 0.043
55025.04 17.449 0.085
55032.06 17.722 0.028
55033.94 17.813 0.024
55046.94 18.107 0.055
55067.90 18.378 0.035
filter Y
#
54938.25 15.954 0.008
54939.35 15.848 0.027
54945.26 15.736 0.008
54948.24 15.748 0.007
54954.27 15.832 0.011
54961.25 15.720 0.007
54965.27 15.627 0.007
54969.27 15.507 0.006
54973.23 15.462 0.029
54975.21 15.401 0.006
filter g
#
54942.30 15.315 0.006
54945.26 15.220 0.011
54946.27 15.226 0.006
54947.25 15.232 0.006
54948.24 15.247 0.007
54949.23 15.251 0.009
54951.22 15.304 0.007
54956.26 15.498 0.006
54959.22 15.654 0.007
54963.24 15.894 0.008
54964.22 15.954 0.008
54966.22 16.095 0.006
54968.21 16.227 0.008
54976.17 16.766 0.006
filter i
#
54942.30 15.809 0.007
54945.26 15.718 0.006
54946.27 15.738 0.009
54947.25 15.729 0.006
54948.24 15.727 0.007
54949.23 15.730 0.007
54951.22 15.751 0.006
54956.26 15.792 0.006
54959.22 15.855 0.007
54963.24 15.902 0.007
54966.22 15.913 0.007
54968.21 15.903 0.008
54976.17 15.961 0.006
filter i'
#
54935.46 16.210 0.041
54940.42 15.893 0.021
54941.40 15.846 0.039
54942.23 15.800 0.018
54944.24 15.767 0.021
54945.27 15.740 0.020
54946.39 15.724 0.019
54948.39 15.738 0.019
54950.43 15.735 0.019
54951.18 15.751 0.018
54952.46 15.752 0.019
54955.16 15.781 0.018
54956.19 15.811 0.049
54958.18 15.847 0.019
54959.17 15.846 0.019
54960.28 15.876 0.021
54963.18 15.894 0.019
54965.15 15.923 0.020
54967.14 15.896 0.018
54969.28 15.934 0.035
54970.28 15.906 0.020
54974.16 15.931 0.021
54975.31 15.947 0.020
54977.28 15.984 0.020
54982.18 16.136 0.021
54983.27 16.170 0.019
54984.41 16.228 0.042
54985.14 16.239 0.021
54986.36 16.303 0.032
54988.17 16.339 0.020
54990.25 16.433 0.025
54994.23 16.605 0.049
54995.16 16.613 0.018
54997.39 16.751 0.024
55000.21 16.814 0.024
55003.27 16.920 0.030
55005.18 16.999 0.031
55007.21 17.077 0.026
55021.32 17.521 0.031
55022.32 17.591 0.103
55025.15 17.604 0.037
55035.29 17.775 0.125
55039.14 18.031 0.102
55044.21 18.165 0.065
55088.14 19.197 0.120
55092.14 19.290 0.112
filter r
#
54942.30 15.380 0.005
54945.26 15.279 0.004
54946.27 15.296 0.007
54947.25 15.285 0.006
54948.24 15.295 0.006
54949.23 15.295 0.006
54951.22 15.312 0.006
54956.26 15.402 0.005
54959.22 15.464 0.006
54963.24 15.575 0.007
54964.22 15.589 0.007
54966.22 15.641 0.006
54968.21 15.683 0.007
54976.17 15.900 0.005
filter r'
#
54940.42 15.523 0.017
54941.40 15.498 0.036
54942.23 15.442 0.017
54944.24 15.412 0.037
54945.27 15.373 0.024
54946.39 15.358 0.024
54948.39 15.354 0.024
54950.43 15.370 0.035
54951.18 15.383 0.019
54952.47 15.390 0.034
54955.16 15.430 0.021
54956.20 15.459 0.040
54958.18 15.518 0.039
54959.17 15.572 0.027
54960.28 15.558 0.020
54963.18 15.635 0.024
54965.16 15.678 0.025
54967.14 15.723 0.017
54968.34 15.751 0.037
54969.30 15.787 0.018
54970.28 15.792 0.017
54974.16 15.885 0.015
54975.32 15.927 0.018
54977.28 15.998 0.019
54982.18 16.198 0.022
54983.28 16.250 0.019
54984.42 16.307 0.021
54985.14 16.318 0.025
54986.36 16.409 0.025
54988.17 16.469 0.027
54990.25 16.534 0.019
54993.18 16.670 0.031
54994.24 16.671 0.027
54995.16 16.694 0.033
54997.39 16.776 0.022
55000.22 16.862 0.022
55003.27 16.945 0.028
55005.20 16.997 0.025
55007.22 17.041 0.030
55008.23 17.058 0.021
55021.32 17.429 0.026
55022.31 17.475 0.077
55025.15 17.483 0.026
55035.29 17.788 0.080
55038.28 17.798 0.089
55039.15 17.916 0.036
55044.22 17.964 0.046
55088.12 19.141 0.084
55092.14 19.277 0.091
filter u
#
54942.30 15.508 0.010
54945.26 15.515 0.010
54946.27 15.531 0.010
54947.25 15.578 0.010
54948.24 15.631 0.012
54949.23 15.689 0.010
54951.22 15.833 0.010
54956.26 16.281 0.012
54959.22 16.638 0.021
54963.24 17.096 0.021
54964.22 17.201 0.021
54966.22 17.427 0.019
54968.21 17.635 0.017
54976.17 18.330 0.017
filter u'
#
54941.41 15.478 0.036
54944.25 15.510 0.045
54946.44 15.550 0.033
54948.40 15.662 0.038
54950.44 15.808 0.036
54952.47 15.974 0.037
54970.34 18.064 0.073
54974.17 18.428 0.144
54975.34 18.219 0.170
54977.29 18.487 0.190
54982.19 18.544 0.243
54983.30 18.929 0.248
54984.43 19.633 0.220
54994.20 19.706 0.372
55003.29 19.893 0.376
