SN2007sr 0.005417 180.469950 -18.972690
#SN2007sr 180.46995 -18.97269 NGC_4038 SB(s)m_pec 0.005417 1.7e-05 NED_21-cm_or_Opt_Smallest_Error CBET_1172;CBET_1180 CSS CBET_1173;CBET_1174   Ia
# ['' 'B' 'H' 'I' 'I1' 'I2' 'J' 'Ks' 'R' 'U' 'UVM2' 'UVW1' 'UVW2' 'V']
# ['' 'IRAC' 'UVOT' 'VLA'] on ['' 'PAIRITEL' 'Spitzer' 'Swift' 'kait4']
filter Bk
#
54453.03 13.126 0.020
54453.03 13.131 0.018
54454.02 13.162 0.017
54454.03 13.161 0.018
54454.03 13.157 0.018
54455.97 13.296 0.020
54455.97 13.294 0.020
54455.97 13.287 0.020
54457.02 13.380 0.020
54457.03 13.366 0.020
54457.03 13.386 0.020
54460.98 13.806 0.024
54460.99 13.794 0.022
54460.99 13.812 0.022
54463.02 14.125 0.026
54464.02 14.142 0.020
54464.02 14.138 0.019
54464.03 14.144 0.019
54465.03 14.257 0.020
54465.04 14.255 0.019
54465.04 14.260 0.019
54466.05 14.378 0.021
54466.06 14.386 0.021
54466.06 14.367 0.023
54470.00 14.779 0.018
54474.99 15.257 0.018
54476.99 15.426 0.018
54478.00 15.508 0.018
54480.00 15.610 0.022
54482.96 15.785 0.018
54484.98 15.900 0.021
54494.01 16.082 0.024
54494.93 16.100 0.020
54495.97 16.125 0.019
54496.94 16.174 0.040
54497.95 16.157 0.019
54502.91 16.217 0.019
54503.95 16.229 0.018
54505.99 16.232 0.020
54515.92 16.345 0.029
54561.73 17.004 0.021
54564.80 17.077 0.021
54568.76 17.088 0.030
54578.73 17.267 0.034
54583.73 17.417 0.024
54585.73 17.445 0.022
54595.69 17.593 0.027
filter B_UVOT
# Swift
54454.82 13.131 0.040
54455.83 13.212 0.040
54456.80 13.306 0.040
54457.46 13.332 0.040
54458.88 13.431 0.040
54459.79 13.545 0.040
54460.72 13.604 0.040
54461.16 13.710 0.041
54463.27 13.940 0.041
54468.76 14.595 0.044
54470.05 14.671 0.043
54472.37 14.886 0.044
54475.82 15.207 0.047
54482.21 15.599 0.053
54487.70 15.910 0.056
54501.15 16.124 0.057
54505.73 16.179 0.057
54524.80 16.355 0.060
54588.48 17.397 0.065
54644.29 18.258 0.088
filter Bkait
# kait4
54453.53 13.080 0.010
54456.55 13.252 0.010
54459.55 13.564 0.020
54461.57 13.754 0.013
54467.56 14.405 0.014
54476.60 15.178 0.013
54478.56 15.286 0.022
54480.55 15.481 0.017
54482.53 15.573 0.036
54483.47 15.655 0.022
54484.47 15.708 0.900
54501.57 16.080 0.039
54505.49 16.105 0.015
54510.50 16.146 0.033
54522.52 16.355 0.028
54530.35 16.344 0.016
54534.39 16.425 0.031
54542.39 16.630 0.030
54550.34 16.686 0.023
54557.34 16.845 0.044
54564.34 16.881 0.060
54572.34 17.045 0.044
54587.29 17.243 0.040
54594.24 17.396 0.036
54608.18 17.583 0.152
54615.19 17.842 0.107
54622.19 17.868 0.089
54632.20 18.026 0.181
filter H2m
# PAIRITEL
54455.48 13.760 0.020
54456.48 13.710 0.010
54457.53 13.730 0.030
54458.49 13.760 0.040
54461.48 13.720 0.020
54462.52 13.720 0.010
54464.51 13.630 0.040
54465.50 13.620 0.040
54466.51 13.560 0.020
54474.46 13.440 0.030
54475.46 13.450 0.010
54476.46 13.450 0.020
54477.49 13.470 0.020
54478.50 13.490 0.030
54480.51 13.480 0.010
54481.54 13.660 0.030
54483.48 13.740 0.010
54484.47 13.820 0.010
54485.50 13.930 0.070
54494.47 14.290 0.050
54495.44 14.390 0.050
54499.43 14.540 0.000
54502.42 14.740 0.020
54503.42 14.720 0.010
54504.43 14.790 0.020
54505.42 14.860 0.020
54506.42 14.900 0.040
54535.33 16.060 0.040
54537.33 16.220 0.070
54538.31 16.250 0.050
54540.32 16.340 0.050
54568.30 17.460 0.180
filter Ikait
# kait4
54453.53 13.239 0.010
54456.55 13.434 0.018
54459.55 13.713 0.013
54461.57 13.725 0.011
54465.60 13.696 0.900
54467.56 13.644 0.013
54476.60 13.486 0.015
54478.56 13.449 0.011
54480.55 13.584 0.010
54482.53 13.729 0.022
54483.47 13.793 0.014
54484.47 13.875 0.010
54501.57 14.761 0.032
54505.49 14.913 0.012
54510.50 15.172 0.025
54522.52 15.738 0.025
54530.35 15.996 0.045
54534.39 16.128 0.041
54542.39 16.444 0.039
54550.34 16.753 0.027
54557.34 16.985 0.067
54564.34 17.317 0.088
54572.34 17.279 0.073
54580.36 17.548 0.162
54587.29 17.584 0.185
54594.24 17.722 0.116
54622.19 18.405 0.192
54632.20 18.748 0.393
filter S36
# Spitzer
54528.00 15.230 0.120
filter S45
# Spitzer
54528.00 16.580 0.260
filter J2m
# PAIRITEL
54456.48 14.190 0.000
54458.49 14.520 0.010
54459.54 14.790 0.020
54461.48 14.870 0.010
54462.52 14.960 0.010
54464.51 14.970 0.000
54465.50 14.900 0.020
54466.51 14.860 0.010
54474.46 14.470 0.020
54475.46 14.330 0.040
54476.46 14.320 0.020
54477.49 14.190 0.010
54478.50 14.140 0.000
54480.49 14.060 0.020
54481.54 14.190 0.020
54483.48 14.330 0.020
54484.47 14.380 0.020
54485.47 14.510 0.010
54497.43 15.410 0.020
54499.43 15.560 0.010
54502.47 15.800 0.020
54503.42 15.860 0.020
54505.42 16.010 0.020
54506.42 16.010 0.020
54528.37 17.460 0.040
54529.37 17.450 0.040
54530.35 17.590 0.060
54531.35 17.660 0.050
54535.33 17.820 0.050
54540.32 18.170 0.070
filter Ks2m
# PAIRITEL
54456.48 13.540 0.010
54457.53 13.530 0.030
54458.49 13.600 0.030
54459.48 13.620 0.010
54461.48 13.600 0.010
54464.51 13.560 0.020
54465.50 13.500 0.000
54466.56 13.590 0.030
54474.46 13.440 0.010
54475.46 13.410 0.020
54476.46 13.430 0.010
54477.49 13.390 0.030
54478.50 13.440 0.000
54481.49 13.670 0.030
54483.48 13.870 0.020
54484.47 13.870 0.030
54485.47 14.050 0.040
54494.48 14.400 0.030
54495.44 14.500 0.060
54499.43 14.610 0.020
54502.42 14.710 0.030
54503.42 14.690 0.010
54504.43 14.790 0.050
54505.42 14.840 0.040
54506.42 14.850 0.030
54530.35 15.840 0.070
54531.35 16.070 0.070
54535.33 16.060 0.060
54539.34 16.320 0.100
54540.32 16.230 0.070
54568.30 17.290 0.200
54586.24 17.770 0.330
filter Rkait
# kait4
54453.53 12.831 0.010
54456.55 12.967 0.010
54459.55 13.221 0.020
54461.57 13.319 0.014
54465.60 13.469 0.020
54467.56 13.516 0.010
54476.60 13.693 0.013
54478.56 13.743 0.016
54480.55 13.858 0.013
54482.53 14.057 0.010
54483.47 14.077 0.012
54484.47 14.190 0.010
54501.57 14.869 0.043
54505.49 14.959 0.010
54510.50 15.142 0.021
54522.52 15.473 0.012
54530.35 15.794 0.015
54534.39 15.916 0.020
54542.39 16.165 0.017
54550.34 16.403 0.017
54557.34 16.598 0.031
54564.34 16.740 0.035
54572.34 17.133 0.087
54580.36 17.178 0.092
54587.29 17.428 0.054
54594.24 17.641 0.039
54615.19 18.277 0.144
54622.19 18.310 0.104
54632.20 18.754 0.151
filter U_UVOT
# Swift
54454.85 13.442 0.041
54455.83 13.582 0.041
54456.80 13.752 0.041
54457.46 13.755 0.041
54458.88 13.927 0.042
54459.78 14.026 0.044
54460.72 14.178 0.045
54461.16 14.203 0.044
54463.27 14.496 0.046
54468.76 15.255 0.055
54470.05 15.345 0.054
54472.37 15.563 0.059
54475.82 15.886 0.063
54482.21 16.349 0.066
54487.70 16.513 0.065
54501.15 16.809 0.069
54505.73 16.904 0.070
54524.80 17.116 0.080
54588.48 18.213 0.096
54644.29 19.470 0.237
filter UVM2
# Swift
54454.84 17.393 0.088
54455.84 17.460 0.087
54456.81 17.517 0.089
54457.47 17.682 0.090
54458.88 17.881 0.099
54459.11 17.996 0.109
54459.79 17.998 0.146
54460.15 17.972 0.099
54460.73 18.145 0.158
54461.17 18.143 0.116
54462.59 18.343 0.125
54463.27 18.189 0.124
54467.49 18.712 0.184
54468.76 19.037 0.152
54470.05 19.082 0.150
54472.38 19.566 0.186
54475.82 19.239 0.170
54487.70 19.719 0.194
54501.16 20.246 0.281
54505.74 20.310 0.276
filter UVW1
# Swift
54454.85 15.000 0.055
54455.83 15.167 0.063
54455.83 15.104 0.058
54456.77 15.297 0.063
54456.80 15.314 0.064
54457.09 15.327 0.065
54457.46 15.385 0.064
54458.11 15.422 0.063
54458.88 15.545 0.065
54459.78 15.640 0.072
54460.72 15.762 0.074
54461.16 15.825 0.067
54463.27 16.096 0.070
54467.49 16.507 0.075
54468.76 16.717 0.071
54470.05 16.881 0.073
54472.37 17.068 0.075
54475.82 17.346 0.079
54482.21 17.757 0.085
54487.69 18.052 0.089
54501.15 18.361 0.106
54505.72 18.388 0.105
54524.80 18.759 0.146
54588.48 19.832 0.198
filter UVW2
# Swift
#53577.42 20.510 0.277
54454.83 16.533 0.078
54455.83 16.672 0.078
54456.81 16.795 0.079
54457.46 16.839 0.078
54458.88 16.966 0.079
54459.12 16.915 0.091
54459.79 16.931 0.090
54460.16 17.090 0.098
54460.73 17.112 0.092
54461.16 17.194 0.083
54462.61 17.422 0.092
54463.27 17.526 0.089
54467.49 17.917 0.098
54468.76 18.143 0.091
54470.05 18.095 0.090
54472.37 18.384 0.094
54475.82 18.721 0.104
54487.70 19.113 0.109
54501.16 19.592 0.140
54505.73 19.503 0.131
54524.81 20.023 0.236
54593.36 21.134 0.335
filter Vk
#
54453.04 12.834 0.009
54454.02 12.856 0.009
54455.96 12.931 0.010
54457.02 12.973 0.011
54460.98 13.229 0.012
54463.01 13.369 0.011
54464.02 13.423 0.010
54465.03 13.475 0.012
54466.05 13.519 0.010
54470.00 13.702 0.011
54474.99 13.938 0.009
54476.99 14.059 0.011
54478.00 14.130 0.011
54480.00 14.255 0.011
54482.95 14.470 0.010
54484.98 14.585 0.017
54494.01 14.909 0.011
54494.93 14.946 0.010
54495.96 14.981 0.010
54496.94 15.009 0.018
54497.95 15.028 0.011
54502.91 15.159 0.010
54503.95 15.170 0.011
54505.99 15.232 0.015
54515.92 15.513 0.015
54561.73 16.604 0.015
54564.80 16.656 0.013
54568.76 16.732 0.017
54578.73 16.959 0.023
54583.73 17.070 0.019
54585.72 17.087 0.014
54595.68 17.288 0.018
filter V_UVOT
# Swift
54454.83 12.791 0.041
54455.84 12.798 0.040
54456.81 12.877 0.041
54457.47 12.895 0.041
54458.88 12.941 0.041
54459.79 13.025 0.042
54460.73 13.042 0.042
54461.16 13.131 0.042
54463.27 13.271 0.043
54468.76 13.580 0.044
54470.05 13.582 0.042
54472.37 13.686 0.044
54475.82 13.882 0.045
54482.21 14.270 0.050
54487.70 14.592 0.050
54501.16 15.046 0.056
54505.74 15.180 0.056
54524.77 15.718 0.072
54588.48 17.015 0.073
54644.29 18.020 0.118
filter Vkait
# kait4
54453.53 12.869 0.010
54456.55 12.904 0.010
54459.55 13.109 0.023
54461.57 13.291 0.010
54465.60 13.451 0.026
54467.56 13.641 0.012
54476.60 14.084 0.010
54478.56 14.168 0.016
54480.55 14.344 0.011
54482.53 14.427 0.023
54483.47 14.520 0.010
54484.47 14.566 0.013
54501.57 15.128 0.900
54505.49 15.216 0.015
54510.50 15.419 0.020
54522.52 15.625 0.013
54530.35 15.880 0.014
54534.39 16.040 0.018
54542.39 16.163 0.032
54550.34 16.347 0.016
54557.34 16.462 0.068
54564.34 16.674 0.036
54572.34 16.853 0.043
54580.36 16.903 0.094
54587.29 17.165 0.036
54594.24 17.317 0.044
54615.19 17.815 0.092
54622.19 17.670 0.088
54632.20 17.918 0.095
