SN2010ju 0.015244 85.483210 18.497460
#SN2010ju 85.48321 18.49746 UGC_3341  SBab 0.015244 1.3e-05 NED_Host_Galaxy_Name CBET_2549 LOSS CBET_2550   Ia
# ['' 'B' 'H' 'I' 'J' 'Ks' 'R' 'V']
# [''] on ['' 'PAIRITEL' 'kait4']
filter Bkait
# kait4
55517.37 18.069 0.051
55529.38 17.783 0.034
55531.38 17.932 0.028
55537.43 18.668 0.103
55542.38 19.246 0.070
55545.44 19.245 0.190
55565.39 20.632 0.259
55568.33 20.333 0.417
55571.32 20.688 0.329
55574.28 20.920 0.340
55582.26 20.689 0.462
55585.32 20.895 0.362
55588.27 21.159 0.355
filter H2m
# PAIRITEL
55517.37 15.930 0.110
55518.25 15.900 0.150
55519.24 15.870 0.090
55521.29 15.840 0.060
55525.35 15.890 0.250
55527.21 15.910 0.250
55528.21 15.910 0.000
55530.30 16.060 0.200
55531.20 16.160 0.190
55533.31 16.170 0.140
55534.30 16.130 0.120
55536.30 16.100 0.040
55537.33 16.220 0.060
55538.30 16.180 0.070
55539.21 16.080 0.090
55541.31 16.140 0.120
55542.24 16.050 0.140
55566.29 16.770 0.220
55569.28 17.020 0.170
55570.28 17.160 0.340
filter Ikait
# kait4
55517.37 16.619 0.080
55529.38 16.587 0.178
55531.38 16.693 0.182
55537.43 16.872 0.093
55542.38 16.902 0.122
55565.39 17.798 0.172
55568.33 17.865 0.265
55571.32 17.881 0.269
55574.28 18.058 0.246
55582.26 18.446 0.294
55585.32 18.807 0.344
55588.27 18.735 0.347
filter J2m
# PAIRITEL
55517.37 16.060 0.030
55518.25 15.940 0.250
55519.24 15.920 0.040
55521.29 15.830 0.020
55525.35 16.020 0.070
55526.32 16.090 0.250
55527.21 16.160 0.090
55528.21 16.420 0.060
55530.30 16.770 0.180
55531.20 16.760 0.120
55532.20 16.920 0.070
55533.31 16.990 0.080
55534.30 17.170 0.100
55536.30 17.190 0.080
55537.33 17.390 0.170
55539.21 17.230 0.250
55541.31 17.190 0.170
55542.24 17.080 0.080
55566.29 17.860 0.200
55569.28 17.990 0.350
55570.28 17.900 0.160
filter Ks2m
# PAIRITEL
55517.37 15.740 0.120
55519.24 15.460 0.080
55521.29 15.390 0.080
55526.32 15.320 0.180
55527.21 15.480 0.110
55528.21 15.640 0.250
55530.30 15.770 0.250
55531.20 15.740 0.170
55532.20 15.930 0.180
55533.31 15.810 0.180
55534.30 15.950 0.210
55536.30 15.890 0.160
55538.30 15.690 0.170
55539.21 15.640 0.250
55541.31 15.730 0.250
55542.24 15.570 0.250
55566.29 16.350 0.220
55569.28 16.300 0.250
55570.28 16.520 0.280
filter Rkait
# kait4
55517.37 16.823 0.063
55529.38 16.473 0.041
55531.38 16.606 0.051
55537.43 17.043 0.043
55542.38 17.161 0.064
55545.44 17.129 0.201
55565.39 18.133 0.095
55568.33 18.086 0.290
55571.32 18.258 0.224
55574.28 18.447 0.146
55582.26 18.556 0.276
55585.32 18.831 0.202
55588.27 18.952 0.160
filter Vkait
# kait4
55517.37 17.197 0.037
55529.38 16.819 0.038
55531.38 16.945 0.025
55537.43 17.323 0.037
55542.38 17.545 0.040
55545.44 17.665 0.312
55565.39 18.782 0.088
55568.33 18.701 0.180
55571.32 18.584 0.190
55574.28 18.967 0.167
55582.26 18.801 0.168
55585.32 19.035 0.149
55588.27 19.426 0.169
