SN2006N 0.014277 92.130210 64.723620
#SN2006N 92.13021 64.72362 MCG_+11-8-12  -999 0.014277 8.3e-05 NED_Host_Galaxy_Name CBET_375;IAUC_8661 Armstrong IAUC_8661   Ia
# ['' 'B' 'H' 'J' 'Ks' 'U' 'V']
# [''] on ['' 'PAIRITEL']
filter B4sh
#
53760.85 15.472 0.012
53762.73 15.553 0.009
53763.81 15.618 0.012
53764.77 15.687 0.011
53765.77 15.788 0.011
53767.76 15.928 0.011
53771.74 16.445 0.039
53773.85 16.743 0.019
53776.72 17.176 0.023
53785.74 18.265 0.032
53786.72 18.328 0.030
53787.74 18.349 0.033
53797.73 18.897 0.049
53799.67 19.044 0.079
53802.72 19.184 0.152
53806.71 19.447 0.242
53807.70 19.356 0.202
53810.67 19.236 0.088
53810.71 19.332 0.103
53812.66 19.347 0.210
53817.67 19.649 0.220
53826.62 19.681 0.217
53832.63 19.697 0.212
53833.65 19.799 0.243
filter H2m
# PAIRITEL
53765.18 15.770 0.160
53769.24 15.650 0.230
53772.14 15.690 0.080
53786.14 15.990 0.070
53787.19 15.920 0.150
53788.21 15.950 0.080
53789.17 15.850 0.180
53790.20 16.040 0.150
53791.17 16.170 0.110
53797.17 16.310 0.180
53799.15 16.360 0.170
53811.18 17.030 0.250
filter J2m
# PAIRITEL
53765.18 16.020 0.090
53767.21 16.530 0.080
53768.20 16.690 0.270
53769.24 16.710 0.250
53771.16 16.970 0.290
53772.14 16.760 0.190
53787.19 16.400 0.210
53789.17 16.490 0.310
53790.20 16.790 0.170
53791.17 16.940 0.290
53797.17 17.240 0.200
53798.17 17.230 0.230
53799.15 17.360 0.260
53811.18 17.950 0.180
filter Ks2m
# PAIRITEL
53765.18 15.810 0.170
53768.20 15.640 0.090
53771.16 15.490 0.040
53772.14 15.590 0.100
53787.19 16.050 0.130
53789.17 16.040 0.180
53799.15 16.460 0.350
filter U4sh
#
53760.85 15.179 0.019
53763.82 15.547 0.024
53764.77 15.641 0.024
53764.78 15.647 0.022
53765.78 15.738 0.029
53765.78 15.727 0.026
53767.77 15.967 0.024
53767.77 16.019 0.025
53773.85 16.904 0.051
53773.86 16.973 0.064
53775.87 17.322 0.068
53775.87 17.261 0.077
53776.71 17.509 0.075
53776.72 17.423 0.080
53785.73 18.510 0.122
53785.73 18.423 0.101
53786.72 18.635 0.114
53786.72 18.580 0.176
53787.74 18.737 0.126
53797.74 19.288 0.358
53799.66 19.090 0.334
53799.66 19.214 0.298
53807.70 19.185 0.340
53810.68 19.279 0.337
53810.68 19.037 0.280
53812.65 19.406 0.422
filter V4sh
#
53760.84 15.394 0.012
53762.72 15.388 0.009
53763.80 15.437 0.013
53764.76 15.457 0.010
53765.77 15.508 0.014
53767.76 15.593 0.010
53771.73 15.905 0.027
53773.85 16.132 0.029
53775.87 16.267 0.022
53776.71 16.226 0.015
53778.72 16.383 0.020
53779.70 16.562 0.030
53779.71 16.495 0.038
53779.73 16.359 0.063
53780.64 16.475 0.101
53785.73 16.916 0.017
53786.71 16.995 0.018
53787.73 17.092 0.017
53797.73 17.591 0.023
53799.66 17.779 0.027
53802.71 17.776 0.048
53806.70 17.947 0.051
53807.69 17.937 0.040
53810.67 18.136 0.044
53810.71 18.077 0.025
53812.65 18.157 0.177
53816.66 18.144 0.037
53817.66 18.187 0.052
53826.62 18.538 0.046
53832.62 18.688 0.056
53833.64 18.660 0.079
