SN2005ch 0.027000 215.528150 1.993160
#SN2005ch 215.52815 1.99316 APMUKS(BJ)_B141934.25+021314.0  -999 0.027 0.005 CfA_Optical_Spectrum CBET_166;IAUC_8539 ROTSE-III CBET_167;IAUC_8541   Ia
# ['' 'H' 'J' 'Ks']
# [''] on ['' 'PAIRITEL']
filter H2m
# PAIRITEL
53539.15 16.910 0.050
53540.20 17.220 0.110
53541.17 17.370 0.090
53548.16 17.470 0.160
53549.25 17.280 0.120
53550.15 17.150 0.090
53551.24 16.960 0.060
53557.22 16.790 0.080
53558.22 16.800 0.070
53560.22 16.790 0.050
53563.23 16.910 0.080
filter J2m
# PAIRITEL
53539.15 17.020 0.030
53540.20 17.120 0.080
53541.17 17.290 0.090
53543.28 17.570 0.080
53548.16 18.390 0.190
53549.25 18.580 0.090
53550.15 18.420 0.050
53551.24 18.210 0.080
53556.21 18.060 0.030
53557.22 17.890 0.250
53558.22 17.960 0.020
53560.22 17.810 0.060
53563.23 17.750 0.060
filter Ks2m
# PAIRITEL
53539.15 16.880 0.080
53540.20 16.910 0.140
53548.16 17.320 0.170
53549.25 17.120 0.220
53550.15 16.770 0.080
53551.24 16.470 0.100
53560.22 16.050 0.060
53563.23 16.540 0.080
