SN2009na 0.020979 161.755770 26.543640
#SN2009na 161.75577 26.54364 UGC_5884 SA(s)b 0.020979 6e-06 NED_21-cm_or_Opt_Smallest_Error CBET_2098 POSS CBET_2103   Ia
# ['' 'B' 'H' 'J' 'Ks' 'V' "i'" "r'" "u'"]
# [''] on ['' 'PAIRITEL']
filter B
#
55195.49 16.248 0.022
55197.35 16.022 0.037
55202.40 15.930 0.020
55204.45 16.004 0.017
55205.37 16.067 0.017
55208.45 16.216 0.021
55209.53 16.286 0.018
55212.37 16.575 0.027
55221.41 17.658 0.035
55222.53 17.807 0.062
55242.39 19.158 0.110
55244.36 19.170 0.133
55247.27 19.312 0.184
55267.31 19.393 0.120
filter H2m
# PAIRITEL
55202.36 16.440 0.180
55203.42 16.690 0.250
55205.43 16.790 0.250
55208.33 17.220 0.250
55212.42 17.010 0.250
55213.29 17.150 0.250
55221.41 16.650 0.180
55222.28 16.650 0.250
55229.36 16.470 0.170
55236.31 17.090 0.170
filter J2m
# PAIRITEL
55202.36 16.470 0.250
55203.42 16.510 0.170
55204.34 16.670 0.180
55208.33 17.340 0.250
55209.33 17.470 0.250
55212.42 18.010 0.250
55213.29 17.820 0.250
55221.41 17.820 0.250
55222.28 17.690 0.190
55229.36 17.130 0.200
55236.31 17.560 0.180
filter Ks2m
# PAIRITEL
55202.36 16.820 0.250
55203.42 16.610 0.170
55204.34 17.000 0.170
55208.33 17.200 0.280
55213.29 17.280 0.250
55222.28 17.500 0.300
55223.27 17.230 0.360
55236.31 17.910 0.170
filter Vk
#
55195.48 16.236 0.020
55202.40 15.888 0.020
55204.44 15.903 0.018
55205.37 15.881 0.069
55208.44 16.005 0.016
55209.53 16.044 0.018
55212.37 16.211 0.024
55221.41 16.789 0.021
55242.39 18.008 0.046
55244.36 18.054 0.054
55247.27 18.143 0.053
55267.31 18.743 0.079
55331.18 20.002 0.236
55332.21 20.147 0.214
55339.15 20.539 0.333
filter ik
#
55195.48 16.447 0.023
55202.39 16.477 0.026
55204.44 16.531 0.020
55205.38 16.539 0.022
55208.44 16.674 0.020
55209.53 16.769 0.025
55212.37 17.069 0.034
55221.40 17.119 0.022
55222.52 17.256 0.335
55242.38 17.875 0.066
55244.35 18.004 0.083
55247.25 18.008 0.042
55267.30 18.791 0.073
55270.23 18.989 0.093
55331.17 20.362 0.262
55332.20 20.422 0.269
filter rk
#
55195.48 16.221 0.019
55202.39 15.911 0.023
55204.44 15.906 0.017
55205.38 15.940 0.018
55208.44 16.038 0.015
55209.53 16.105 0.016
55212.37 16.325 0.020
55221.40 16.668 0.020
55242.39 17.750 0.046
55244.36 17.848 0.050
55247.26 17.842 0.028
55267.31 18.553 0.058
55270.24 18.699 0.052
filter uk
#
55202.40 16.312 0.046
55204.45 16.514 0.046
55267.32 19.826 0.355
