SN2005ke 0.004880 53.768100 -24.944120
#SN2005ke 53.7681 -24.94412 NGC_1371 (R')SAB(r'l)a 0.00488 7e-06 NED_Host_Galaxy_Name IAUC_8630 LOSS IAUC_8631;CBET_291  Iap
# ['' 'B' 'H' 'J' 'K' 'Ks' 'U' 'UVM2' 'UVW1' 'UVW2' 'V' 'Y' 'g' 'i' 'r' 'u']
# ['' 'UVOT' 'VLA'] on ['' 'PAIRITEL' 'Swift']
filter B
#
53689.18 16.629 0.012
53690.26 16.139 0.010
53692.82 15.361 0.017
53693.81 15.237 0.018
53694.25 15.209 0.008
53694.81 15.153 0.019
53695.21 15.095 0.008
53698.21 14.893 0.006
53699.21 14.919 0.011
53702.20 15.116 0.011
53703.26 15.289 0.013
53703.72 15.454 0.020
53705.79 15.793 0.021
53706.21 15.750 0.014
53706.76 15.952 0.022
53707.32 15.917 0.008
53707.78 16.129 0.020
53710.75 16.513 0.023
53712.21 16.568 0.011
53713.17 16.631 0.013
53713.77 16.785 0.021
53716.15 16.838 0.008
53720.18 17.028 0.012
53721.13 17.087 0.011
53724.70 17.268 0.022
53725.22 17.228 0.011
53725.69 17.327 0.024
53728.75 17.410 0.024
53729.63 17.445 0.018
53730.21 17.369 0.011
53730.68 17.487 0.022
53736.17 17.516 0.014
53737.17 17.551 0.013
53740.67 17.828 0.041
53741.14 17.630 0.010
53746.17 17.744 0.017
53750.10 17.816 0.016
53751.68 17.866 0.056
53755.09 17.930 0.015
53761.19 18.083 0.015
53763.08 18.096 0.016
53764.10 18.111 0.015
53765.08 18.138 0.020
53765.60 18.218 0.028
53767.04 18.174 0.012
53767.62 18.281 0.036
53771.06 18.249 0.016
53773.07 18.279 0.016
53774.91 18.331 0.021
53776.60 18.640 0.057
53778.06 18.370 0.024
53784.01 18.507 0.016
53786.02 18.532 0.023
53798.03 18.804 0.023
53804.06 18.859 0.029
53809.03 19.043 0.082
53818.99 19.140 0.025
53967.37 21.375 0.072
filter B_UVOT
# Swift
53688.76 16.861 0.068
53690.39 16.068 0.078
53691.87 15.630 0.055
53692.94 15.434 0.052
53693.26 15.369 0.077
53695.06 15.139 0.054
53696.19 14.987 0.046
53696.76 14.967 0.045
53697.36 14.923 0.046
53698.50 14.888 0.046
53700.77 14.981 0.047
53703.29 15.291 0.050
53704.93 15.542 0.054
53706.37 15.823 0.059
53708.21 16.090 0.060
53712.43 16.626 0.061
53713.66 16.791 0.075
53714.33 16.766 0.065
53716.27 16.889 0.066
53719.02 16.973 0.111
53722.70 17.220 0.067
53724.42 17.263 0.068
53725.69 17.330 0.077
53726.53 17.342 0.069
53727.63 17.371 0.069
53728.63 17.429 0.071
53729.57 17.418 0.069
53730.54 17.467 0.070
53734.02 17.575 0.094
53739.35 17.695 0.080
53746.61 17.850 0.088
53756.66 18.084 0.095
53765.16 18.258 0.102
filter H
#
53691.27 14.948 0.050
53692.27 14.729 0.010
53693.25 14.530 0.008
53696.26 14.120 0.008
53697.19 14.044 0.013
53700.24 13.948 0.006
53701.23 13.956 0.009
53704.22 13.974 0.020
53705.23 14.031 0.010
53709.21 14.069 0.013
53710.23 14.136 0.013
53714.14 14.355 0.011
53715.15 14.398 0.013
53717.15 14.540 0.008
53718.20 14.640 0.008
53721.13 14.933 0.005
53724.11 15.168 0.018
53731.17 15.607 0.016
53743.11 16.304 0.008
53750.10 16.666 0.029
53753.07 16.701 0.069
53755.09 16.785 0.077
53756.14 16.960 0.029
53757.10 16.958 0.098
53773.07 17.727 0.034
53776.07 17.860 0.103
53784.01 18.253 0.081
53786.02 18.226 0.056
53789.01 18.002 0.289
filter H2m
# PAIRITEL
53690.30 15.320 0.060
53691.27 15.090 0.030
53695.26 14.290 0.020
53696.28 14.050 0.020
53699.25 13.970 0.020
53700.24 14.020 0.040
53701.24 14.080 0.030
53703.26 14.000 0.010
53704.24 13.990 0.030
53705.23 13.920 0.010
53706.28 13.940 0.030
53707.28 13.960 0.050
53708.28 13.970 0.030
53711.26 14.070 0.040
53712.24 14.190 0.170
53713.20 14.290 0.170
53714.21 14.390 0.000
53721.32 15.100 0.040
53724.26 15.230 0.050
53725.23 15.260 0.030
53726.29 15.230 0.030
53727.27 15.490 0.170
53728.16 15.520 0.040
53729.19 15.440 0.030
53731.17 15.660 0.080
53733.15 15.910 0.130
53735.16 16.090 0.180
53738.15 16.150 0.100
53740.15 16.260 0.060
53742.16 16.580 0.160
53758.10 17.350 0.230
53763.18 18.070 0.220
53766.10 18.270 0.320
filter J
#
53691.27 15.050 0.066
53692.27 14.797 0.011
53693.25 14.612 0.014
53696.26 14.188 0.010
53697.19 14.108 0.007
53700.24 14.003 0.009
53701.23 14.027 0.011
53704.22 14.232 0.013
53705.23 14.244 0.016
53709.21 14.587 0.026
53710.23 14.642 0.013
53714.14 14.896 0.012
53715.15 14.932 0.019
53717.15 15.062 0.018
53718.20 15.106 0.011
53721.13 15.451 0.006
53724.11 15.788 0.052
53731.17 16.575 0.021
53743.11 17.560 0.013
53750.10 18.116 0.017
53753.07 18.546 0.205
53756.14 18.524 0.061
53757.10 18.452 0.161
53773.07 19.404 0.066
53776.07 19.168 0.174
53784.01 19.706 0.123
53786.02 19.660 0.084
53789.01 19.442 0.184
filter J2m
# PAIRITEL
53690.30 15.340 0.010
53691.27 15.060 0.030
53695.26 14.290 0.010
53696.28 14.110 0.030
53699.25 13.990 0.030
53700.24 14.040 0.010
53701.24 14.030 0.020
53703.26 14.190 0.010
53704.24 14.180 0.020
53705.23 14.220 0.020
53706.28 14.350 0.030
53707.28 14.430 0.010
53708.28 14.470 0.020
53711.26 14.600 0.180
53712.24 14.760 0.030
53713.20 14.840 0.090
53714.21 14.840 0.010
53721.32 15.640 0.020
53724.26 15.750 0.020
53725.23 15.850 0.170
53726.29 16.020 0.050
53727.27 16.110 0.060
53728.16 16.190 0.030
53729.19 16.310 0.040
53731.17 16.470 0.020
53732.16 16.480 0.030
53733.15 16.640 0.040
53735.16 16.820 0.040
53738.15 17.030 0.050
53740.15 17.140 0.040
53742.16 17.530 0.070
53745.11 17.520 0.030
53747.16 17.850 0.110
53748.11 18.100 0.250
53758.10 19.150 0.350
53763.18 19.200 0.080
53766.10 19.400 0.070
filter K
#
53721.13 15.149 0.013
53750.10 16.921 0.035
53753.07 17.087 0.203
53755.09 17.189 0.220
53756.14 17.379 0.059
53757.10 17.075 0.202
53784.01 18.608 0.157
filter Ks2m
# PAIRITEL
53690.30 15.200 0.040
53691.27 15.070 0.150
53695.26 14.320 0.100
53696.28 14.070 0.070
53699.25 13.920 0.030
53700.24 14.050 0.070
53701.24 14.090 0.020
53703.26 14.130 0.060
53704.24 14.090 0.010
53705.23 14.020 0.010
53706.28 14.120 0.060
53708.28 14.050 0.010
53711.26 14.140 0.030
53712.24 14.190 0.010
53713.20 14.250 0.070
53714.21 14.400 0.170
53721.32 15.240 0.060
53724.26 15.380 0.070
53725.23 15.520 0.050
53726.29 15.480 0.060
53728.16 15.670 0.090
53729.19 15.620 0.030
53732.16 15.780 0.100
53733.15 15.960 0.110
53735.16 16.010 0.130
53738.15 16.320 0.130
53740.15 16.320 0.070
53742.16 16.700 0.240
53745.11 16.680 0.160
53752.13 17.020 0.240
53758.10 17.520 0.070
53763.18 17.430 0.250
filter Us
#
53695.82 15.273 0.030
53695.83 15.377 0.035
53705.79 16.401 0.032
53705.80 16.415 0.032
53706.77 16.584 0.033
53706.77 16.577 0.033
53707.78 16.728 0.034
53707.79 16.713 0.034
53710.75 17.141 0.042
53713.78 17.313 0.056
53724.70 17.603 0.050
53724.71 17.509 0.045
53725.69 17.658 0.056
53725.70 17.709 0.050
53727.79 17.671 0.064
53728.75 17.656 0.049
53728.75 17.919 0.074
53729.63 17.694 0.062
53730.69 17.797 0.059
53730.69 17.714 0.059
53764.60 18.440 0.117
53764.60 18.628 0.115
53765.61 18.594 0.094
53765.61 18.651 0.095
filter U_UVOT
# Swift
53688.76 17.004 0.075
53690.39 16.128 0.074
53691.87 15.786 0.066
53692.94 15.748 0.066
53693.19 15.607 0.073
53695.18 15.555 0.073
53696.19 15.531 0.059
53696.76 15.532 0.053
53697.36 15.498 0.062
53698.50 15.553 0.062
53700.77 15.703 0.066
53703.28 16.082 0.070
53704.93 16.353 0.072
53706.37 16.587 0.075
53708.21 16.835 0.073
53712.43 17.372 0.073
53713.66 17.403 0.097
53714.33 17.444 0.081
53716.27 17.565 0.082
53719.02 17.698 0.155
53721.53 17.686 0.081
53722.70 17.753 0.080
53723.54 17.761 0.084
53724.42 17.731 0.081
53725.69 17.834 0.094
53726.52 17.824 0.083
53727.63 17.899 0.084
53728.63 17.909 0.086
53729.57 17.924 0.083
53730.54 17.977 0.086
53734.01 18.086 0.142
53739.35 18.349 0.114
53746.61 18.427 0.122
53756.65 18.737 0.144
53765.16 19.108 0.179
filter UVM2
# Swift
#
53690.39 19.832 0.289
53691.87 19.434 0.194
53692.94 19.650 0.222
53693.19 19.441 0.292
53695.17 19.488 0.333
53696.18 18.969 0.133
53696.75 19.023 0.095
53697.35 19.161 0.181
53698.49 18.810 0.143
53700.77 18.803 0.149
53703.28 19.114 0.173
53704.92 19.315 0.182
53706.36 19.743 0.232
53708.20 19.670 0.171
53712.42 19.799 0.121
53713.66 19.594 0.227
53714.49 19.974 0.141
53716.17 19.773 0.136
53722.40 19.678 0.100
53724.41 19.684 0.122
53725.69 19.538 0.154
53726.52 19.693 0.119
53728.03 19.724 0.106
filter UVW1
# Swift
53688.76 18.961 0.144
53690.39 17.869 0.122
53691.87 17.647 0.097
53692.94 17.409 0.092
53693.19 17.433 0.120
53695.18 17.189 0.117
53696.19 17.104 0.078
53696.76 17.082 0.069
53697.36 17.034 0.085
53698.50 16.979 0.081
53700.77 17.177 0.086
53703.28 17.401 0.093
53704.93 17.694 0.099
53706.36 17.941 0.110
53708.21 18.094 0.098
53712.42 18.514 0.091
53713.66 18.606 0.154
53714.33 18.601 0.111
53716.27 18.579 0.107
53719.05 18.864 0.179
53721.53 18.757 0.106
53722.70 18.746 0.099
53723.54 18.597 0.101
53724.41 18.776 0.104
53725.69 18.797 0.128
53726.52 18.709 0.100
53727.63 18.758 0.100
53728.63 18.877 0.109
53729.57 18.766 0.098
53730.54 18.817 0.102
53734.01 18.975 0.210
53739.34 19.071 0.141
53746.60 19.155 0.153
53756.65 19.706 0.214
53765.16 20.027 0.262
53795.91 19.965 0.210
53799.64 20.271 0.246
filter UVW2
# Swift
53688.78 20.468 0.236
53690.62 19.696 0.222
53691.76 19.046 0.133
53692.93 18.914 0.134
53693.19 18.843 0.173
53695.17 18.566 0.097
53696.18 18.599 0.109
53696.75 18.407 0.090
53697.35 18.385 0.115
53698.49 18.422 0.111
53700.76 18.338 0.110
53703.27 18.722 0.128
53704.92 18.731 0.125
53706.35 19.275 0.159
53708.19 19.511 0.148
53712.41 19.816 0.135
53713.65 19.900 0.230
53714.49 19.932 0.143
53716.16 19.892 0.138
53719.05 20.205 0.257
53722.19 19.983 0.138
53723.60 19.858 0.158
53724.40 20.022 0.154
53725.68 20.058 0.190
53726.52 20.167 0.164
53728.02 20.117 0.149
53729.83 20.207 0.156
53730.80 19.983 0.161
53734.00 20.332 0.342
53739.33 20.334 0.216
filter V
#
53688.85 16.178 0.022
53689.18 16.222 0.009
53690.26 15.743 0.008
53691.80 15.147 0.018
53693.80 14.737 0.014
53694.25 14.735 0.006
53694.80 14.584 0.020
53695.21 14.591 0.009
53695.82 14.460 0.017
53698.21 14.282 0.005
53699.21 14.226 0.006
53702.20 14.221 0.008
53703.26 14.272 0.007
53703.72 14.320 0.018
53705.79 14.478 0.016
53706.21 14.532 0.008
53706.76 14.584 0.017
53707.32 14.673 0.009
53710.75 15.012 0.017
53712.21 15.174 0.008
53712.76 15.437 0.036
53713.17 15.268 0.007
53713.76 15.280 0.023
53716.15 15.505 0.006
53720.18 15.794 0.010
53721.13 15.857 0.010
53724.69 16.035 0.021
53725.22 16.084 0.008
53725.68 16.090 0.031
53727.77 16.175 0.020
53728.74 16.213 0.025
53730.21 16.310 0.009
53730.68 16.303 0.022
53736.17 16.519 0.009
53736.74 16.543 0.023
53737.17 16.552 0.009
53740.67 16.667 0.016
53741.14 16.700 0.008
53744.63 16.776 0.020
53746.17 16.852 0.010
53750.10 16.961 0.010
53751.67 17.049 0.026
53755.09 17.101 0.009
53761.19 17.297 0.010
53763.08 17.354 0.013
53764.10 17.393 0.012
53764.59 17.499 0.029
53765.08 17.427 0.015
53767.04 17.470 0.009
53767.61 17.580 0.029
53771.06 17.587 0.012
53773.07 17.646 0.015
53774.64 17.782 0.065
53774.91 17.705 0.015
53776.59 17.882 0.047
53778.06 17.790 0.018
53778.60 17.902 0.047
53784.01 17.951 0.015
53786.02 18.056 0.016
53798.03 18.350 0.020
53804.06 18.489 0.025
53809.03 18.637 0.049
53818.99 18.961 0.028
53967.37 21.928 0.074
filter V_UVOT
# Swift
53688.75 16.493 0.075
53690.39 15.781 0.073
53691.86 15.219 0.062
53692.94 15.021 0.061
53693.19 14.823 0.065
53695.17 14.540 0.052
53696.18 14.436 0.050
53696.75 14.393 0.047
53697.35 14.297 0.050
53698.49 14.255 0.049
53700.77 14.142 0.048
53703.27 14.242 0.049
53704.92 14.322 0.050
53706.35 14.411 0.051
53708.20 14.653 0.053
53712.41 15.089 0.055
53713.65 15.145 0.062
53714.49 15.320 0.057
53716.17 15.395 0.058
53719.05 15.629 0.066
53721.53 15.805 0.061
53722.70 15.923 0.061
53723.54 15.945 0.063
53724.41 16.003 0.062
53725.69 16.048 0.067
53726.52 16.092 0.063
53727.62 16.139 0.063
53728.63 16.209 0.065
53729.56 16.248 0.064
53730.54 16.285 0.065
53734.01 16.429 0.089
53739.34 16.636 0.076
53746.60 16.840 0.082
53756.65 17.202 0.095
53765.15 17.458 0.106
53799.64 18.253 0.172
filter Y
#
53691.27 15.052 0.033
53692.27 14.857 0.010
53693.25 14.683 0.022
53696.26 14.261 0.013
53697.19 14.157 0.013
53700.24 14.030 0.011
53701.23 14.069 0.021
53704.22 14.078 0.027
53705.23 14.122 0.017
53709.21 14.119 0.010
53710.23 14.116 0.014
53714.14 14.201 0.014
53715.15 14.223 0.011
53717.15 14.278 0.010
53718.20 14.314 0.011
53721.13 14.497 0.014
53724.11 14.719 0.034
53727.21 14.929 0.016
53731.17 15.175 0.029
53743.11 15.838 0.006
53750.10 16.192 0.005
53753.07 16.265 0.013
53755.09 16.314 0.014
53756.14 16.471 0.006
53757.10 16.417 0.016
53773.07 17.119 0.010
53776.07 17.182 0.041
53784.01 17.416 0.045
53786.02 17.529 0.010
53789.01 17.537 0.024
filter g
#
53689.18 16.363 0.009
53690.26 15.893 0.007
53694.25 14.923 0.006
53695.21 14.787 0.006
53698.21 14.532 0.004
53699.21 14.505 0.006
53702.20 14.624 0.007
53703.26 14.742 0.006
53706.21 15.165 0.006
53707.32 15.348 0.007
53712.21 15.971 0.006
53713.17 16.064 0.006
53716.15 16.284 0.006
53720.18 16.506 0.008
53721.13 16.554 0.007
53725.22 16.737 0.006
53730.21 16.896 0.006
53736.17 17.050 0.009
53737.17 17.069 0.008
53741.14 17.178 0.007
53746.17 17.297 0.010
53750.10 17.372 0.011
53755.09 17.485 0.008
53761.19 17.623 0.009
53763.08 17.662 0.013
53764.10 17.696 0.011
53765.08 17.716 0.010
53767.04 17.751 0.009
53771.06 17.811 0.011
53773.07 17.872 0.013
53774.91 17.961 0.013
53778.06 18.003 0.016
53784.01 18.102 0.012
53786.02 18.177 0.014
53798.03 18.438 0.016
53804.06 18.574 0.028
53809.03 18.724 0.038
53818.99 18.888 0.020
53967.37 21.593 0.051
filter i
#
53689.18 16.149 0.009
53690.26 15.737 0.008
53694.25 14.801 0.007
53695.21 14.673 0.007
53698.21 14.389 0.006
53699.21 14.336 0.008
53702.20 14.320 0.009
53703.26 14.326 0.006
53706.21 14.413 0.010
53707.32 14.459 0.005
53712.21 14.698 0.006
53713.17 14.773 0.007
53716.15 14.979 0.006
53720.18 15.333 0.008
53721.13 15.427 0.007
53725.22 15.727 0.006
53730.21 16.015 0.009
53736.17 16.308 0.008
53737.17 16.356 0.010
53741.14 16.536 0.008
53746.17 16.741 0.011
53750.10 16.901 0.009
53755.09 17.091 0.009
53761.19 17.308 0.011
53763.08 17.353 0.013
53764.10 17.394 0.012
53765.08 17.417 0.015
53767.04 17.468 0.010
53771.06 17.585 0.014
53773.07 17.652 0.016
53774.91 17.694 0.013
53778.06 17.766 0.017
53784.01 17.956 0.015
53786.02 17.984 0.018
53798.03 18.269 0.019
53804.06 18.390 0.027
53809.03 18.504 0.029
53818.99 18.688 0.027
53967.37 21.587 0.053
filter r
#
53689.18 16.138 0.008
53690.26 15.662 0.007
53694.25 14.659 0.006
53695.21 14.510 0.006
53698.21 14.172 0.004
53699.21 14.128 0.009
53702.20 14.072 0.011
53703.26 14.071 0.005
53706.21 14.236 0.004
53707.32 14.310 0.004
53712.21 14.719 0.005
53713.17 14.809 0.006
53716.15 15.047 0.005
53720.18 15.410 0.008
53721.13 15.491 0.006
53725.22 15.771 0.006
53730.21 16.054 0.007
53736.17 16.345 0.007
53737.17 16.389 0.008
53741.14 16.580 0.007
53746.17 16.792 0.008
53750.10 16.964 0.009
53755.09 17.204 0.009
53761.19 17.470 0.009
53763.08 17.545 0.012
53764.10 17.591 0.013
53765.08 17.637 0.013
53767.04 17.740 0.009
53771.06 17.895 0.013
53773.07 17.994 0.015
53774.91 18.061 0.015
53778.06 18.194 0.016
53784.01 18.451 0.018
53786.02 18.514 0.017
53798.03 18.968 0.019
53804.06 19.243 0.056
53809.03 19.369 0.048
53818.99 19.745 0.039
53966.32 23.027 0.182
filter u
#
53689.18 17.477 0.025
53690.26 16.912 0.016
53694.25 16.278 0.012
53695.21 16.235 0.013
53698.21 16.178 0.011
53699.21 16.221 0.014
53702.20 16.559 0.014
53703.26 16.712 0.015
53706.21 17.249 0.018
53707.32 17.453 0.022
53712.21 18.061 0.025
53713.17 18.121 0.027
53716.15 18.233 0.034
53720.18 18.367 0.038
53721.13 18.435 0.037
53725.22 18.500 0.034
53730.21 18.659 0.035
53736.17 18.832 0.041
53737.17 18.863 0.041
53741.14 19.019 0.053
53746.17 19.206 0.055
53750.10 19.152 0.062
53755.09 19.378 0.051
53761.19 19.623 0.081
53763.08 19.719 0.062
53764.10 19.735 0.081
53765.08 19.793 0.058
53771.06 19.937 0.073
53773.07 20.118 0.094
53774.91 20.175 0.128
53778.06 20.305 0.158
53784.01 20.236 0.076
53786.02 20.453 0.107
53798.03 20.819 0.135
53818.99 21.253 0.198
53967.37 22.410 0.194
