SN2005iq 0.034044 359.635170 -18.709140
#SN2005iq 359.63517 -18.70914 MCG_-03-1-8    Sa 0.034044 0.000123 NED_Host_Galaxy_Name IAUC_8628 LOSS CBET_278   Ia
# ['' 'B' 'H' 'J' 'K' 'Ks' 'U' 'V' 'Y' 'g' 'i' 'r' 'u']
# ['CSP?'] on ['' 'PAIRITEL']
filter B
#
53681.75 17.106 0.058
53682.04 17.117 0.009
53683.05 17.015 0.009
53684.09 16.935 0.010
53686.63 16.876 0.054
53687.04 16.838 0.010
53687.71 16.889 0.046
53688.64 16.924 0.034
53689.12 16.863 0.011
53689.71 17.022 0.052
53690.06 16.903 0.009
53690.71 17.039 0.041
53691.71 17.109 0.027
53692.71 17.105 0.036
53693.69 17.186 0.028
53694.10 17.167 0.009
53694.69 17.279 0.028
53695.11 17.250 0.009
53695.69 17.414 0.026
53696.64 17.453 0.030
53698.07 17.562 0.009
53699.10 17.664 0.010
53702.10 18.045 0.012
53706.13 18.583 0.017
53706.66 18.695 0.038
53716.10 19.370 0.078
53721.07 19.713 0.058
53726.09 19.945 0.049
53728.62 20.252 0.107
53730.08 20.141 0.031
53730.61 20.108 0.103
53738.03 20.328 0.047
53746.04 20.357 0.116
53755.04 20.547 0.060
filter H
#
53685.07 17.358 0.068
53686.11 17.487 0.078
53688.10 17.820 0.082
53692.05 17.997 0.155
53696.09 18.030 0.166
53700.14 18.054 0.191
53705.12 18.256 0.258
53710.05 17.900 0.097
53715.09 17.902 0.130
53718.06 18.207 0.182
53721.07 18.221 0.060
filter H2m
# PAIRITEL
53684.19 17.140 0.090
53688.19 17.440 0.180
53689.16 17.610 0.200
53690.19 17.660 0.250
53691.14 17.720 0.120
53693.14 17.780 0.170
53694.13 17.870 0.270
53695.14 17.750 0.180
53696.12 17.870 0.240
filter J
#
53685.07 17.292 0.045
53686.11 17.279 0.036
53688.10 17.389 0.034
53692.05 17.964 0.074
53696.09 18.523 0.109
53700.14 18.943 0.220
53705.12 18.841 0.199
53710.05 18.669 0.133
53715.09 18.688 0.114
53721.07 18.724 0.059
53732.08 19.647 0.429
filter J2m
# PAIRITEL
53684.19 17.260 0.080
53688.19 17.480 0.100
53689.16 17.680 0.110
53690.19 17.770 0.120
53691.14 18.050 0.150
53693.14 18.310 0.180
53694.13 18.480 0.210
53695.14 18.610 0.260
53696.12 18.710 0.170
53699.12 18.690 0.170
53700.10 18.900 0.310
53703.09 18.700 0.240
filter K
#
53721.07 18.011 0.099
filter Ks2m
# PAIRITEL
53684.19 18.000 0.170
53689.16 17.680 0.180
filter Us
#
53681.68 16.687 0.183
53687.71 16.648 0.183
53688.64 16.687 0.157
53691.70 17.051 0.144
53692.70 17.247 0.170
53694.69 17.552 0.156
53706.67 19.439 0.230
filter V
#
53681.74 17.226 0.032
53682.04 17.175 0.009
53683.05 17.080 0.011
53684.09 17.003 0.010
53687.04 16.876 0.006
53687.70 16.920 0.031
53688.62 16.914 0.021
53688.63 16.899 0.025
53689.12 16.859 0.012
53690.06 16.864 0.010
53690.70 16.947 0.020
53691.70 16.993 0.025
53692.70 17.001 0.024
53693.68 17.042 0.023
53694.10 17.011 0.009
53694.68 17.090 0.020
53695.11 17.070 0.009
53695.68 17.162 0.020
53698.07 17.263 0.009
53699.10 17.330 0.009
53702.10 17.537 0.011
53706.13 17.806 0.011
53706.65 17.870 0.024
53713.61 18.492 0.054
53716.10 18.517 0.027
53721.07 18.851 0.033
53726.09 19.105 0.028
53728.62 19.262 0.056
53730.08 19.236 0.021
53730.60 19.256 0.060
53738.03 19.422 0.022
53746.04 19.670 0.054
53750.04 19.684 0.092
53755.04 19.863 0.051
filter Y
#
53685.07 17.223 0.021
53686.11 17.284 0.022
53688.10 17.465 0.027
53692.05 17.764 0.057
53696.09 18.042 0.034
53700.14 18.148 0.046
53705.12 17.868 0.034
53710.05 17.627 0.043
53715.09 17.404 0.033
53718.06 17.468 0.022
53732.08 18.323 0.044
filter g
#
53682.04 17.034 0.007
53683.05 16.931 0.009
53684.09 16.857 0.009
53687.04 16.733 0.008
53689.12 16.758 0.010
53690.06 16.793 0.009
53694.10 16.985 0.009
53695.11 17.057 0.008
53698.07 17.304 0.006
53699.10 17.414 0.008
53702.10 17.742 0.009
53706.13 18.193 0.010
53716.10 19.102 0.043
53721.07 19.452 0.031
53726.09 19.597 0.023
53730.08 19.763 0.027
53738.03 19.858 0.076
53746.04 20.066 0.065
53750.04 20.173 0.115
53755.04 20.213 0.080
filter i
#
53682.04 17.416 0.011
53683.05 17.337 0.013
53684.09 17.333 0.014
53687.04 17.409 0.014
53689.12 17.492 0.017
53690.06 17.497 0.013
53694.10 17.769 0.015
53695.11 17.874 0.015
53698.07 18.170 0.017
53699.10 18.242 0.017
53702.10 18.313 0.013
53706.13 18.196 0.016
53716.10 18.145 0.021
53721.07 18.559 0.023
53726.09 18.918 0.027
53730.08 19.150 0.030
53738.03 19.458 0.033
53746.04 19.720 0.054
53750.04 19.941 0.087
filter r
#
53682.04 17.194 0.008
53683.05 17.103 0.011
53684.09 17.011 0.010
53687.04 16.907 0.012
53689.12 16.876 0.011
53690.06 16.896 0.011
53694.10 17.061 0.010
53695.11 17.136 0.008
53698.07 17.371 0.008
53699.10 17.437 0.008
53702.10 17.590 0.009
53706.13 17.666 0.009
53716.10 18.071 0.018
53721.07 18.477 0.016
53726.09 18.684 0.014
53730.08 18.881 0.018
53738.03 19.159 0.028
53746.04 19.425 0.031
53750.04 19.520 0.064
53755.04 19.706 0.046
filter u
#
53682.04 17.379 0.016
53683.05 17.288 0.014
53684.09 17.248 0.015
53687.04 17.309 0.019
53689.12 17.434 0.020
53690.06 17.541 0.021
53694.10 18.028 0.021
53695.11 18.095 0.020
53698.07 18.518 0.030
53699.10 18.751 0.032
53702.10 19.163 0.042
53706.13 19.658 0.063
53721.07 20.740 0.195
53726.09 20.639 0.171
53730.08 21.112 0.208
53738.03 21.618 0.253
