SN2007rx 0.030100 355.049080 27.420970
#SN2007rx 355.04908 27.42097 BATC_J234012.05+272512.23  -999 0.0301 0.001 Hicken_09a CBET_1157 ROTSE-III CBET_1157;ATEL_1321   Ia
# ['' 'B' 'H' 'J' 'Ks' 'V' "i'" "r'"]
# [''] on ['' 'PAIRITEL']
filter Bk
#
54456.17 16.908 0.066
54461.25 17.724 0.068
54462.18 17.752 0.036
54463.10 17.823 0.037
54465.12 18.006 0.044
54468.12 18.265 0.054
54470.15 18.403 0.042
54477.15 18.861 0.086
54479.09 18.932 0.102
54485.09 18.888 0.074
54486.13 19.047 0.269
filter H2m
# PAIRITEL
54457.14 16.860 0.180
54458.14 16.690 0.160
54459.13 16.560 0.060
54460.11 16.790 0.150
54462.13 16.680 0.170
filter J2m
# PAIRITEL
54457.14 17.120 0.090
54458.14 17.130 0.080
54459.13 17.100 0.070
54460.11 17.130 0.090
54462.13 17.170 0.060
filter Ks2m
# PAIRITEL
54457.14 16.670 0.070
54458.14 16.670 0.090
54459.13 16.600 0.120
54460.11 16.450 0.080
54462.13 16.570 0.100
filter Vk
#
54456.16 16.753 0.048
54457.12 16.833 0.021
54458.19 16.883 0.020
54461.24 17.053 0.029
54462.17 17.091 0.022
54463.10 17.099 0.021
54465.11 17.224 0.022
54468.11 17.413 0.028
54470.14 17.465 0.028
54477.15 17.833 0.032
54479.08 17.934 0.036
54485.08 18.186 0.058
54486.13 18.113 0.065
filter ik
#
54456.16 17.151 0.039
54457.12 17.138 0.026
54458.18 17.177 0.024
54461.24 17.230 0.025
54462.17 17.194 0.027
54463.09 17.204 0.023
54465.11 17.194 0.027
54468.11 17.223 0.024
54470.14 17.254 0.027
54477.14 17.413 0.023
54479.08 17.499 0.029
54485.08 17.699 0.032
54486.12 17.804 0.033
filter rk
#
54456.16 16.826 0.037
54457.12 16.799 0.020
54458.19 16.877 0.020
54461.24 16.908 0.019
54462.17 16.981 0.024
54463.10 17.012 0.019
54465.11 17.033 0.020
54468.11 17.140 0.021
54470.14 17.193 0.019
54477.14 17.506 0.023
54479.08 17.622 0.025
54485.08 17.831 0.030
54486.13 17.949 0.041
