SN2009an 0.009228 185.697150 65.851450
#SN2009an 185.69715 65.85145 NGC_4332 SB(s)a 0.009228 4e-06 NED_21-cm_or_Opt_Smallest_Error CBET_1707 Cortini+;_Paivinen CBET_1709;CBET_1710   Ia
# ['' 'B' 'CLEAR' 'H' 'I' 'J' 'Ks' 'R' 'U' 'UVM2' 'UVW1' 'UVW2' 'V' "i'"
 "r'" "u'"]
# ['' 'UVOT'] on ['' 'PAIRITEL' 'Swift' 'kait4' 'nickel2']
filter B4sh
#
54892.53 14.942 0.023
54894.51 14.688 0.024
54896.40 14.572 0.018
54898.23 14.567 0.020
54903.50 14.757 0.019
54905.33 14.965 0.016
54907.21 15.200 0.022
54909.41 15.496 0.023
54913.33 16.014 0.029
54914.33 16.122 0.029
54915.32 16.273 0.026
54918.37 16.624 0.028
54919.47 16.735 0.029
54920.25 16.821 0.024
54922.32 17.006 0.026
54934.16 17.672 0.036
54939.26 17.864 0.134
54945.24 17.874 0.034
54946.33 17.939 0.068
54950.25 17.940 0.027
filter B_UVOT
# Swift
54894.20 14.725 0.044
54896.34 14.562 0.042
54906.44 15.069 0.045
54911.42 15.687 0.050
54914.87 16.189 0.064
filter Bkait
# kait4
54897.46 14.937 0.119
54910.37 15.942 0.080
54914.38 16.276 0.217
54920.33 17.188 0.139
54923.35 17.416 0.126
54926.29 17.689 0.205
54938.33 18.157 0.137
54943.34 17.986 0.183
54948.27 18.108 0.130
54958.33 18.506 0.268
54963.30 18.052 0.265
54968.23 18.170 0.475
54973.23 18.642 0.161
54978.20 18.289 0.218
54983.24 18.626 0.255
54993.20 18.780 0.249
filter Bs
# nickel2
54902.10 14.698 0.131
54921.12 16.934 0.072
54970.99 18.414 0.136
54992.97 18.593 0.206
54998.96 18.585 0.158
55003.92 18.561 0.153
55014.92 19.161 0.166
#filter CLEAR
# kait4
#54902.43 14.596 0.078
#54918.35 15.225 0.113
#54925.30 15.857 0.125
#54942.29 16.663 0.137
#54966.27 17.390 0.312
#54973.23 17.570 0.240
filter H2m
# PAIRITEL
54891.23 15.180 0.030
54892.22 15.180 0.030
54893.22 15.080 0.040
54895.29 15.100 0.050
54898.21 15.260 0.050
54901.23 15.210 0.060
54902.21 15.300 0.050
54903.23 15.520 0.070
54905.26 15.520 0.080
54907.18 15.500 0.020
54908.18 15.470 0.090
54909.18 15.420 0.050
54910.18 15.410 0.100
54911.22 15.340 0.050
54913.17 15.300 0.090
54916.22 15.240 0.030
54918.19 15.230 0.050
54919.16 15.110 0.050
54920.20 15.200 0.030
54921.20 15.270 0.050
54922.18 15.240 0.020
54923.22 15.250 0.070
54924.25 15.350 0.010
54925.21 15.390 0.080
54926.19 15.430 0.050
54927.16 15.440 0.090
54930.24 15.810 0.080
54942.17 16.400 0.100
54944.11 16.780 0.190
filter Ikait
# kait4
54897.46 14.874 0.072
54914.38 15.281 0.091
54920.33 15.353 0.129
54923.35 15.303 0.084
54926.29 15.593 0.150
54938.33 16.322 0.166
54948.27 16.837 0.203
54958.33 17.288 0.483
54963.30 17.483 0.469
54968.23 17.702 0.450
54973.23 17.884 0.151
54978.20 17.996 0.170
54993.20 18.533 0.688
filter Is
# nickel2
54902.10 15.172 0.062
54921.12 15.380 0.062
54970.99 18.001 0.076
54998.96 18.742 0.608
55003.92 18.780 0.082
55014.92 18.967 0.108
filter J2m
# PAIRITEL
54891.23 15.110 0.030
54892.22 15.010 0.030
54893.22 14.910 0.020
54895.29 14.850 0.060
54898.21 15.100 0.030
54901.23 15.400 0.040
54902.21 15.500 0.060
54903.23 15.800 0.010
54904.19 15.850 0.030
54905.26 16.010 0.020
54906.18 16.150 0.020
54907.18 16.430 0.050
54908.18 16.470 0.050
54909.18 16.510 0.040
54910.18 16.580 0.040
54911.22 16.540 0.040
54913.17 16.520 0.050
54916.22 16.220 0.040
54918.19 16.120 0.020
54919.16 16.110 0.080
54920.20 16.130 0.030
54921.20 15.970 0.070
54922.18 15.890 0.030
54923.22 15.780 0.030
54924.25 15.830 0.040
54925.21 16.030 0.030
54926.19 16.040 0.080
54927.16 16.060 0.040
54930.24 16.400 0.050
54942.17 17.530 0.110
54944.11 17.640 0.140
filter Ks2m
# PAIRITEL
54891.23 15.150 0.080
54892.22 14.970 0.030
54893.22 15.080 0.120
54895.29 15.060 0.070
54898.21 15.150 0.080
54901.23 15.270 0.060
54902.21 15.200 0.170
54905.26 15.560 0.070
54906.18 15.470 0.180
54907.18 15.500 0.100
54908.18 15.390 0.080
54909.18 15.410 0.170
54911.22 15.280 0.050
54916.22 15.250 0.060
54918.19 15.220 0.090
54920.20 15.300 0.060
54921.20 15.340 0.080
54923.22 15.320 0.070
54924.25 15.400 0.130
54926.19 15.630 0.170
54929.27 16.040 0.310
54942.17 16.570 0.140
filter Rkait
# kait4
54897.46 14.670 0.106
54910.37 15.193 0.114
54920.33 15.391 0.087
54923.35 15.655 0.128
54926.29 15.855 0.126
54938.33 16.528 0.170
54943.34 16.675 0.158
54948.27 16.877 0.181
54958.33 17.192 0.313
54963.30 17.275 0.326
54968.23 17.535 0.122
54973.23 17.726 0.135
54978.20 17.896 0.167
54983.24 18.217 0.765
54993.20 18.425 0.465
filter Rs
# nickel2
54902.10 14.630 0.061
54921.12 15.406 0.057
54970.99 17.617 0.094
55003.92 18.567 0.234
55014.92 18.848 0.140
filter U_UVOT
# Swift
54894.20 14.546 0.049
54896.34 14.455 0.045
54906.44 15.413 0.056
54911.42 16.256 0.065
54914.87 16.726 0.084
filter UVM2
# Swift
54893.66 19.806 0.235
54896.34 19.156 0.125
54900.55 18.763 0.122
54902.23 19.037 0.165
54906.45 19.070 0.114
54911.43 19.436 0.122
54914.87 19.914 0.226
filter UVW1
# Swift
54893.66 16.387 0.072
54896.33 16.157 0.067
54899.03 16.274 0.124
54900.55 16.397 0.074
54902.23 16.504 0.084
54906.44 17.022 0.073
54911.42 17.613 0.078
54914.84 17.943 0.096
filter UVW2
# Swift
54893.67 18.008 0.090
54894.18 17.956 0.110
54896.34 17.853 0.091
54900.97 17.969 0.155
54902.24 18.123 0.097
54906.45 18.562 0.102
54911.43 18.974 0.109
54914.87 19.399 0.176
filter V4sh
#
54892.53 14.906 0.018
54894.51 14.674 0.018
54896.40 14.571 0.021
54898.23 14.502 0.017
54901.46 14.505 0.019
54902.34 14.524 0.017
54903.50 14.567 0.015
54905.33 14.652 0.018
54907.20 14.769 0.016
54909.41 14.930 0.018
54913.32 15.197 0.015
54914.32 15.252 0.015
54915.32 15.301 0.017
54918.36 15.500 0.016
54919.47 15.549 0.018
54920.25 15.602 0.016
54922.31 15.767 0.017
54934.16 16.516 0.020
54945.24 16.861 0.019
54946.32 16.905 0.026
54950.25 17.017 0.022
filter V_UVOT
# Swift
54894.16 14.803 0.062
54896.34 14.559 0.052
54906.45 14.659 0.053
54911.43 15.021 0.056
54914.87 15.283 0.065
filter Vkait
# kait4
54897.46 14.407 0.102
54910.37 15.066 0.093
54914.38 15.284 0.157
54920.33 15.680 0.077
54923.35 15.906 0.082
54926.29 16.161 0.097
54938.33 16.658 0.122
54943.34 16.950 0.136
54948.27 16.941 0.116
54958.33 17.248 0.307
54963.30 17.433 0.232
54968.23 17.579 0.183
54973.23 17.742 0.194
54978.20 17.842 0.202
54983.24 17.873 0.360
54993.20 18.189 0.308
filter Vs
# nickel2
54902.10 14.659 0.055
54921.12 16.016 0.054
54970.99 17.933 0.763
54992.97 18.334 0.072
54998.96 18.592 0.220
55003.92 18.418 0.133
55014.92 18.608 0.155
filter ik
#
54892.53 15.230 0.025
54894.50 15.066 0.018
54898.23 15.121 0.020
54901.45 15.188 0.018
54902.34 15.232 0.018
54903.50 15.316 0.018
54905.32 15.491 0.020
54907.20 15.687 0.021
54909.40 15.800 0.019
54913.32 15.767 0.015
54914.32 15.734 0.015
54915.31 15.707 0.020
54918.36 15.628 0.017
54919.44 15.614 0.020
54920.24 15.602 0.018
54922.30 15.617 0.018
54934.15 16.496 0.024
54945.23 17.017 0.028
54946.30 17.124 0.057
54950.24 17.229 0.030
filter rk
#
54892.53 14.877 0.020
54894.50 14.678 0.016
54898.23 14.519 0.018
54901.45 14.528 0.019
54902.34 14.568 0.026
54903.50 14.615 0.016
54905.32 14.747 0.017
54907.20 14.906 0.017
54909.40 15.057 0.018
54913.32 15.182 0.014
54914.32 15.215 0.018
54915.32 15.218 0.018
54918.36 15.273 0.016
54919.46 15.320 0.017
54920.24 15.343 0.016
54922.29 15.463 0.020
54934.16 16.305 0.022
54945.24 16.731 0.019
54946.29 16.834 0.048
54950.25 16.895 0.028
filter uk
#
54892.54 15.651 0.034
54909.41 16.683 0.033
54915.33 17.559 0.089
54920.26 18.029 0.117
