SN2006gr 0.034597 338.094450 30.828710
#SN2006gr 338.09445 30.82871 UGC_12071   SBb 0.034597 3e-05 NED_Host_Galaxy_Name CBET_638;IAUC_8754 LOSS CBET_642;IAUC_8754   Ia
# ['' 'B' 'H' 'I' 'J' 'Ks' 'R' 'U' 'V']
# [''] on ['' 'PAIRITEL' 'kait3']
filter Bs
#
54001.83 18.113 0.026
54005.88 17.527 0.018
54006.65 17.441 0.025
54008.74 17.333 0.019
54010.65 17.315 0.019
54017.80 17.461 0.030
54018.70 17.534 0.021
54018.74 17.528 0.018
54019.79 17.588 0.025
54020.65 17.659 0.019
54020.67 17.670 0.018
54039.73 19.277 0.070
54041.63 19.481 0.203
54053.61 19.997 0.066
54054.72 20.156 0.101
54055.72 19.971 0.060
54062.69 20.277 0.109
54065.66 20.268 0.109
filter Bkait
# kait3
54000.34 18.472 0.090
54002.28 18.075 0.028
54004.20 17.735 0.022
54006.22 17.486 0.022
54008.29 17.323 0.014
54016.25 17.392 0.044
54018.21 17.448 0.026
54020.23 17.551 0.029
54022.21 17.675 0.027
54024.18 17.951 0.023
54026.23 18.068 0.032
54028.16 18.267 0.024
54030.17 18.448 0.034
54033.18 18.739 0.058
54036.18 18.943 0.061
54039.14 19.378 0.123
54043.22 19.361 0.206
54046.15 19.565 0.162
filter H2m
# PAIRITEL
54003.19 17.330 0.160
54005.20 16.950 0.180
54006.20 16.820 0.250
54007.19 16.610 0.180
54010.24 16.830 0.160
filter Ikait
# kait3
54000.34 18.283 0.132
54002.28 17.820 0.053
54004.20 17.444 0.029
54006.22 17.254 0.031
54008.29 17.250 0.043
54016.25 17.370 0.047
54018.21 17.528 0.081
54020.23 17.552 0.085
54022.21 17.645 0.041
54024.18 17.905 0.047
54026.23 17.958 0.086
54028.16 18.150 0.057
54030.17 18.018 0.058
54033.18 17.989 0.051
54036.18 17.915 0.076
54039.14 17.809 0.056
54043.22 17.765 0.075
54046.15 17.677 0.092
filter J2m
# PAIRITEL
54003.19 18.100 0.180
54004.20 17.810 0.060
54005.20 17.480 0.040
54006.20 17.410 0.100
54007.19 17.380 0.170
54008.19 17.300 0.250
54010.24 17.430 0.060
filter Ks2m
# PAIRITEL
54004.20 16.430 0.180
54010.24 16.430 0.160
filter Rkait
# kait3
54000.34 18.316 0.077
54002.28 17.844 0.029
54004.20 17.483 0.032
54006.22 17.257 0.018
54008.29 17.087 0.020
54016.25 16.840 0.019
54018.21 16.965 0.023
54020.23 17.025 0.017
54022.21 17.132 0.027
54024.18 17.375 0.024
54026.23 17.427 0.021
54028.16 17.628 0.026
54030.17 17.671 0.026
54033.18 17.729 0.048
54036.18 17.700 0.027
54039.14 17.798 0.025
54043.22 17.710 0.033
54046.15 17.865 0.063
filter Us
#
54001.84 18.052 0.055
54001.84 18.095 0.052
54005.89 17.374 0.050
54005.89 17.353 0.050
54006.65 17.273 0.055
54008.74 17.185 0.039
54008.75 17.213 0.043
54010.66 17.236 0.072
54011.66 17.239 0.076
54011.66 17.300 0.071
54015.73 17.520 0.115
54015.75 17.564 0.143
54017.81 17.944 0.112
54019.79 18.088 0.121
54019.79 18.040 0.122
54020.65 17.980 0.056
54020.68 17.968 0.044
filter Vs
#
54001.83 18.064 0.021
54005.88 17.444 0.017
54006.64 17.378 0.017
54008.74 17.205 0.014
54010.65 17.151 0.020
54011.65 17.137 0.023
54015.72 17.123 0.022
54015.74 17.160 0.019
54017.80 17.172 0.022
54018.70 17.191 0.015
54018.74 17.196 0.015
54019.78 17.241 0.018
54020.64 17.276 0.013
54020.67 17.268 0.015
54039.72 18.331 0.030
54041.63 18.290 0.036
54044.61 18.493 0.076
54053.60 19.079 0.033
54054.72 19.131 0.038
54055.72 19.168 0.039
54062.69 19.376 0.048
54065.66 19.472 0.047
54071.66 19.507 0.116
54074.58 19.731 0.073
54075.59 19.728 0.078
54079.58 19.828 0.064
54080.57 19.941 0.085
54094.57 20.209 0.110
54100.60 20.251 0.142
54101.62 20.168 0.123
filter Vkait
# kait3
54000.34 18.486 0.076
54002.28 18.043 0.034
54004.20 17.724 0.027
54006.22 17.460 0.014
54008.29 17.294 0.012
54016.25 17.112 0.033
54018.21 17.187 0.013
54020.23 17.237 0.020
54022.21 17.301 0.018
54024.18 17.508 0.026
54026.23 17.567 0.018
54028.16 17.730 0.021
54030.17 17.786 0.024
54033.18 17.982 0.037
54036.18 18.034 0.035
54039.14 18.212 0.038
54043.22 18.305 0.072
54046.15 18.497 0.109
