SN2007if 0.074500 17.714210 15.461030
#SN2007if 17.71421 15.46103 J011051.37+152739  -999 0.0745 0.00015 Childress+11 CBET_1059 ROTSE-III CBET_1059  Iap
# ['' 'B' 'CLEAR' 'H' 'I' 'J' 'Ks' 'R' 'V' 'Y' 'g' 'i' "i'" 'r' "r'" 'u']
# [''] on ['' 'PAIRITEL' 'kait4' 'nickel1']
filter B
#
54356.35 18.049 0.053
54357.26 18.039 0.012
54357.37 18.074 0.031
54359.23 18.248 0.017
54361.45 18.444 0.035
54362.23 18.538 0.015
54363.17 18.645 0.016
54363.29 18.721 0.090
54364.17 18.712 0.025
54366.25 18.975 0.077
54368.21 19.043 0.092
54376.14 19.965 0.035
54377.32 19.970 0.089
54379.35 20.350 0.150
54380.17 20.120 0.029
54383.30 20.211 0.111
54386.17 20.303 0.022
54392.22 20.462 0.059
54394.26 20.783 0.320
54403.20 20.646 0.116
54404.32 20.761 0.285
54406.23 20.921 0.164
54407.33 20.719 0.140
54408.21 20.967 0.161
54409.15 20.735 0.054
54411.18 20.939 0.290
54412.29 20.805 0.150
54415.30 20.787 0.200
54419.19 20.849 0.168
54421.13 20.815 0.075
54433.21 20.695 0.314
54435.08 21.122 0.068
54439.13 21.534 0.427
54440.29 21.041 0.334
54443.08 21.232 0.049
54448.17 21.646 0.325
filter Bk
# nickel1
54358.10 18.153 0.027
54380.15 20.125 0.095
54391.11 20.482 0.089
54414.06 20.771 0.164
54422.03 20.911 0.527
54429.93 20.847 0.373
54448.92 21.288 0.339
#filter Ckait
# kait4
#54355.46 17.365 0.017
#54357.52 17.436 0.016
#54358.44 17.452 0.017
#54359.48 17.539 0.015
#54360.42 17.574 0.015
#54361.39 17.587 0.014
#54362.38 17.658 0.019
#54367.41 17.842 0.033
#54369.33 17.952 0.057
#54376.38 18.228 0.028
#54379.39 18.315 0.035
#54381.42 18.359 0.035
#54384.33 18.435 0.029
#54387.41 18.521 0.035
#54391.41 18.616 0.133
#54395.28 18.848 0.083
#54402.31 18.844 0.108
#54406.38 19.056 0.084
#54410.34 19.304 0.069
#54414.39 19.406 0.111
#54418.37 19.436 0.112
#54422.36 19.486 0.153
#54432.29 19.640 0.380
#54439.33 20.086 0.235
#54448.24 20.035 0.266
#54465.25 20.282 0.398
filter H
#
54355.25 17.936 0.126
54363.17 18.091 0.035
54365.19 18.098 0.044
54367.25 18.006 0.048
54379.20 18.051 0.203
filter H2m
# PAIRITEL
54356.41 17.660 0.250
54363.37 17.800 0.250
54368.35 17.700 0.250
54381.34 17.860 0.320
54388.23 18.070 0.180
54389.29 18.430 0.300
54392.27 18.460 0.190
54401.24 18.630 0.180
54403.26 18.710 0.170
#filter Ik
# nickel1
#54358.10 17.568 0.020
#54380.15 17.913 0.031
#54391.11 18.244 0.058
#54414.06 18.953 0.214
#54422.03 19.385 0.068
#54429.93 19.581 0.110
#54448.92 19.514 0.484
filter J
#
54355.25 17.989 0.049
54363.17 18.316 0.020
54365.19 18.310 0.020
54367.25 18.271 0.027
54369.21 18.371 0.068
54423.15 19.822 0.078
54434.14 19.956 0.126
filter J2m
# PAIRITEL
54356.41 17.960 0.070
54369.36 18.140 0.250
54370.29 18.080 0.280
54380.30 18.030 0.150
54381.34 17.990 0.120
54384.27 18.090 0.050
54387.25 18.220 0.070
54388.23 18.180 0.100
54389.29 18.230 0.090
54391.26 18.310 0.080
54393.26 18.350 0.150
54401.24 18.630 0.180
54402.24 18.720 0.200
54403.26 18.660 0.180
filter Ks2m
# PAIRITEL
54356.41 18.180 0.180
54369.36 17.710 0.290
#filter Rk
# nickel1
#54358.10 17.422 0.016
#54380.15 18.115 0.025
#54391.11 18.467 0.048
#54414.06 19.271 0.089
#54422.03 19.443 0.032
#54429.93 19.498 0.074
filter V
#
54356.35 17.503 0.037
54357.26 17.581 0.009
54357.36 17.548 0.033
54359.23 17.658 0.011
54361.44 17.722 0.025
54362.23 17.826 0.010
54363.28 17.819 0.038
54364.17 17.945 0.014
54368.21 18.204 0.039
54369.26 18.313 0.097
54376.14 18.759 0.013
54377.31 18.638 0.055
54379.35 18.707 0.077
54380.17 18.937 0.016
54383.29 18.909 0.073
54386.17 19.144 0.009
54392.22 19.295 0.021
54394.25 19.138 0.090
54395.21 19.281 0.050
54395.34 19.213 0.134
54401.40 19.530 0.195
54402.29 19.260 0.134
54403.20 19.621 0.043
54403.39 19.202 0.103
54404.32 19.440 0.122
54405.38 19.594 0.118
54406.22 19.457 0.125
54407.32 19.384 0.072
54408.20 19.475 0.103
54409.15 19.725 0.027
54411.18 19.572 0.090
54412.29 19.544 0.092
54415.29 19.768 0.123
54419.18 19.776 0.140
54421.13 19.876 0.039
54428.11 20.064 0.178
54433.20 19.930 0.146
54435.08 20.128 0.032
54439.13 20.145 0.231
54440.29 19.956 0.123
54443.08 20.277 0.029
54448.17 20.050 0.206
filter Vk
# nickel1
54358.10 17.612 0.013
54380.15 18.780 0.029
54391.11 19.215 0.028
54414.06 19.756 0.084
54422.03 19.836 0.049
54429.93 19.965 0.104
54448.92 20.208 0.107
filter Y
#
54355.25 17.768 0.053
54363.17 17.841 0.013
54365.19 17.821 0.011
54367.25 17.787 0.010
54369.21 17.672 0.046
54379.20 17.694 0.023
54423.15 18.806 0.041
54434.14 19.145 0.050
filter g
#
54357.26 17.782 0.007
54359.23 17.912 0.009
54362.23 18.171 0.009
54363.17 18.254 0.009
54364.17 18.337 0.013
54368.21 18.634 0.070
54376.14 19.288 0.012
54380.17 19.495 0.015
54386.17 19.729 0.009
54392.22 19.829 0.028
54395.21 19.858 0.065
54403.20 20.112 0.054
54409.15 20.246 0.026
54421.13 20.375 0.042
54428.11 20.706 0.230
54435.08 20.581 0.025
54443.08 20.731 0.027
filter i
#
54357.26 17.840 0.010
54359.23 17.879 0.013
54362.23 17.963 0.012
54364.17 17.984 0.012
54368.21 17.997 0.027
54376.14 18.238 0.010
54380.17 18.313 0.013
54386.17 18.519 0.008
54392.22 18.727 0.021
54395.21 18.790 0.028
54403.20 19.124 0.034
54409.15 19.440 0.029
54421.13 19.766 0.037
54428.11 19.857 0.105
54435.08 20.168 0.057
54443.08 20.503 0.055
filter ik
#
54356.34 17.794 0.032
54357.36 17.828 0.036
54361.44 17.940 0.035
54363.27 17.938 0.039
54369.26 18.036 0.086
54377.31 18.189 0.049
54379.34 18.195 0.045
54383.31 18.453 0.060
54394.25 18.621 0.070
54401.39 18.712 0.104
54402.28 19.131 0.094
54403.39 19.084 0.094
54404.31 19.127 0.086
54405.38 18.991 0.085
54406.22 19.075 0.098
54407.32 19.210 0.095
54408.19 19.186 0.123
54411.17 19.305 0.104
54412.28 19.392 0.157
54415.29 19.364 0.125
54419.18 19.509 0.137
54429.14 19.972 0.210
54431.24 20.055 0.331
54433.20 20.081 0.291
54439.12 20.288 0.237
54440.28 20.274 0.220
54448.16 20.067 0.212
filter r
#
54357.26 17.503 0.007
54359.23 17.568 0.009
54362.23 17.675 0.008
54364.17 17.755 0.009
54368.21 17.952 0.030
54376.14 18.294 0.008
54380.17 18.436 0.012
54386.17 18.646 0.005
54392.22 18.825 0.013
54395.21 18.956 0.028
54403.20 19.160 0.027
54409.15 19.311 0.018
54421.13 19.616 0.026
54428.11 19.649 0.076
54435.08 19.944 0.023
54443.08 20.137 0.021
filter rk
#
54356.35 17.480 0.029
54357.36 17.500 0.022
54361.44 17.631 0.034
54363.28 17.699 0.033
54368.20 17.835 0.046
54377.31 18.267 0.033
54379.34 18.360 0.056
54383.32 18.483 0.054
54394.25 18.831 0.062
54395.33 18.855 0.083
54402.29 19.186 0.093
54403.39 19.211 0.096
54404.31 19.176 0.089
54405.38 19.137 0.102
54406.22 19.158 0.112
54407.32 19.193 0.113
54408.20 19.297 0.112
54411.17 19.249 0.096
54412.28 19.232 0.126
54415.29 19.353 0.115
54419.18 19.368 0.124
54429.15 19.347 0.132
54431.24 19.245 0.124
54433.20 19.709 0.155
54439.12 19.795 0.212
54448.17 19.852 0.193
filter u
#
54359.23 19.519 0.095
54362.23 20.038 0.080
54363.17 20.105 0.078
54376.14 21.132 0.166
54380.17 21.614 0.178
54386.17 22.111 0.232
