SN2005cf 0.006461 230.389060 -7.448740
#SN2005cf 230.38906 -7.44874 MCG_-01-39-3 S0_pec 0.006461 3.7e-05 NED_Host_Galaxy_Name CBET_158 LOSS IAUC_8534   Ia
# ['B' 'H' 'I' 'J' "K'" 'Ks' 'R' 'U' 'UVM2' 'UVW1' 'UVW2' 'V']
# ['' 'AFOSC' 'ALFOSC' 'CAFOS' 'DOLORES' 'HFOSC' 'MEROPE' 'NICS'
 'Omega-Cass' 'UVOT' 'WFI' 'imager'] on ['' '1.2m Mercator' '1.82m Copernico' '2.2m Calar Alto' '2.2m ESO/MPI'
 '2.3m SSO' '2.5m Nordic Optical Telescope' '2m Himalayan Chandra'
 '3.5m Telescopio Nazionale Galileo' 'Calar Alto 3.5m' 'PAIRITEL' 'SSO 40'
 'Swift' 'Telescopio Nazionale Galileo 3.5m' 'kait3' 'nickel']
filter B_UVOT
# Swift
53525.05 14.290 0.042
53526.06 14.153 0.042
53527.06 13.921 0.041
53530.27 13.666 0.040
53531.48 13.638 0.040
53547.77 14.643 0.045
53550.02 14.889 0.046
53563.83 16.099 0.071
53574.67 16.656 0.059
filter Bkait
# kait3
53521.27 15.595 0.011
53522.37 15.126 0.010
53523.37 14.783 0.010
53524.35 14.523 0.010
53527.35 13.989 0.010
53528.34 13.878 0.010
53531.33 13.681 0.010
53532.36 13.671 0.010
53533.34 13.640 0.010
53534.33 13.662 0.010
53535.33 13.647 0.010
53536.33 13.677 0.010
53542.22 14.088 0.010
53543.32 14.195 0.010
53544.29 14.260 0.010
53545.31 14.369 0.010
53546.24 14.438 0.010
53547.32 14.558 0.010
53548.28 14.652 0.010
53549.29 14.776 0.010
53550.28 14.870 0.010
53551.22 14.974 0.010
53553.23 15.179 0.010
53555.26 15.400 0.010
53557.23 15.588 0.011
53559.20 15.746 0.010
53561.22 15.911 0.010
53563.22 16.085 0.010
53565.20 16.202 0.010
53570.19 16.472 0.025
53572.20 16.613 0.035
53574.20 16.657 0.020
53576.22 16.720 0.016
53578.19 16.722 0.017
53580.19 16.765 0.026
53582.19 16.827 0.025
53584.19 16.842 0.021
53586.18 16.870 0.017
53588.19 16.905 0.027
53590.18 16.956 0.025
53592.18 17.007 0.025
53596.18 17.051 0.063
53599.17 17.066 0.056
53602.16 17.098 0.041
53605.16 17.227 0.019
53608.16 17.238 0.039
53611.16 17.210 0.027
53614.15 17.280 0.038
53617.15 17.266 0.034
53618.15 17.457 0.042
53621.15 17.490 0.028
53624.14 17.393 0.078
filter Bs
# nickel
53524.29 14.520 0.010
53525.25 14.320 0.010
53559.26 15.754 0.010
filter H2m
# PAIRITEL
53522.24 14.680 0.020
53523.25 14.500 0.030
53524.24 14.310 0.030
53532.23 13.960 0.020
53534.23 14.040 0.040
53535.22 14.140 0.010
53536.21 14.160 0.030
53539.21 14.180 0.060
53551.16 14.000 0.060
53553.17 13.960 0.060
53554.17 14.080 0.030
53555.28 14.000 0.060
53556.17 14.060 0.020
53557.15 14.010 0.080
53558.15 14.000 0.090
53560.16 14.030 0.020
53563.15 14.090 0.020
filter Ikait
# kait3
53521.27 15.327 0.010
53522.37 14.923 0.011
53523.37 14.626 0.010
53524.35 14.377 0.010
53527.35 13.879 0.010
53528.34 13.808 0.010
53531.33 13.732 0.010
53532.36 13.735 0.010
53533.34 13.751 0.010
53534.33 13.770 0.010
53536.33 13.833 0.010
53537.32 13.888 0.011
53542.22 14.131 0.016
53543.32 14.170 0.010
53544.29 14.246 0.010
53545.31 14.276 0.010
53546.24 14.332 0.010
53547.32 14.348 0.010
53548.28 14.348 0.010
53549.29 14.355 0.010
53550.28 14.346 0.010
53551.22 14.326 0.010
53553.23 14.285 0.010
53555.26 14.268 0.010
53557.23 14.216 0.010
53559.20 14.195 0.010
53561.22 14.173 0.010
53563.22 14.183 0.010
53565.20 14.254 0.010
53570.19 14.590 0.010
53572.20 14.605 0.036
53574.20 14.850 0.010
53576.22 14.951 0.010
53578.19 15.073 0.010
53580.19 15.144 0.010
53582.19 15.247 0.010
53584.19 15.337 0.014
53586.18 15.433 0.010
53588.19 15.536 0.013
53590.18 15.611 0.017
53592.18 15.689 0.017
53599.17 15.952 0.024
53602.16 16.147 0.038
53605.16 16.249 0.024
53608.16 16.424 0.037
53611.16 16.473 0.028
53614.15 16.500 0.043
53617.15 16.692 0.037
53618.15 16.782 0.045
53621.15 16.956 0.062
53624.14 16.979 0.048
filter J2m
# PAIRITEL
53522.24 14.710 0.020
53523.25 14.480 0.020
53524.24 14.240 0.030
53532.23 13.830 0.040
53534.23 14.030 0.040
53535.22 13.990 0.010
53536.21 14.070 0.010
53539.21 14.340 0.020
53551.16 15.340 0.030
53553.17 15.310 0.030
53554.17 15.310 0.020
53555.28 15.270 0.020
53556.17 15.230 0.020
53557.15 15.140 0.020
53558.15 15.160 0.040
53560.16 14.950 0.030
53563.15 14.810 0.020
filter J
## Telescopio Nazionale Galileo 3.5m
53524.99 14.130 0.020
53537.95 14.150 0.030
53565.95 14.930 0.020
53575.97 15.600 0.030
filter K
## Telescopio Nazionale Galileo 3.5m
53524.99 14.170 0.030
53537.95 13.970 0.030
53550.98 14.260 0.030
53565.95 14.400 0.030
53575.97 15.070 0.030
filter Ks2m
# PAIRITEL
53522.24 14.810 0.020
53524.24 14.330 0.020
53532.23 13.980 0.020
53534.23 13.970 0.020
53535.22 14.070 0.030
53536.21 14.060 0.020
53539.21 14.140 0.030
53551.16 14.250 0.020
53553.17 14.160 0.020
53555.28 14.160 0.020
53556.17 14.140 0.020
53557.15 14.080 0.010
53558.15 14.090 0.020
53560.16 14.110 0.020
53563.15 14.210 0.020
filter Rkait
# kait3
53521.27 15.212 0.010
53522.37 14.793 0.010
53523.37 14.524 0.010
53524.35 14.283 0.010
53527.35 13.764 0.010
53528.34 13.676 0.010
53531.33 13.542 0.010
53532.36 13.535 0.010
53533.34 13.483 0.010
53534.33 13.486 0.010
53535.33 13.442 0.010
53536.33 13.465 0.010
53537.32 13.502 0.010
53542.22 13.752 0.011
53543.32 13.810 0.010
53544.29 13.888 0.010
53545.31 13.953 0.010
53546.24 14.019 0.010
53547.32 14.052 0.010
53548.28 14.086 0.010
53549.29 14.142 0.010
53550.28 14.174 0.010
53551.22 14.182 0.010
53553.23 14.223 0.010
53555.26 14.283 0.010
53557.23 14.300 0.010
53559.20 14.339 0.010
53561.22 14.416 0.010
53563.22 14.500 0.010
53565.20 14.617 0.010
53570.19 14.985 0.010
53572.20 15.058 0.010
53574.20 15.187 0.010
53576.22 15.262 0.010
53578.19 15.344 0.010
53580.19 15.408 0.010
53582.19 15.464 0.010
53584.19 15.543 0.010
53586.18 15.624 0.011
53588.19 15.699 0.010
53590.18 15.760 0.017
53592.18 15.807 0.013
53596.18 15.890 0.053
53599.17 16.016 0.017
53602.16 16.130 0.015
53605.16 16.202 0.015
53608.16 16.315 0.021
53611.16 16.395 0.020
53614.15 16.476 0.027
53617.15 16.610 0.022
53618.15 16.587 0.023
53621.15 16.732 0.031
53624.14 16.742 0.031
filter Rs
# nickel
53524.29 14.314 0.010
53525.25 14.157 0.010
53559.26 14.388 0.010
filter Unot
# 2.5m Nordic Optical Telescope
53523.94 14.443 0.198
53523.94 14.641 0.044
53529.88 13.399 0.050
53529.88 13.449 0.044
53533.00 13.320 0.067
53533.00 13.386 0.044
53545.93 14.420 0.163
53545.93 14.583 0.044
53558.99 16.059 0.166
53558.99 16.225 0.044
53582.91 16.996 0.182
53582.91 17.178 0.044
53597.88 17.275 0.187
53597.88 17.462 0.045
53612.87 17.576 0.183
53612.87 17.759 0.045
filter U_UVOT
# Swift
53525.05 14.447 0.047
53526.06 14.063 0.044
53527.06 13.805 0.042
53530.27 13.450 0.041
53531.48 13.389 0.041
53547.77 15.051 0.055
53550.02 15.366 0.064
53563.83 16.665 0.091
53574.67 17.248 0.072
filter UVM2
# Swift
53527.05 19.614 0.343
53530.27 19.323 0.276
53531.47 18.357 0.171
53532.55 18.500 0.166
53537.76 18.366 0.163
53547.76 18.687 0.191
53550.01 18.887 0.243
filter UVW1
# Swift
53525.05 16.307 0.086
53526.05 15.856 0.077
53527.06 15.547 0.073
53530.27 15.061 0.068
53531.47 15.058 0.068
53532.55 15.093 0.068
53537.76 15.338 0.071
53547.77 16.593 0.085
53550.02 16.882 0.100
53563.83 18.134 0.166
53575.47 18.515 0.121
filter UVW2
# Swift
53525.04 17.799 0.114
53526.05 17.539 0.104
53527.05 17.365 0.100
53530.26 16.961 0.090
53531.47 16.889 0.090
53532.54 16.876 0.087
53537.75 17.158 0.092
53547.76 18.116 0.116
53550.01 18.243 0.133
53563.82 19.481 0.230
53575.46 19.842 0.209
filter Vnot
# 2.5m Nordic Optical Telescope
53523.94 14.507 0.009
53523.94 14.514 0.007
53529.88 13.698 0.008
53529.88 13.710 0.012
53530.98 13.617 0.011
53530.98 13.629 0.013
53533.00 13.580 0.009
53533.00 13.592 0.012
53545.93 13.937 0.003
53545.93 13.940 0.012
53558.99 14.593 0.021
53558.99 14.614 0.008
53582.91 15.755 0.016
53582.91 15.771 0.008
53597.88 16.172 0.014
53597.88 16.186 0.009
53612.87 16.519 0.008
53612.87 16.527 0.011
filter V_UVOT
# Swift
53525.04 14.321 0.052
53526.05 14.113 0.049
53527.05 13.984 0.048
53530.27 13.660 0.044
53531.47 13.621 0.044
53532.55 13.575 0.044
53537.76 13.552 0.044
53547.76 14.032 0.048
53550.01 14.170 0.050
53563.82 14.890 0.065
53574.66 15.547 0.057
filter Vkait
# kait3
53521.27 15.279 0.010
53522.37 14.931 0.010
53523.37 14.650 0.010
53524.35 14.419 0.010
53527.35 13.938 0.010
53528.34 13.826 0.010
53531.33 13.636 0.010
53532.36 13.590 0.010
53533.34 13.560 0.010
53534.33 13.541 0.010
53536.33 13.549 0.010
53537.32 13.564 0.010
53542.22 13.743 0.010
53543.32 13.804 0.010
53544.29 13.865 0.010
53545.31 13.898 0.010
53546.24 13.962 0.010
53547.32 14.034 0.010
53548.28 14.072 0.010
53549.29 14.138 0.010
53550.28 14.191 0.010
53551.22 14.238 0.010
53553.23 14.347 0.010
53555.26 14.469 0.010
53557.23 14.558 0.010
53559.20 14.678 0.010
53561.22 14.784 0.010
53563.22 14.895 0.010
53565.20 15.005 0.010
53570.19 15.357 0.010
53572.20 15.409 0.015
53574.20 15.520 0.010
53576.22 15.608 0.010
53578.19 15.641 0.010
53580.19 15.701 0.010
53582.19 15.739 0.012
53584.19 15.830 0.013
53586.18 15.883 0.012
53588.19 15.942 0.012
53590.18 15.969 0.011
53592.18 16.006 0.013
53596.18 16.141 0.052
53599.17 16.197 0.010
53602.16 16.292 0.023
53605.16 16.352 0.020
53608.16 16.464 0.019
53611.16 16.501 0.019
53614.15 16.589 0.028
53617.15 16.685 0.025
53618.15 16.683 0.029
53621.15 16.721 0.029
53624.14 16.850 0.028
filter Vs
# nickel
53524.29 14.469 0.010
53525.25 14.314 0.010
53559.26 14.750 0.010
