SN2009Y 0.009316 220.598650 -17.246750
#SN2009Y 220.59865 -17.24675 NGC_5728 (R$_1$)SAB(r)a 0.009316 2.6e-05 NED_21-cm_or_Opt_Smallest_Error CBET_1684 PASS;_LOSS CBET_1688   Ia
# ['B' 'H' 'J' 'Ks' 'U' 'UVM2' 'UVW1' 'UVW2' 'V' "i'" "r'" "u'"]
# ['' 'UVOT'] on ['' 'PAIRITEL' 'Swift']
filter B4sh
#
54873.53 14.404 0.031
54881.39 14.558 0.024
54882.52 14.605 0.019
54883.46 14.679 0.025
54888.53 15.165 0.024
54890.48 15.360 0.021
54893.52 15.698 0.024
54894.48 15.803 0.021
54908.38 16.942 0.034
54909.44 17.008 0.027
54913.43 17.184 0.031
54914.43 17.161 0.032
54915.44 17.217 0.044
54917.49 17.283 0.031
54919.45 17.279 0.048
54920.41 17.315 0.036
54922.38 17.289 0.033
54939.36 17.541 0.056
54945.40 17.555 0.047
54948.33 17.569 0.046
54950.34 17.591 0.057
filter B_UVOT
# Swift
54867.89 15.055 0.052
54871.75 14.637 0.047
54873.75 14.477 0.047
54875.62 14.436 0.046
54879.89 14.547 0.046
54882.77 14.718 0.047
54884.47 14.872 0.050
54889.56 15.448 0.060
54893.14 15.788 0.062
54897.69 16.221 0.075
54901.41 16.695 0.080
54909.60 17.267 0.103
54918.49 17.387 0.113
filter H2m
# PAIRITEL
54873.49 16.930 0.250
54875.48 17.340 0.250
54879.45 17.380 0.300
54881.47 17.790 0.250
54884.47 17.970 0.180
54888.44 17.710 0.260
54893.43 17.340 0.250
54897.55 17.640 0.180
54903.44 17.650 0.290
54906.44 17.760 0.360
54911.47 17.750 0.170
54913.52 17.740 0.340
54915.48 17.950 0.330
54916.41 17.930 0.300
54918.45 17.960 0.370
filter J2m
# PAIRITEL
54873.49 16.520 0.220
54875.48 17.310 0.220
54880.45 18.270 0.250
54881.47 18.590 0.320
54889.45 19.390 0.300
54901.44 18.800 0.280
54906.44 18.390 0.270
54908.45 18.390 0.300
54918.45 18.490 0.290
54920.50 18.550 0.300
54923.46 18.850 0.350
filter Ks2m
# PAIRITEL
54876.47 16.980 0.250
54915.48 17.150 0.180
54918.45 17.280 0.170
filter U_UVOT
# Swift
54867.89 14.758 0.050
54871.75 14.255 0.046
54873.75 14.243 0.046
54875.62 14.323 0.047
54879.89 14.738 0.051
54882.76 14.977 0.053
54884.47 15.183 0.057
54889.56 15.870 0.067
54893.14 16.329 0.070
54897.69 16.928 0.100
54901.41 17.187 0.091
54909.60 17.840 0.118
54918.49 18.062 0.145
filter UVM2
# Swift
54870.40 19.751 0.297
54871.75 19.146 0.242
54872.55 19.380 0.220
54874.81 18.872 0.188
54879.89 18.855 0.199
54880.48 18.960 0.154
54881.15 18.527 0.186
54882.77 18.961 0.188
54884.48 19.187 0.211
filter UVW1
# Swift
54867.89 16.598 0.076
54869.61 16.200 0.070
54870.40 16.087 0.067
54871.75 15.992 0.071
54872.55 15.913 0.066
54874.82 15.862 0.068
54879.89 16.327 0.075
54882.76 16.655 0.076
54884.47 16.792 0.075
54889.56 17.354 0.095
54893.14 17.955 0.117
54897.69 18.163 0.173
54901.41 18.610 0.185
54909.60 19.021 0.232
54918.49 19.409 0.331
filter UVW2
# Swift
54867.89 18.353 0.108
54869.62 17.801 0.101
54870.42 17.821 0.098
54871.75 17.735 0.098
54872.57 17.688 0.090
54873.87 17.535 0.103
54875.17 17.607 0.086
54879.89 18.012 0.105
54880.50 17.888 0.094
54881.13 18.012 0.134
54882.77 18.164 0.101
54884.48 18.269 0.099
54889.56 18.780 0.128
54893.14 19.323 0.150
54897.69 19.447 0.235
54901.41 19.960 0.251
54909.61 20.217 0.259
54918.50 20.370 0.316
filter V4sh
#
54873.52 14.269 0.020
54881.39 14.155 0.017
54882.52 14.197 0.021
54883.45 14.234 0.020
54888.53 14.550 0.020
54890.47 14.663 0.018
54892.52 14.776 0.022
54893.52 14.822 0.024
54894.48 14.864 0.025
54896.41 14.953 0.025
54901.46 15.183 0.021
54906.38 15.476 0.022
54908.38 15.620 0.020
54909.44 15.689 0.019
54913.42 15.924 0.024
54914.43 15.962 0.020
54915.44 15.988 0.029
54917.49 16.092 0.020
54919.45 16.142 0.025
54920.40 16.167 0.019
54922.38 16.227 0.021
54945.40 16.832 0.025
54948.33 16.913 0.025
54950.33 16.981 0.024
filter V_UVOT
# Swift
54867.86 15.003 0.066
54871.75 14.479 0.060
54873.75 14.416 0.062
54875.62 14.295 0.061
54879.89 14.218 0.058
54882.77 14.141 0.053
54884.48 14.291 0.057
54889.56 14.613 0.060
54893.14 14.828 0.061
54897.69 15.090 0.072
54901.48 15.251 0.071
54909.61 15.744 0.080
54918.50 16.228 0.105
filter ik
#
54873.52 14.772 0.022
54881.39 14.917 0.021
54882.51 14.971 0.023
54883.44 15.024 0.025
54884.42 15.030 0.046
54888.52 15.453 0.020
54890.46 15.534 0.019
54892.51 15.460 0.028
54893.51 15.463 0.027
54894.47 15.452 0.019
54896.41 15.339 0.027
54901.45 15.238 0.020
54906.38 15.277 0.021
54908.37 15.434 0.022
54909.43 15.529 0.031
54913.42 15.813 0.023
54914.42 15.868 0.020
54915.43 16.006 0.054
54917.48 16.067 0.020
54919.45 16.138 0.036
54920.40 16.175 0.022
54922.37 16.271 0.020
54939.34 16.927 0.042
54945.39 17.155 0.043
54948.32 17.280 0.031
54950.32 17.316 0.031
54969.25 17.772 0.151
filter rk
#
54873.52 14.293 0.020
54881.39 14.206 0.017
54882.52 14.253 0.020
54883.44 14.313 0.022
54884.42 14.405 0.018
54888.52 14.666 0.024
54890.47 14.770 0.017
54892.51 14.788 0.023
54893.51 14.844 0.020
54894.47 14.853 0.021
54896.41 14.917 0.032
54901.45 14.913 0.021
54908.37 15.293 0.020
54909.44 15.377 0.022
54913.42 15.641 0.023
54914.43 15.690 0.019
54915.42 15.737 0.020
54917.48 15.833 0.022
54919.45 15.900 0.019
54920.40 15.930 0.020
54922.38 15.995 0.019
54945.39 16.760 0.021
54948.32 16.852 0.029
54950.33 16.916 0.023
54969.25 17.438 0.122
filter uk
#
54873.53 15.157 0.023
54882.52 15.618 0.030
54883.48 15.786 0.026
54888.53 16.337 0.028
54890.47 16.593 0.035
54893.51 17.034 0.051
54894.47 17.201 0.074
54901.46 17.948 0.261
54906.38 18.042 0.082
54908.38 18.462 0.110
54945.41 19.062 0.241
54948.32 19.462 0.344
54950.33 19.392 0.366
filter u
1869.84 15.257 0.008
1871.87 15.077 0.006
1872.87 15.016 0.008
1873.85 15.003 0.009
1874.81 15.009 0.008
1878.87 15.183 0.009
1879.87 15.253 0.007
1884.85 15.661 0.009
1885.81 15.747 0.010
1888.77 16.099 0.009
1896.87 17.078 0.011
1898.82 17.306 0.012
1900.82 17.470 0.020
1902.77 17.671 0.024
1908.80 18.070 0.016
1911.89 18.229 0.016
1914.81 18.346 0.018
1915.83 18.388 0.019
1920.83 18.491 0.019
1927.79 18.606 0.024
1928.81 18.587 0.029
1933.73 18.628 0.048
1937.82 18.701 0.025
1938.81 18.710 0.022
1947.70 18.861 0.023
1963.67 19.124 0.150
1964.66 19.138 0.035
1966.66 19.235 0.033
1968.77 19.268 0.032
filter g
1871.87 14.421 0.006
1872.87 14.334 0.005
1873.85 14.284 0.007
1879.87 14.260 0.004
1884.85 14.470 0.007
1888.77 14.746 0.007
1896.87 15.405 0.008
1898.82 15.568 0.007
1900.82 15.741 0.008
1902.77 15.915 0.008
1908.80 16.379 0.008
1911.89 16.547 0.009
1914.81 16.654 0.006
1915.83 16.679 0.007
1920.83 16.789 0.009
1927.79 16.892 0.008
1928.81 16.900 0.007
1930.72 16.917 0.009
1933.73 16.945 0.010
1937.82 17.012 0.009
1938.81 17.031 0.009
1947.70 17.152 0.008
1963.67 17.392 0.011
1964.66 17.401 0.009
1966.66 17.450 0.008
1968.77 17.466 0.009
1976.65 17.595 0.009
filter r
1871.87 14.371 0.005
1872.87 14.275 0.006
1873.85 14.218 0.008
1878.87 14.079 0.009
1879.87 14.079 0.004
1884.85 14.264 0.008
1888.77 14.576 0.005
1896.87 14.769 0.007
1898.82 14.779 0.005
1900.82 14.792 0.009
1902.77 14.852 0.008
1908.80 15.206 0.009
1911.89 15.412 0.010
1914.81 15.583 0.006
1915.83 15.635 0.008
1920.83 15.818 0.009
1927.79 16.056 0.007
1928.81 16.100 0.005
1930.72 16.161 0.008
1933.73 16.261 0.011
1937.82 16.373 0.010
1938.81 16.400 0.009
1947.70 16.700 0.009
1963.67 17.188 0.018
1964.66 17.226 0.008
1966.66 17.291 0.009
1968.77 17.345 0.009
1976.65 17.601 0.010
filter i
1869.84 14.936 0.008
1871.87 14.790 0.007
1872.87 14.739 0.006
1873.85 14.723 0.009
1874.81 14.724 0.008
1878.87 14.803 0.009
1879.87 14.827 0.006
1884.85 15.025 0.009
1885.81 15.117 0.009
1888.77 15.391 0.008
1896.87 15.335 0.008
1898.82 15.261 0.009
1900.82 15.212 0.009
1902.77 15.141 0.009
1908.80 15.337 0.009
1911.89 15.580 0.010
1914.81 15.788 0.007
1915.83 15.832 0.009
1920.83 16.083 0.010
1927.79 16.360 0.009
1928.81 16.405 0.008
1930.72 16.462 0.011
1933.73 16.583 0.019
1937.82 16.733 0.011
1938.81 16.794 0.011
1947.70 17.091 0.010
1963.67 17.547 0.042
1964.66 17.637 0.012
1966.66 17.710 0.013
1968.77 17.776 0.013
1976.65 18.022 0.015
filter B
1869.84 14.669 0.006
1871.87 14.469 0.004
1872.87 14.393 0.004
1873.85 14.357 0.007
1874.81 14.341 0.007
1878.87 14.379 0.008
1879.87 14.413 0.004
1884.85 14.705 0.007
1885.81 14.797 0.008
1888.77 15.087 0.004
1896.87 15.930 0.005
1898.82 16.131 0.007
1900.82 16.297 0.009
1902.77 16.468 0.009
1908.80 16.873 0.009
1911.89 17.018 0.009
1914.81 17.112 0.009
1915.83 17.142 0.009
1920.83 17.204 0.010
1927.79 17.287 0.009
1928.81 17.280 0.009
1930.72 17.320 0.013
1933.73 17.315 0.017
1937.82 17.373 0.010
1938.81 17.384 0.009
1947.70 17.494 0.010
1964.66 17.740 0.010
1966.66 17.781 0.011
1968.77 17.806 0.010
1976.65 17.929 0.009
filter V
1869.84 14.599 0.006
1871.87 14.399 0.005
1872.87 14.288 0.006
1873.85 14.224 0.009
1874.81 14.181 0.007
1879.87 14.096 0.004
1884.85 14.209 0.007
1885.81 14.284 0.009
1888.77 14.472 0.005
1896.87 14.897 0.008
1898.82 14.989 0.006
1900.82 15.098 0.009
1902.77 15.194 0.009
1908.80 15.627 0.009
1911.89 15.827 0.009
1914.81 15.964 0.007
1915.83 16.014 0.009
1920.83 16.166 0.010
1927.79 16.347 0.008
1928.81 16.378 0.008
1930.72 16.432 0.009
1933.73 16.482 0.015
1937.82 16.604 0.010
1938.81 16.634 0.008
1947.70 16.855 0.011
1959.67 17.119 0.032
1964.66 17.260 0.009
1966.66 17.278 0.009
1968.77 17.336 0.009
1976.65 17.496 0.009
filter Y
1868.84 14.851 0.013
1875.84 14.825 0.010
1875.85 14.829 0.012
1886.88 15.520 0.012
1886.89 15.489 0.013
1887.83 15.524 0.013
1887.84 15.525 0.012
1890.88 15.452 0.012
1890.89 15.463 0.010
1891.89 15.419 0.009
1891.90 15.415 0.011
1894.83 15.185 0.008
1894.84 15.213 0.008
1899.89 14.834 0.012
1899.90 14.814 0.013
1901.82 14.661 0.009
1901.83 14.682 0.010
1913.93 14.637 0.012
1913.93 14.662 0.011
1919.92 15.001 0.014
1919.93 15.001 0.018
1921.92 15.081 0.009
1921.94 15.129 0.009
1929.90 15.529 0.009
1929.91 15.563 0.013
1962.69 17.270 0.025
1962.69 17.214 0.024
1965.67 17.387 0.030
1965.68 17.286 0.024
filter Ydw
1872.83 14.703 0.018
1872.84 14.710 0.018
1937.77 15.959 0.018
1937.78 15.988 0.018
1956.81 16.959 0.019
1956.81 16.993 0.020
filter Jrc2
1868.84 14.751 0.011
1868.86 14.805 0.014
1875.84 14.574 0.011
1875.85 14.603 0.010
1886.88 15.805 0.011
1886.89 15.871 0.013
1887.83 16.051 0.018
1887.84 16.060 0.018
1890.88 16.264 0.016
1890.89 16.261 0.014
1899.89 15.862 0.016
1901.82 15.744 0.011
1901.83 15.753 0.012
1913.93 15.824 0.013
1913.93 15.819 0.012
1919.92 16.360 0.020
1919.93 16.303 0.016
1921.92 16.466 0.022
1921.94 16.440 0.018
1929.90 17.037 0.028
1929.91 17.035 0.025
1965.67 19.151 0.150
filter J
1872.83 14.525 0.016
1872.84 14.510 0.016
1934.89 17.385 0.025
1934.90 17.336 0.023
1937.77 17.539 0.019
1937.78 17.543 0.020
filter H
1875.84 14.839 0.011
1875.85 14.807 0.011
1887.83 15.237 0.012
1887.84 15.210 0.015
1891.89 15.177 0.016
1891.90 15.136 0.014
1901.82 14.796 0.012
1901.83 14.796 0.010
1913.93 15.178 0.016
1919.92 15.519 0.022
1919.93 15.469 0.020
1921.92 15.619 0.032
1929.90 15.911 0.031
1929.91 15.859 0.027
1962.69 17.193 0.074
1962.69 17.314 0.080
1965.67 17.441 0.094
1965.68 17.416 0.091
1872.83 14.725 0.028
1872.84 14.706 0.028
1934.89 16.059 0.030
1934.90 16.056 0.030
1937.77 16.196 0.029
1937.78 16.222 0.029
1956.81 17.040 0.035
1956.81 17.018 0.036
