SN2011K 0.014500 71.376620 -7.348080
#SN2011K 71.37662 -7.34808 CSS_J044530.38-072054.7  -999 0.0145 0.001 CfA_Optical_Spectrum CBET_2636 CSS CBET_2636   Ia
# ['' 'H' 'J' 'Ks']
# [''] on ['' 'PAIRITEL']
filter H2m
# PAIRITEL
55576.17 15.780 0.090
55577.20 15.750 0.100
55578.19 15.790 0.080
55579.20 15.810 0.120
55594.16 15.760 0.100
55595.14 15.700 0.070
55597.16 15.700 0.110
55598.16 15.680 0.060
55601.13 15.630 0.090
55602.15 15.660 0.070
55603.13 15.670 0.120
55605.14 15.750 0.100
55610.09 15.850 0.110
55616.09 15.970 0.120
55626.10 16.590 0.310
55629.10 16.760 0.110
filter J2m
# PAIRITEL
55576.17 15.540 0.010
55577.20 15.610 0.010
55578.19 15.690 0.040
55579.20 15.730 0.010
55594.16 16.920 0.050
55597.16 16.750 0.050
55598.16 16.640 0.030
55600.14 16.630 0.030
55601.13 16.660 0.040
55602.15 16.590 0.020
55603.13 16.600 0.040
55605.14 16.540 0.030
55610.09 16.430 0.060
55616.09 16.690 0.030
55629.10 17.680 0.070
55641.11 18.610 0.160
filter Ks2m
# PAIRITEL
55576.17 15.590 0.280
55577.20 15.780 0.240
55579.20 15.940 0.370
55597.16 15.810 0.340
55601.13 15.800 0.280
55605.14 15.870 0.190
55610.09 15.990 0.350
55629.10 16.350 0.170
