SN2009ad 0.028400 75.889140 6.660000
#SN2009ad 75.88914  6.66 UGC_3236   Sbc 0.0284 5e-06 NED_Host_Galaxy_Name CBET_1694 POSS CBET_1695   Ia
# ['' 'B' 'H' 'J' 'Ks' 'V' "i'" "r'" "u'"]
# [''] on ['' 'PAIRITEL']
filter B4sh
#
54879.10 16.945 0.028
54881.09 16.706 0.018
54882.19 16.667 0.026
54883.18 16.624 0.018
54884.15 16.547 0.022
54888.10 16.596 0.029
54889.10 16.643 0.019
54890.16 16.673 0.022
54904.11 17.943 0.034
54907.13 18.288 0.031
54908.13 18.391 0.045
54909.13 18.537 0.037
54913.13 18.824 0.082
54914.13 18.932 0.094
54915.13 19.002 0.107
54919.12 19.288 0.123
54920.13 19.443 0.138
54934.13 19.764 0.159
filter H2m
# PAIRITEL
54879.12 17.490 0.250
54881.15 17.260 0.180
54882.09 17.090 0.180
54884.12 16.940 0.140
54887.10 17.100 0.040
54888.14 17.130 0.110
54891.12 17.210 0.250
54892.13 17.260 0.250
54893.13 17.250 0.180
54898.12 17.620 0.280
54902.11 17.470 0.050
54906.11 17.390 0.090
54908.12 17.160 0.100
54910.12 16.920 0.100
54916.15 17.040 0.050
54917.12 17.130 0.170
54920.14 17.200 0.170
54921.13 17.270 0.250
54926.13 17.890 0.100
54927.13 17.920 0.270
filter J2m
# PAIRITEL
54879.12 17.020 0.080
54881.15 16.910 0.070
54882.09 16.840 0.040
54884.12 16.820 0.080
54887.10 17.130 0.040
54888.14 17.200 0.060
54890.12 17.230 0.130
54891.12 17.320 0.100
54892.13 17.350 0.080
54893.13 17.490 0.110
54898.12 18.130 0.120
54900.11 18.780 0.180
54902.11 19.180 0.140
54904.11 19.200 0.350
54906.11 19.410 0.200
54909.11 18.910 0.180
54910.12 18.640 0.200
54911.16 18.450 0.250
54912.14 18.180 0.170
54913.13 18.150 0.170
54916.15 18.010 0.250
54917.12 17.840 0.190
54918.12 17.940 0.180
54920.14 17.920 0.150
54921.13 17.950 0.070
54926.13 18.330 0.080
54927.13 18.640 0.320
filter Ks2m
# PAIRITEL
54879.12 17.390 0.160
54881.15 17.070 0.330
54882.09 16.770 0.080
54884.12 16.570 0.170
54888.14 16.510 0.140
54890.12 16.530 0.090
54898.12 16.720 0.250
54900.11 16.880 0.250
54902.11 17.170 0.250
54904.11 17.230 0.180
54905.19 17.240 0.170
54906.11 17.450 0.250
54912.14 17.520 0.160
54913.13 17.230 0.180
54914.14 17.200 0.250
54915.12 16.840 0.120
54916.15 16.710 0.120
54917.12 16.750 0.300
54926.13 17.400 0.180
filter V4sh
#
54879.10 16.922 0.019
54881.09 16.727 0.021
54882.18 16.628 0.017
54883.18 16.591 0.020
54884.14 16.527 0.016
54888.10 16.503 0.019
54889.09 16.483 0.021
54890.15 16.525 0.017
54904.11 17.229 0.021
54907.12 17.407 0.022
54908.13 17.466 0.024
54909.13 17.513 0.026
54913.12 17.737 0.043
54914.13 17.788 0.033
54915.12 17.797 0.030
54919.11 18.005 0.033
54920.12 18.130 0.070
54931.12 18.339 0.111
54934.13 18.891 0.112
filter ik
#
54879.09 17.130 0.033
54881.08 17.048 0.108
54882.17 16.969 0.026
54883.16 16.962 0.033
54884.13 16.938 0.029
54888.09 17.049 0.021
54889.08 17.056 0.031
54890.12 17.120 0.026
54904.10 17.745 0.065
54907.11 17.681 0.042
54908.12 17.666 0.040
54909.12 17.669 0.036
54913.12 17.554 0.063
54914.12 17.505 0.056
54915.13 17.508 0.097
54919.11 17.703 0.060
54920.11 17.746 0.044
54931.12 18.348 0.065
54934.12 18.502 0.111
filter rk
#
54879.09 16.927 0.018
54881.09 16.773 0.024
54882.18 16.666 0.016
54883.16 16.609 0.020
54884.14 16.542 0.017
54888.09 16.525 0.016
54889.09 16.506 0.021
54890.14 16.535 0.018
54904.10 17.201 0.020
54907.11 17.269 0.019
54909.12 17.286 0.025
54913.12 17.391 0.024
54914.13 17.418 0.037
54915.13 17.475 0.042
54919.11 17.695 0.032
54920.11 17.778 0.027
54931.12 18.325 0.085
54934.13 18.478 0.061
filter uk
#
54879.09 17.242 0.078
54881.09 16.859 0.068
54882.18 16.977 0.065
54883.17 16.946 0.064
54884.14 16.940 0.063
54888.09 17.218 0.076
54889.09 17.259 0.078
54904.10 18.854 0.194
54907.12 19.293 0.243
54909.12 19.166 0.235
