SN2005na 0.026322 105.402870 14.133040
#SN2005na 105.40287 14.13304 UGC_3634 SB(r)a 0.026322 8.3e-05 NED_Host_Galaxy_Name CBET_350 POSS CBET_351   Ia
# ['B' 'H' 'I' 'J' 'Ks' 'R' 'U' 'V' 'Y' 'g' 'i' 'r' 'u']
# [''] on ['' 'PAIRITEL' 'kait3' 'nickel']
filter B
#
53738.20 16.257 0.007
53740.26 16.252 0.009
53741.19 16.265 0.007
53744.78 16.470 0.017
53745.14 16.408 0.008
53748.19 16.584 0.009
53751.18 16.818 0.009
53751.90 17.070 0.045
53754.15 17.165 0.009
53755.14 17.264 0.009
53756.87 17.611 0.020
53760.13 17.934 0.012
53762.15 18.187 0.014
53763.11 18.287 0.015
53763.83 18.466 0.029
53764.15 18.382 0.020
53764.75 18.568 0.040
53765.10 18.512 0.018
53765.79 18.667 0.031
53767.12 18.676 0.019
53767.78 18.878 0.044
53771.09 19.009 0.022
53772.12 19.091 0.041
53774.12 19.179 0.038
53781.12 19.423 0.047
53784.08 19.411 0.029
53785.08 19.486 0.027
53785.76 19.818 0.109
53786.08 19.537 0.026
53787.76 19.707 0.085
53788.07 19.589 0.047
53793.70 19.830 0.093
53795.09 19.598 0.029
53796.72 19.733 0.094
53805.01 19.797 0.043
53816.70 19.932 0.097
53818.00 19.996 0.042
53826.67 20.063 0.130
53834.03 20.276 0.070
filter Bkait
# kait3
53741.33 16.215 0.014
53743.31 16.267 0.017
53745.27 16.371 0.013
53755.29 17.254 0.023
53756.25 17.378 0.018
53757.36 17.483 0.032
53759.29 17.752 0.019
53765.28 18.364 0.032
53767.27 18.556 0.045
53769.32 18.757 0.099
53771.26 18.837 0.050
53774.24 19.028 0.045
53780.23 19.200 0.089
53782.28 19.151 0.105
53787.24 19.312 0.062
53789.24 19.469 0.100
filter Bs
# nickel
53756.33 17.370 0.015
53770.25 18.886 0.032
filter H
#
53753.13 17.617 0.033
53754.15 17.603 0.029
53755.14 17.582 0.044
53756.19 17.344 0.032
53757.15 17.368 0.036
53773.14 16.937 0.043
53782.08 17.532 0.099
53783.06 17.576 0.022
53784.08 17.621 0.053
53787.08 17.675 0.028
53797.05 18.073 0.218
53805.01 18.622 0.055
filter H2m
# PAIRITEL
53745.15 17.120 0.250
53765.21 17.310 0.180
53768.22 17.220 0.180
53771.18 17.260 0.190
filter Ikait
# kait3
53741.33 16.521 0.029
53743.31 16.489 0.027
53745.27 16.578 0.025
53755.29 17.119 0.030
53756.25 17.162 0.033
53759.29 17.042 0.021
53763.32 17.007 0.049
53765.28 16.781 0.054
53769.32 16.756 0.096
53771.26 16.952 0.046
53774.24 17.064 0.032
53780.23 17.544 0.055
53782.28 17.602 0.058
53787.24 17.862 0.080
53789.24 18.220 0.092
filter Is
# nickel
53756.33 17.034 0.018
filter J
#
53753.13 18.383 0.032
53754.15 18.390 0.025
53755.14 18.456 0.034
53756.19 18.358 0.030
53757.15 18.398 0.034
53773.14 17.549 0.016
53783.06 18.455 0.028
53784.08 18.417 0.025
53785.08 18.514 0.028
53787.08 18.731 0.037
53805.01 19.763 0.068
filter J2m
# PAIRITEL
53745.15 17.400 0.070
53747.21 18.060 0.210
53748.15 18.000 0.100
53762.14 18.420 0.230
53765.21 18.170 0.160
53766.22 17.770 0.070
53768.22 17.650 0.160
53771.18 17.440 0.170
53772.18 17.730 0.170
53786.22 18.740 0.250
53790.24 19.080 0.170
53793.16 18.890 0.180
53797.19 19.190 0.250
filter Ks2m
# PAIRITEL
53745.15 17.590 0.280
53759.17 17.330 0.270
53762.14 17.230 0.270
53766.22 17.200 0.300
53767.23 17.170 0.250
53768.22 16.800 0.260
53772.18 17.030 0.170
53786.22 17.520 0.250
53790.24 17.520 0.250
53793.16 17.660 0.290
filter Rkait
# kait3
53741.33 16.136 0.017
53743.31 16.105 0.019
53745.27 16.163 0.017
53755.29 16.819 0.016
53756.25 16.863 0.020
53759.29 16.899 0.017
53763.32 16.998 0.031
53765.28 17.014 0.027
53769.32 17.014 0.061
53771.26 17.262 0.028
53774.24 17.406 0.035
53780.23 17.694 0.039
53782.28 17.767 0.041
53787.24 18.018 0.045
53789.24 18.077 0.047
filter Rs
# nickel
53756.33 16.870 0.013
53770.25 17.224 0.010
filter Us
#
53744.79 16.222 0.027
53744.79 16.245 0.029
53745.96 16.503 0.042
53745.96 16.367 0.036
53756.87 17.894 0.067
53756.88 17.834 0.064
53763.83 19.314 0.161
53763.83 19.066 0.094
53764.76 19.208 0.143
53764.76 19.455 0.185
53765.79 19.425 0.181
53765.80 19.655 0.189
53767.78 19.714 0.231
filter V
#
53738.20 16.288 0.007
53740.26 16.256 0.009
53741.19 16.257 0.007
53744.78 16.326 0.014
53745.14 16.326 0.009
53745.95 16.400 0.023
53748.19 16.421 0.009
53751.18 16.584 0.008
53751.88 16.675 0.020
53754.15 16.795 0.008
53755.14 16.866 0.009
53756.86 17.001 0.014
53760.13 17.175 0.009
53762.15 17.306 0.009
53763.11 17.361 0.011
53763.82 17.397 0.018
53764.15 17.435 0.012
53764.75 17.450 0.015
53765.10 17.494 0.012
53765.79 17.534 0.021
53767.12 17.631 0.009
53767.78 17.681 0.021
53771.09 17.881 0.010
53772.12 17.947 0.013
53774.12 18.046 0.018
53776.75 18.206 0.062
53778.76 18.302 0.049
53780.83 18.349 0.059
53781.12 18.326 0.030
53784.08 18.416 0.017
53785.08 18.508 0.012
53785.75 18.485 0.033
53786.08 18.512 0.017
53786.73 18.539 0.041
53787.75 18.587 0.041
53788.07 18.567 0.016
53793.70 18.620 0.037
53795.09 18.728 0.018
53796.71 18.710 0.049
53798.11 18.827 0.019
53799.70 18.758 0.063
53805.01 18.941 0.026
53806.68 18.830 0.084
53816.68 19.420 0.082
53817.68 19.209 0.109
53818.00 19.256 0.017
53826.66 19.670 0.107
53834.03 19.595 0.038
filter Vkait
# kait3
53741.33 16.243 0.019
53743.31 16.285 0.017
53745.27 16.285 0.017
53755.29 16.826 0.017
53756.25 16.902 0.017
53759.29 17.064 0.024
53763.32 17.266 0.035
53765.28 17.435 0.025
53769.32 17.556 0.069
53771.26 17.824 0.031
53774.24 17.949 0.051
53780.23 18.291 0.073
53782.28 18.189 0.073
53787.24 18.519 0.054
53789.24 18.539 0.049
filter Vs
# nickel
53756.33 16.959 0.013
53770.25 17.819 0.011
filter Y
#
53753.13 17.671 0.013
53754.15 17.620 0.013
53755.14 17.581 0.015
53756.19 17.576 0.018
53757.15 17.446 0.014
53773.14 16.610 0.008
53782.08 17.056 0.041
53783.06 17.178 0.008
53784.08 17.183 0.010
53785.08 17.248 0.009
53787.08 17.373 0.020
53789.10 17.387 0.050
53797.05 17.736 0.050
53805.01 18.325 0.016
filter g
#
53738.20 16.178 0.006
53740.26 16.168 0.008
53741.19 16.184 0.005
53745.14 16.296 0.009
53748.19 16.431 0.006
53751.18 16.637 0.007
53754.15 16.903 0.007
53755.14 16.999 0.006
53760.13 17.527 0.008
53762.15 17.757 0.010
53763.11 17.833 0.009
53764.15 17.955 0.009
53765.10 18.126 0.022
53767.12 18.244 0.009
53771.09 18.547 0.013
53772.12 18.623 0.016
53774.12 18.759 0.019
53781.12 18.954 0.050
53784.08 19.004 0.021
53785.08 19.078 0.013
53786.08 19.088 0.014
53788.07 19.120 0.018
53795.09 19.203 0.014
53798.11 19.302 0.019
53805.01 19.365 0.026
53818.00 19.613 0.024
filter i
#
53738.20 16.754 0.008
53740.26 16.796 0.013
53741.19 16.815 0.009
53745.14 16.923 0.012
53748.19 17.083 0.012
53751.18 17.359 0.009
53754.15 17.568 0.010
53755.14 17.578 0.015
53760.13 17.467 0.011
53762.15 17.392 0.012
53763.11 17.370 0.012
53764.15 17.336 0.014
53765.10 17.295 0.017
53767.12 17.294 0.011
53771.09 17.378 0.014
53772.12 17.429 0.012
53774.12 17.603 0.012
53781.12 18.027 0.036
53784.08 18.174 0.016
53785.08 18.247 0.014
53786.08 18.267 0.014
53788.07 18.369 0.017
53795.09 18.644 0.015
53798.11 18.694 0.020
53805.01 18.905 0.025
53818.00 19.479 0.032
53834.03 19.935 0.044
filter r
#
53738.20 16.309 0.007
53740.26 16.260 0.010
53741.19 16.240 0.007
53745.14 16.297 0.009
53748.19 16.432 0.007
53751.18 16.639 0.008
53754.15 16.842 0.008
53755.14 16.887 0.008
53760.13 17.000 0.008
53762.15 17.033 0.009
53763.11 17.050 0.010
53764.15 17.075 0.009
53765.10 17.100 0.014
53767.12 17.161 0.007
53771.09 17.380 0.008
53772.12 17.465 0.012
53774.12 17.604 0.011
53781.12 17.910 0.014
53784.08 18.029 0.013
53785.08 18.075 0.012
53786.08 18.083 0.013
53788.07 18.176 0.012
53795.09 18.339 0.012
53798.11 18.493 0.016
53805.01 18.672 0.017
53818.00 19.104 0.018
53834.03 19.527 0.032
filter u
#
53738.20 16.447 0.012
53740.26 16.503 0.013
53741.19 16.555 0.017
53745.14 16.919 0.013
53748.19 17.223 0.022
53751.18 17.579 0.024
53754.15 18.008 0.024
53755.14 18.221 0.028
53760.13 19.073 0.043
53762.15 19.349 0.044
53763.11 19.532 0.066
53764.15 19.507 0.052
53765.10 19.661 0.065
53771.09 19.986 0.077
53772.12 20.159 0.102
53774.12 20.151 0.121
53784.08 20.408 0.106
