SN2009al 0.022105 162.842010 8.578330
#SN2009al 162.84201 8.57833 NGC_3425    S0 0.022105 8e-05 NED_Host_Galaxy_Name CBET_1705 CSS CBET_1708   Ia
# ['' 'B' 'CLEAR' 'H' 'I' 'J' 'Ks' 'R' 'V' "i'" "r'" "u'"]
# [''] on ['' 'PAIRITEL' 'kait4' 'nickel2']
filter B4sh
#
54890.45 16.616 0.019
54891.33 16.513 0.019
54894.45 16.364 0.026
54896.39 16.407 0.058
54898.22 16.389 0.032
54905.32 16.849 0.035
54906.37 16.930 0.034
54907.17 17.030 0.023
54909.28 17.233 0.026
54913.27 17.669 0.036
54914.30 17.743 0.026
54915.31 17.841 0.035
54918.32 18.117 0.038
54920.23 18.313 0.067
54922.19 18.439 0.071
54931.15 18.988 0.380
54945.20 19.368 0.137
54946.24 19.313 0.163
54948.18 19.329 0.149
54950.16 19.576 0.233
filter Bkait
# kait4
54904.33 16.836 0.167
54908.31 17.175 0.147
54910.31 17.427 0.121
54914.32 17.839 0.235
54917.27 18.071 0.098
54920.30 18.511 0.192
54923.24 18.744 0.322
54943.25 19.359 0.224
54948.21 19.623 0.288
54964.19 20.094 0.574
54969.19 19.825 0.369
54974.19 20.061 0.376
filter Bs
# nickel2
54897.95 16.488 0.040
54921.10 18.489 0.057
54939.95 19.349 0.654
54970.93 19.901 0.155
#filter CLEAR
# kait4
#54889.43 16.461 0.048
#54904.33 16.295 0.108
#54914.32 16.719 0.144
#54938.28 17.813 0.196
#54947.26 17.970 0.155
#54962.21 18.524 0.276
#54963.22 18.492 0.221
#54971.24 18.408 0.234
filter H2m
# PAIRITEL
54891.20 16.790 0.180
54892.20 16.760 0.250
54893.20 16.550 0.040
54895.25 16.720 0.050
54898.19 16.660 0.070
54902.17 16.800 0.070
54905.17 16.820 0.250
54906.15 16.780 0.170
54907.15 16.760 0.180
54908.16 16.860 0.070
54909.15 16.870 0.180
54910.15 16.870 0.050
54911.13 16.940 0.170
54912.11 16.880 0.100
54913.10 16.850 0.080
54916.18 16.690 0.250
54918.16 16.670 0.250
54920.17 16.640 0.080
54921.16 16.690 0.100
54926.16 16.780 0.090
54929.25 17.040 0.170
54930.21 17.100 0.180
filter Ikait
# kait4
54904.33 16.623 0.065
54908.31 16.779 0.172
54910.31 16.791 0.244
54914.32 16.735 0.072
54917.27 16.677 0.101
54920.30 16.627 0.209
54923.24 16.677 0.093
54943.25 17.663 0.107
54948.21 17.949 0.287
54964.19 18.628 0.295
54969.19 18.673 0.219
54974.19 18.804 0.193
filter Is
# nickel2
54897.95 16.326 0.030
54921.10 16.619 0.034
54939.95 17.542 0.063
54970.93 18.442 0.113
filter J2m
# PAIRITEL
54891.20 16.540 0.040
54892.20 16.570 0.170
54893.20 16.520 0.030
54895.25 16.540 0.040
54898.19 16.520 0.130
54902.17 17.040 0.030
54904.17 17.080 0.060
54905.17 17.230 0.060
54906.15 17.330 0.060
54907.15 17.250 0.250
54908.16 17.460 0.060
54909.15 17.470 0.050
54911.13 17.690 0.110
54912.11 17.580 0.070
54913.10 17.520 0.180
54918.16 17.260 0.070
54920.17 17.180 0.130
54921.16 17.100 0.160
54924.19 17.030 0.150
54926.16 17.240 0.050
54929.25 17.280 0.180
54930.21 17.490 0.180
filter Ks2m
# PAIRITEL
54891.20 16.250 0.070
54892.20 16.230 0.260
54895.25 15.840 0.140
54903.20 16.090 0.180
54904.17 16.220 0.170
54905.17 16.150 0.250
54906.15 16.240 0.130
54907.15 16.170 0.140
54908.16 16.350 0.150
54909.15 16.240 0.130
54910.15 16.300 0.150
54913.10 16.530 0.200
54916.18 16.500 0.280
54918.16 16.590 0.320
54920.17 16.530 0.200
54921.16 16.380 0.250
54924.19 16.410 0.200
54926.16 16.450 0.180
54930.21 17.120 0.370
filter Rkait
# kait4
54904.33 16.338 0.039
54908.31 16.572 0.160
54910.31 16.654 0.176
54914.32 16.675 0.039
54917.27 16.707 0.141
54920.30 16.769 0.138
54923.24 16.954 0.047
54943.25 17.892 0.105
54948.21 18.075 0.157
54964.19 18.696 0.296
54969.19 18.731 0.157
54974.19 18.798 0.178
filter Rs
# nickel2
54897.95 16.142 0.037
54921.10 17.010 0.172
54939.95 17.786 0.085
54970.93 18.737 0.206
filter V4sh
#
54890.45 16.730 0.037
54891.33 16.470 0.046
54894.45 16.262 0.023
54896.38 16.206 0.030
54898.22 16.218 0.029
54905.31 16.414 0.032
54906.37 16.474 0.029
54907.17 16.525 0.019
54909.28 16.635 0.019
54913.27 16.840 0.020
54914.30 16.894 0.023
54915.31 16.944 0.030
54918.32 17.149 0.027
54920.22 17.256 0.027
54922.19 17.419 0.029
54931.14 18.017 0.137
54945.20 18.374 0.055
54946.24 18.380 0.061
54948.18 18.470 0.070
54950.16 18.531 0.074
filter Vkait
# kait4
54904.33 16.424 0.148
54908.31 16.623 0.035
54910.31 16.717 0.033
54914.32 16.901 0.039
54917.27 17.110 0.155
54920.30 17.279 0.152
54923.24 17.508 0.147
54943.25 18.387 0.074
54948.21 18.344 0.230
54964.19 18.965 0.266
54969.19 19.004 0.149
54974.19 18.892 0.128
filter Vs
# nickel2
54897.95 16.309 0.020
54921.10 17.386 0.027
54939.95 18.308 0.566
54970.93 18.944 0.086
filter ik
#
54890.45 16.819 0.021
54891.32 16.723 0.022
54894.45 16.641 0.021
54896.38 16.727 0.037
54898.21 16.727 0.029
54905.31 16.960 0.021
54906.36 17.015 0.025
54907.16 17.047 0.023
54909.27 17.095 0.023
54913.26 17.077 0.025
54914.29 17.043 0.033
54915.30 17.006 0.026
54918.31 17.009 0.024
54920.21 17.033 0.024
54922.18 17.076 0.029
54931.14 17.614 0.095
54945.19 18.149 0.045
54946.23 18.214 0.060
54948.17 18.349 0.059
54950.15 18.387 0.051
filter rk
#
54890.45 16.613 0.018
54891.32 16.488 0.017
54894.45 16.329 0.017
54896.38 16.306 0.031
54898.22 16.349 0.025
54905.31 16.463 0.020
54906.36 16.529 0.019
54907.16 16.570 0.022
54909.28 16.649 0.020
54913.26 16.740 0.022
54914.29 16.773 0.021
54915.30 16.784 0.026
54918.32 16.861 0.021
54920.22 16.937 0.028
54922.18 17.041 0.027
54931.14 17.727 0.068
54945.19 18.102 0.056
54946.23 18.187 0.067
54948.17 18.243 0.037
54950.16 18.261 0.071
filter uk
#
54891.32 17.319 0.040
54920.23 19.688 0.242
54950.17 20.333 0.298
