SN2011aa 0.012512 114.177270 74.443190
#SN2011aa 114.17727 74.44319 UGC_3906     S 0.012512 3.3e-05 NED_21-cm_or_Opt_Smallest_Error CBET_2653 POSS CBET_2653;brown14 Iap?
# ['' 'B' 'H' 'J' 'Ks' 'U' 'UVM2' 'UVW1' 'UVW2' 'V']
# ['' 'UVOT'] on ['' 'PAIRITEL' 'Swift']
filter B_UVOT
# Swift
55603.63 15.019 0.047
55605.91 14.925 0.047
55607.08 14.869 0.046
55609.95 14.823 0.046
55611.22 14.769 0.046
55613.63 14.823 0.047
55615.07 14.821 0.046
55617.54 14.932 0.050
55621.55 15.078 0.053
55632.90 15.964 0.061
55635.07 16.144 0.064
55637.27 16.310 0.065
55640.24 16.453 0.068
55649.14 16.724 0.072
55657.69 16.958 0.079
filter H2m
# PAIRITEL
55616.17 15.220 0.090
55617.18 14.890 0.060
55618.18 14.880 0.050
55619.29 14.820 0.060
55620.28 14.790 0.070
55621.17 14.840 0.050
55622.17 14.800 0.050
55623.16 14.840 0.060
55624.15 14.800 0.050
55625.16 14.800 0.060
55626.15 14.830 0.050
55627.14 14.820 0.050
55628.14 14.770 0.050
55629.14 14.830 0.040
55630.14 14.750 0.050
55631.14 14.760 0.060
55637.10 14.820 0.050
55639.13 14.660 0.050
55641.13 14.730 0.030
55643.13 14.740 0.050
55644.23 14.720 0.050
55645.10 14.680 0.040
55647.10 14.740 0.050
55649.15 14.730 0.050
55650.16 14.700 0.040
55655.20 14.790 0.040
55656.20 14.820 0.040
55657.19 14.890 0.040
filter J2m
# PAIRITEL
55616.17 14.910 0.020
55617.18 14.950 0.030
55618.18 14.940 0.040
55619.29 14.950 0.040
55620.28 14.890 0.030
55621.17 14.990 0.030
55622.17 14.970 0.030
55623.16 15.030 0.030
55624.15 15.050 0.030
55625.16 15.030 0.040
55626.15 15.130 0.040
55627.14 15.110 0.040
55628.14 15.090 0.030
55629.14 15.120 0.030
55630.14 15.110 0.030
55631.14 15.110 0.030
55637.10 15.160 0.030
55638.12 15.180 0.040
55639.13 15.140 0.030
55641.13 15.160 0.040
55643.13 15.150 0.040
55644.23 15.180 0.040
55645.10 15.170 0.030
55647.10 15.130 0.040
55649.15 15.230 0.050
55650.16 15.230 0.050
55655.20 15.370 0.040
55656.20 15.340 0.060
55657.19 15.420 0.130
filter Ks2m
# PAIRITEL
55616.17 14.700 0.080
55617.18 14.790 0.060
55618.18 14.770 0.060
55619.29 14.810 0.070
55620.28 14.760 0.080
55621.17 14.720 0.080
55622.17 14.630 0.080
55623.16 14.750 0.040
55624.15 14.600 0.050
55625.16 14.600 0.060
55626.15 14.540 0.060
55627.14 14.750 0.060
55628.14 14.680 0.060
55629.14 14.670 0.080
55630.14 14.570 0.100
55631.14 14.730 0.040
55637.10 14.660 0.030
55641.13 14.980 0.050
55643.13 14.660 0.070
55644.23 14.700 0.080
55645.10 14.600 0.060
55649.15 14.580 0.040
55650.16 14.510 0.050
55655.20 14.680 0.060
55656.20 14.720 0.110
filter U_UVOT
# Swift
55603.66 14.224 0.045
55605.91 14.144 0.045
55607.08 14.132 0.044
55609.95 14.198 0.045
55611.22 14.152 0.045
55613.63 14.240 0.046
55615.07 14.232 0.045
55617.54 14.401 0.048
55620.21 14.548 0.048
55621.55 14.637 0.052
55632.89 15.936 0.070
55635.07 16.084 0.074
55637.27 16.440 0.081
55640.24 16.496 0.084
55649.13 16.761 0.091
55657.69 17.115 0.110
filter UVM2
# Swift
55603.65 15.865 0.067
55605.92 15.765 0.069
55607.09 15.771 0.066
55609.96 15.893 0.066
55611.23 15.786 0.065
55613.64 16.018 0.067
55615.08 16.136 0.067
55617.55 16.339 0.069
55621.56 16.783 0.074
55632.90 18.269 0.116
55635.08 18.435 0.130
55637.28 18.778 0.158
55640.25 18.585 0.142
55649.14 18.599 0.139
55657.70 18.770 0.150
filter UVW1
# Swift
55603.66 15.137 0.062
55605.94 15.104 0.065
55607.08 15.041 0.063
55609.95 15.193 0.064
55611.22 15.096 0.063
55613.63 15.224 0.063
55615.07 15.291 0.064
55617.54 15.518 0.065
55619.94 15.702 0.074
55621.55 15.750 0.067
55632.89 17.203 0.090
55635.06 17.462 0.103
55637.27 17.595 0.106
55640.24 17.830 0.122
55649.13 17.816 0.117
55657.69 18.145 0.143
filter UVW2
# Swift
55603.64 16.228 0.079
55605.91 16.263 0.082
55607.08 16.181 0.078
55609.95 16.332 0.079
55611.23 16.197 0.077
55613.63 16.384 0.079
55615.07 16.490 0.080
55617.54 16.727 0.082
55620.19 16.857 0.087
55621.56 16.984 0.086
55632.90 18.434 0.137
55635.07 18.678 0.162
55637.27 18.942 0.186
55640.25 18.680 0.161
55649.14 19.052 0.197
55657.70 18.944 0.184
filter V_UVOT
# Swift
55603.64 15.031 0.060
55605.92 14.928 0.064
55607.09 14.895 0.058
55609.96 14.864 0.058
55611.23 14.717 0.057
55613.63 14.732 0.057
55615.07 14.761 0.057
55617.54 14.767 0.057
55621.56 14.842 0.058
55632.90 15.258 0.060
55635.07 15.423 0.064
55637.28 15.580 0.064
55640.25 15.555 0.065
55649.14 15.742 0.066
55657.70 15.979 0.071
