SN2009fv 0.029300 247.434300 40.811530
#SN2009fv 247.4343 40.81153 NGC_6173     E 0.0293 5e-05 NED_Host_Galaxy_Name CBET_1834 POSS CBET_1846   Ia
# ['B' 'CLEAR' 'H' 'I' 'J' 'Ks' 'R' 'V' "i'" "r'"]
# [''] on ['' 'PAIRITEL' 'kait4' 'nickel2']
filter B4sh
#
54999.44 17.405 0.042
55000.26 17.369 0.030
55002.18 17.450 0.033
55003.30 17.520 0.029
55005.28 17.787 0.027
55008.25 18.345 0.036
55025.20 19.834 0.127
filter Bkait
# kait4
54991.38 16.977 0.039
54993.39 16.939 0.041
54996.36 16.939 0.030
54998.41 17.079 0.037
55001.36 17.549 0.060
55007.35 18.684 0.182
55009.32 19.113 0.193
55014.35 19.114 0.227
55026.32 19.746 0.312
55028.23 19.617 0.211
55030.32 19.904 0.300
55032.24 19.743 0.296
55034.22 20.226 0.343
55038.22 19.787 0.260
55046.21 19.646 0.361
55050.19 19.726 0.373
55055.20 19.864 0.313
55063.17 20.143 0.376
filter Bs
# nickel2
54999.13 17.201 0.015
55015.12 18.914 0.050
55025.12 19.652 0.198
55032.11 19.669 0.077
55034.02 19.796 0.092
55042.02 19.851 0.083
55047.02 19.803 0.179
55067.98 20.273 0.106
#filter CLEAR
## kait4
#54981.44 19.265 0.497
#54990.40 17.068 0.099
#54996.36 16.721 0.065
#55002.36 17.415 0.196
#55007.35 17.296 0.129
#55027.31 18.045 0.115
#55043.24 18.980 0.325
#55047.26 19.274 0.513
#55056.23 19.077 0.362
#55061.22 19.070 0.243
#55069.20 19.789 0.481
filter H2m
# PAIRITEL
55002.25 15.900 0.250
55003.29 15.950 0.170
55004.18 16.130 0.310
55006.20 16.130 0.310
55008.24 16.250 0.280
filter Ikait
# kait4
54991.38 17.281 0.118
54993.39 16.602 0.095
54996.36 16.713 0.090
55001.36 16.705 0.111
55007.35 17.905 0.201
55009.32 17.791 0.534
55014.35 17.719 0.190
55026.32 17.857 0.179
55028.23 18.018 0.212
55030.32 17.968 0.212
55032.24 18.496 0.265
55038.22 18.379 0.251
55046.21 18.396 0.336
55050.19 18.486 0.250
55055.20 18.584 0.285
55063.17 18.966 0.364
filter Is
# nickel2
54999.13 16.808 0.141
55015.12 17.108 0.047
55025.12 17.345 0.064
55032.11 17.646 0.054
55034.02 17.859 0.111
55042.02 18.083 0.070
55047.02 18.239 0.103
55067.98 18.967 0.164
filter J2m
# PAIRITEL
55000.26 16.300 0.160
55002.25 16.700 0.310
55003.29 16.880 0.210
55004.18 17.080 0.120
55006.20 17.160 0.180
55018.29 16.960 0.200
filter Ks2m
# PAIRITEL
55004.18 15.940 0.180
55006.20 15.570 0.260
55018.29 15.720 0.350
filter Rkait
# kait4
54991.38 16.701 0.059
54993.39 16.811 0.082
54996.36 16.532 0.051
54998.41 16.522 0.075
55001.36 16.698 0.083
55007.35 16.933 0.099
55009.32 16.764 0.092
55014.35 17.183 0.166
55026.32 17.778 0.095
55028.23 18.444 0.250
55030.32 18.194 0.176
55032.24 18.817 0.231
55034.22 18.762 0.322
55038.22 18.652 0.262
55046.21 18.833 0.253
55050.19 19.094 0.322
55055.20 19.165 0.238
filter Rs
# nickel2
54999.13 16.654 0.019
55015.12 17.231 0.033
55032.11 17.982 0.062
55042.02 18.302 0.056
55047.02 18.376 0.106
55067.98 19.015 0.090
filter V4sh
#
54999.45 16.806 0.034
55002.18 16.934 0.029
55003.30 16.974 0.033
55005.28 17.048 0.036
55008.25 17.296 0.035
55025.20 18.335 0.128
filter Vkait
# kait4
54991.38 16.960 0.046
54993.39 16.863 0.048
54996.36 16.754 0.045
54998.41 16.771 0.048
55001.36 16.790 0.045
55007.35 17.110 0.087
55009.32 17.263 0.114
55014.35 18.174 0.263
55026.32 18.779 0.218
55028.23 18.871 0.181
55030.32 18.811 0.157
55032.24 19.208 0.227
55034.22 19.116 0.242
55038.22 19.191 0.210
55046.21 19.184 0.240
55050.19 19.618 0.401
55055.20 19.654 0.334
55063.17 20.017 0.387
filter Vs
# nickel2
54999.13 16.873 0.030
55015.12 17.805 0.041
55025.12 18.283 0.087
55032.11 18.575 0.047
55034.02 18.604 0.052
55042.02 18.870 0.058
55047.02 19.063 0.105
55067.98 19.380 0.125
filter ik
#
54999.44 17.059 0.054
55002.17 17.180 0.042
55003.29 17.208 0.064
55008.24 17.481 0.040
55025.19 17.691 0.060
filter rk
#
54999.45 16.791 0.021
55000.26 16.796 0.028
55002.18 16.839 0.030
55003.30 16.868 0.025
55008.25 17.055 0.029
55025.19 17.860 0.088
filter R48
# Nugent LBNL pipeline
55002.340 16.930 0.010
55002.340 16.930 0.010
55002.436 17.300 0.010
55002.438 16.900 0.010
55012.378 17.720 0.010
55016.368 17.900 0.030
55016.393 18.030 0.030
55016.453 17.840 0.030
55022.367 18.160 0.040
55022.387 18.080 0.040
55022.426 18.090 0.040
55024.355 18.150 0.030
55024.355 18.150 0.030
55026.349 18.650 0.040
55028.367 18.680 0.040
55033.256 17.840 0.020
55033.310 18.430 0.030
55033.339 17.620 0.020
55040.299 19.320 0.050
55045.345 19.150 0.070
55046.225 18.120 0.040
55046.225 18.120 0.040
55046.324 18.710 0.060
55046.324 18.710 0.060
55048.241 19.130 0.090
55048.331 19.120 0.120
