SN2008Z 0.020990 145.813640 36.284390
#SN2008Z 145.81364 36.28439 SDSS_J094315.36+361709.2  -999 0.02099 0.000226 NED_Host_Galaxy_Name CBET_1243 POSS CBET_1246   Ia
# ['' 'B' 'H' 'I' 'J' 'Ks' 'R' 'U' 'V' "i'" "r'"]
# [''] on ['' 'PAIRITEL' 'nickel']
filter B4sh
#
54506.40 17.047 0.020
54508.38 16.770 0.019
54509.31 16.682 0.019
54510.41 16.588 0.018
54520.30 16.696 0.031
54524.30 16.817 0.028
54531.16 17.454 0.024
54532.26 17.565 0.035
54535.30 17.888 0.032
54537.18 18.093 0.050
54538.22 18.195 0.059
54539.14 18.212 0.062
54540.20 18.382 0.061
54549.25 18.716 0.167
54553.12 19.317 0.138
54556.18 19.455 0.119
54558.14 19.519 0.133
54569.16 19.796 0.196
54579.15 19.834 0.170
54584.13 19.763 0.132
54585.22 19.939 0.151
54593.19 19.998 0.167
54596.14 20.006 0.190
54616.19 20.541 0.264
filter Bs
# nickel
54509.32 16.654 0.010
54512.38 16.475 0.010
54523.35 16.755 0.029
54527.39 17.054 0.026
54530.25 17.299 0.010
54544.30 18.586 0.059
54568.24 19.517 0.059
filter H2m
# PAIRITEL
54509.32 16.780 0.080
54510.30 16.730 0.090
54513.33 16.550 0.180
54514.24 16.600 0.250
54515.30 16.690 0.250
54516.25 16.760 0.180
54518.29 16.850 0.130
54520.28 16.990 0.170
54521.24 16.990 0.110
54523.27 17.010 0.160
54524.23 17.140 0.110
54525.40 17.160 0.110
54526.23 17.200 0.140
54527.28 16.980 0.230
54528.30 17.210 0.240
54529.24 17.370 0.360
54530.22 17.060 0.170
54536.21 17.030 0.100
54537.10 16.910 0.180
54538.20 16.940 0.070
54540.21 16.890 0.170
54544.22 16.800 0.050
54547.26 16.760 0.170
54548.11 16.880 0.250
54549.16 16.920 0.160
54550.23 16.920 0.160
54551.21 17.010 0.070
54552.19 17.020 0.150
54553.16 17.090 0.030
54554.20 17.220 0.180
54561.14 17.190 0.250
54562.20 17.340 0.180
54563.15 17.350 0.250
54564.14 17.350 0.070
54565.15 17.450 0.170
54566.18 17.470 0.170
54569.14 17.560 0.250
54571.17 17.750 0.250
54577.15 17.880 0.180
54579.16 17.930 0.310
54580.23 17.830 0.320
54581.14 17.870 0.290
54598.14 17.940 0.290
54603.16 18.140 0.080
filter Is
# nickel
54509.32 16.396 0.020
54512.38 16.317 0.011
54523.35 16.816 0.010
54527.39 17.023 0.072
54530.25 17.202 0.019
54544.30 16.944 0.017
54568.24 18.054 0.044
filter J2m
# PAIRITEL
54509.32 16.480 0.040
54510.30 16.450 0.030
54513.33 16.480 0.030
54514.24 16.480 0.020
54515.30 16.560 0.050
54516.25 16.570 0.040
54518.29 16.790 0.020
54520.28 16.900 0.040
54521.24 17.000 0.080
54522.27 17.130 0.020
54523.27 17.320 0.150
54524.23 17.390 0.090
54525.40 17.660 0.080
54526.23 17.780 0.060
54527.28 17.960 0.250
54528.30 18.060 0.170
54529.24 18.160 0.100
54530.22 18.170 0.250
54531.27 18.180 0.090
54536.21 18.060 0.040
54537.10 18.020 0.040
54538.20 17.890 0.040
54540.21 17.890 0.110
54544.22 17.790 0.050
54547.26 17.560 0.250
54550.23 17.310 0.020
54551.21 17.350 0.040
54552.19 17.360 0.080
54553.16 17.440 0.050
54554.20 17.480 0.060
54561.14 17.880 0.030
54562.20 18.110 0.200
54563.15 18.120 0.250
54564.14 18.140 0.070
54565.15 18.250 0.080
54566.18 18.420 0.170
54568.15 18.530 0.130
54569.14 18.600 0.110
54571.17 18.660 0.130
54573.11 18.760 0.170
54577.15 19.220 0.270
54580.23 19.190 0.190
54584.12 19.590 0.260
54589.19 19.690 0.240
54599.15 20.020 0.180
filter Ks2m
# PAIRITEL
54509.32 16.160 0.100
54510.30 16.180 0.070
54513.33 16.270 0.170
54514.24 16.290 0.170
54515.30 16.280 0.120
54516.25 16.210 0.050
54518.29 16.350 0.170
54520.28 16.370 0.120
54521.24 16.280 0.110
54522.27 16.310 0.180
54523.27 16.500 0.200
54524.23 16.380 0.060
54526.23 16.720 0.180
54527.28 16.640 0.250
54529.24 16.640 0.280
54530.22 16.670 0.290
54531.27 16.590 0.250
54536.21 16.380 0.050
54537.10 16.310 0.170
54544.22 16.260 0.090
54547.26 16.470 0.160
54548.11 16.630 0.250
54549.16 16.570 0.180
54551.21 16.520 0.120
54553.16 16.670 0.130
54554.20 16.800 0.210
54561.14 17.060 0.160
54562.20 17.420 0.290
54567.14 17.130 0.270
54580.23 17.680 0.280
54584.12 17.640 0.180
54594.15 18.240 0.180
filter Rs
# nickel
54509.32 16.393 0.010
54512.38 16.191 0.010
54523.35 16.375 0.010
54527.39 16.635 0.019
54530.25 16.859 0.010
54544.30 17.137 0.016
54568.24 18.185 0.018
filter Us
#
54506.41 16.715 0.035
54508.39 16.412 0.043
54509.32 16.334 0.029
54510.41 16.256 0.030
54524.31 16.816 0.036
54531.17 17.713 0.060
54532.27 17.778 0.066
54535.31 18.134 0.139
54537.19 18.466 0.159
54538.23 18.499 0.147
54539.15 18.640 0.194
54540.20 18.734 0.152
filter V4sh
#
54506.40 16.907 0.018
54508.38 16.644 0.016
54509.31 16.526 0.017
54510.40 16.462 0.017
54520.30 16.363 0.017
54524.30 16.513 0.018
54531.15 16.930 0.019
54532.26 17.011 0.019
54535.29 17.144 0.019
54537.17 17.222 0.019
54538.21 17.277 0.020
54539.14 17.340 0.031
54540.19 17.360 0.021
54547.13 17.731 0.027
54549.25 17.783 0.048
54553.11 18.069 0.051
54556.17 18.196 0.034
54558.13 18.263 0.031
54569.15 18.752 0.068
54575.26 18.892 0.063
54579.15 18.871 0.046
54585.21 19.167 0.062
54593.18 19.319 0.087
54596.14 19.398 0.088
54616.19 19.669 0.089
filter Vs
# nickel
54509.32 16.607 0.011
54512.38 16.367 0.012
54523.35 16.529 0.010
54530.25 16.926 0.013
54544.30 17.636 0.022
54547.30 17.877 0.033
54568.24 18.686 0.023
filter ik
#
54506.39 17.009 0.023
54508.37 16.802 0.021
54509.30 16.721 0.022
54510.40 16.708 0.017
54520.29 16.941 0.022
54524.29 17.181 0.025
54531.15 17.678 0.026
54532.25 17.675 0.033
54535.29 17.669 0.023
54537.17 17.603 0.026
54538.21 17.587 0.025
54539.13 17.591 0.028
54540.19 17.543 0.024
54547.12 17.473 0.024
54549.24 17.587 0.033
54553.11 17.779 0.031
54556.17 17.919 0.029
54558.13 17.992 0.033
54575.26 18.960 0.068
54579.14 18.942 0.057
54585.21 19.234 0.067
54593.18 19.548 0.117
54596.13 19.573 0.128
54616.18 19.962 0.150
filter rk
#
54506.40 16.886 0.018
54508.38 16.625 0.016
54509.30 16.526 0.018
54510.40 16.463 0.015
54520.29 16.337 0.018
54524.30 16.534 0.019
54531.15 17.009 0.019
54532.25 17.040 0.021
54535.29 17.106 0.018
54537.17 17.118 0.020
54538.21 17.158 0.019
54539.14 17.171 0.019
54540.19 17.165 0.021
54549.24 17.434 0.028
54556.17 17.873 0.023
54558.13 17.971 0.045
54569.15 18.420 0.043
54575.26 18.645 0.045
54579.14 18.761 0.043
54584.12 18.883 0.076
54585.21 18.914 0.054
54593.18 19.177 0.073
54596.13 19.256 0.067
54616.18 19.954 0.102
