SN2006le 0.017432 75.174570 62.255250
#SN2006le 75.17457 62.25525 UGC_3218   SAb 0.017432 2.3e-05 NED_Host_Galaxy_Name CBET_700;CBET_704;IAUC_8770 LOSS CBET_702;IAUC_8770   Ia
# ['' 'B' 'H' 'I' 'J' 'Ks' 'R' 'U' 'V']
# [''] on ['' 'PAIRITEL' 'kait3']
filter Bs
#
54035.99 17.637 0.035
54036.72 17.396 0.019
54038.95 16.945 0.021
54039.83 16.821 0.016
54039.85 16.834 0.017
54040.88 16.711 0.018
54042.91 16.541 0.047
54043.84 16.507 0.048
54044.84 16.508 0.043
54045.89 16.435 0.040
54049.98 16.492 0.014
54050.97 16.530 0.012
54051.90 16.653 0.020
54052.93 16.599 0.014
54054.82 16.739 0.012
54055.89 16.808 0.013
54061.73 17.301 0.014
54065.80 17.707 0.016
54068.79 17.988 0.031
54069.79 18.059 0.037
54076.90 18.695 0.091
54077.84 18.870 0.052
54079.87 18.950 0.051
54083.84 19.274 0.040
54085.75 19.287 0.044
54088.91 19.317 0.043
54094.79 19.513 0.050
54113.84 19.792 0.074
54116.75 19.837 0.260
54125.85 20.085 0.292
54127.66 19.859 0.277
filter Bkait
# kait3
54035.44 18.002 0.035
54037.47 17.323 0.022
54039.50 16.899 0.015
54043.48 16.511 0.018
54048.51 16.430 0.021
54054.45 16.608 0.015
54058.40 16.936 0.016
54060.44 17.102 0.051
54063.39 17.360 0.018
54068.44 17.870 0.037
54070.37 18.019 0.030
54072.36 18.209 0.072
54077.35 18.582 0.058
54080.41 18.903 0.093
filter H2m
# PAIRITEL
54040.36 16.710 0.120
54041.36 16.610 0.250
54042.37 16.500 0.090
54043.36 16.540 0.100
54044.34 16.460 0.090
54045.34 16.430 0.090
54048.30 16.550 0.070
54049.30 16.500 0.070
54050.32 16.630 0.110
54051.41 16.740 0.170
54053.33 16.800 0.140
54055.40 16.940 0.170
54057.29 16.990 0.150
54058.22 16.950 0.160
54061.26 16.810 0.180
54063.30 16.800 0.170
54064.28 16.890 0.170
54066.40 16.870 0.200
54070.22 16.750 0.140
54071.20 16.650 0.090
54072.20 16.660 0.180
54074.20 16.670 0.250
54075.20 16.560 0.090
54076.17 16.530 0.100
54077.17 16.390 0.170
54078.33 16.360 0.080
54080.15 16.480 0.100
54082.20 16.460 0.060
54084.19 16.500 0.090
54085.18 16.720 0.130
54086.20 16.830 0.050
54090.23 17.220 0.250
54093.20 17.300 0.180
54095.15 17.390 0.190
54096.16 17.480 0.110
54100.18 17.870 0.330
filter Ikait
# kait3
54035.44 17.429 0.040
54037.47 16.776 0.030
54039.50 16.343 0.018
54043.48 16.087 0.017
54048.51 16.107 0.013
54054.45 16.343 0.017
54058.40 16.619 0.028
54060.44 16.612 0.078
54063.39 16.869 0.018
54068.44 16.812 0.027
54070.37 16.749 0.026
54072.36 16.698 0.022
54077.35 16.592 0.022
54080.41 16.575 0.014
54087.32 17.058 0.032
filter J2m
# PAIRITEL
54040.36 16.230 0.030
54041.36 16.180 0.030
54042.37 16.140 0.020
54043.36 16.190 0.020
54044.34 16.210 0.020
54045.34 16.200 0.020
54047.29 16.310 0.170
54048.30 16.260 0.030
54049.30 16.320 0.030
54050.32 16.470 0.030
54051.41 16.560 0.020
54052.32 16.740 0.040
54053.33 16.790 0.040
54055.40 17.080 0.030
54056.29 17.170 0.040
54057.29 17.340 0.100
54058.22 17.510 0.060
54061.26 17.840 0.050
54063.30 18.160 0.090
54066.40 17.990 0.020
54070.22 17.930 0.120
54071.20 17.950 0.180
54072.20 17.660 0.030
54074.20 17.620 0.100
54075.20 17.580 0.090
54076.17 17.360 0.030
54077.17 17.310 0.080
54078.33 17.220 0.030
54081.15 16.980 0.250
54084.19 17.030 0.020
54085.18 17.260 0.060
54086.20 17.420 0.030
54090.23 17.730 0.020
54091.23 17.740 0.060
54093.20 17.820 0.180
54095.15 18.120 0.180
54096.16 18.080 0.180
54100.18 18.770 0.040
54101.17 18.730 0.180
filter Ks2m
# PAIRITEL
54040.36 16.070 0.060
54041.36 16.090 0.080
54043.36 16.040 0.080
54045.34 16.170 0.170
54046.32 16.070 0.070
54047.29 16.160 0.030
54050.32 16.310 0.180
54051.41 16.230 0.090
54053.33 16.230 0.100
54055.40 16.210 0.120
54056.29 16.230 0.110
54057.29 16.190 0.160
54058.22 16.270 0.080
54060.26 16.340 0.070
54061.26 16.440 0.110
54066.40 16.420 0.250
54070.22 16.400 0.170
54071.20 16.420 0.170
54072.20 16.440 0.180
54074.20 16.460 0.170
54075.20 16.350 0.180
54076.17 16.260 0.100
54077.17 16.260 0.040
54078.33 16.260 0.180
54081.15 16.490 0.180
54084.19 16.460 0.070
54085.18 16.670 0.250
54086.20 16.660 0.170
54093.20 16.710 0.130
54095.15 16.810 0.080
54100.18 17.270 0.210
filter Rkait
# kait3
54035.44 17.544 0.034
54037.47 16.884 0.019
54039.50 16.483 0.010
54043.48 16.060 0.010
54048.51 15.913 0.010
54054.45 16.047 0.010
54058.40 16.295 0.014
54060.44 16.447 0.058
54063.39 16.613 0.014
54068.44 16.742 0.010
54070.37 16.778 0.017
54072.36 16.799 0.013
54077.35 16.881 0.014
54080.41 16.997 0.020
54087.32 17.436 0.033
filter Us
#
54036.72 17.428 0.059
54036.72 17.479 0.051
54038.95 16.848 0.058
54038.96 16.739 0.057
54039.83 16.665 0.046
54039.83 16.622 0.046
54039.85 16.600 0.040
54039.86 16.616 0.046
54040.88 16.500 0.042
54040.88 16.443 0.046
54042.91 16.334 0.041
54042.91 16.382 0.046
54043.84 16.337 0.066
54043.85 16.230 0.050
54045.89 16.292 0.055
54049.98 16.486 0.042
54049.99 16.467 0.045
54050.98 16.539 0.051
54050.98 16.500 0.059
54051.90 16.694 0.061
54051.90 16.552 0.056
54052.93 16.730 0.072
54052.94 16.641 0.071
54054.83 16.895 0.081
54054.83 16.800 0.086
54055.89 16.948 0.080
54055.90 16.934 0.089
54065.81 18.123 0.092
54065.81 18.091 0.098
54068.80 18.512 0.257
54068.80 18.708 0.274
54069.80 18.547 0.278
54070.87 18.750 0.299
54070.88 18.649 0.286
54077.84 19.159 0.260
54079.87 19.112 0.278
filter Vs
#
54035.97 17.364 0.020
54035.98 17.353 0.043
54036.71 17.120 0.017
54038.95 16.739 0.016
54039.83 16.596 0.015
54039.85 16.582 0.013
54040.88 16.462 0.012
54042.90 16.318 0.014
54043.84 16.244 0.018
54045.88 16.187 0.020
54049.98 16.114 0.011
54050.97 16.133 0.010
54051.89 16.136 0.019
54052.93 16.178 0.011
54054.82 16.230 0.010
54055.89 16.288 0.012
54061.73 16.622 0.012
54065.80 16.831 0.012
54068.79 16.926 0.017
54069.79 16.947 0.018
54070.87 17.029 0.017
54071.79 17.105 0.024
54075.77 17.241 0.021
54076.90 17.279 0.033
54077.83 17.343 0.020
54079.86 17.493 0.018
54083.84 17.728 0.019
54085.74 17.849 0.021
54088.91 18.010 0.023
54090.86 18.225 0.110
54090.88 18.130 0.069
54094.78 18.205 0.025
54099.70 18.439 0.045
54099.80 18.439 0.065
54100.72 18.513 0.043
54100.78 18.529 0.049
54113.84 18.764 0.043
54116.75 18.914 0.041
54116.78 18.902 0.034
54125.85 19.057 0.049
54127.65 19.117 0.076
54136.66 19.390 0.052
54137.64 19.472 0.064
54138.68 19.392 0.066
54139.73 19.471 0.055
54140.67 19.473 0.051
54143.64 19.656 0.076
54147.64 19.746 0.070
54148.61 19.687 0.061
54151.70 19.785 0.083
54152.63 19.785 0.089
54155.71 19.948 0.115
54160.65 20.098 0.185
54165.62 20.159 0.117
54175.65 20.444 0.125
filter Vkait
# kait3
54035.44 17.757 0.022
54037.47 17.124 0.018
54039.50 16.705 0.015
54043.48 16.312 0.015
54048.51 16.144 0.013
54054.45 16.216 0.013
54058.40 16.408 0.013
54060.44 16.499 0.036
54063.39 16.710 0.011
54068.44 16.972 0.019
54070.37 17.053 0.015
54072.36 17.117 0.024
54077.35 17.383 0.031
54080.41 17.587 0.030
54087.32 18.096 0.041
