SN2005bo 0.013896 192.420990 -11.096630
#SN2005bo 192.42099 -11.09663 NGC_4708 SA(r)ab_pec? 0.013896 2.7e-05 NED_Host_Galaxy_Name CBET_141;IAUC_8514 POSS CBET_142;IAUC_8517   Ia
# ['B' 'H' 'I' 'J' 'Ks' 'R' 'V' 'g' 'i' 'r' 'u']
# [''] on ['CSP' 'PAIRITEL' 'kait3']
filter B
#csp
53478.24 15.850 0.011
53479.22 15.841 0.011
53480.22 15.871 0.010
53481.18 15.919 0.010
53484.23 16.084 0.025
53489.21 16.586 0.010
53490.20 16.705 0.012
53491.20 16.829 0.011
53512.25 18.618 0.143
filter Bkait
# kait3
53478.35 15.878 0.018
53479.33 15.879 0.016
53480.31 15.895 0.018
53486.34 16.204 0.046
53490.29 16.728 0.042
53492.32 16.941 0.022
53494.32 17.250 0.028
53501.33 18.062 0.048
53503.29 18.101 0.056
53514.23 18.558 0.136
53517.21 18.988 0.086
53521.19 18.920 0.123
53524.27 19.035 0.130
53527.23 19.262 0.142
53531.20 19.269 0.143
filter H2m
# PAIRITEL
53490.20 16.050 0.100
53493.22 15.850 0.070
53494.18 15.870 0.080
53496.30 15.750 0.100
53497.21 15.680 0.070
53498.18 15.720 0.100
53499.21 15.670 0.090
53500.21 15.550 0.070
53501.25 15.560 0.060
53502.20 15.690 0.080
53503.22 15.580 0.080
53504.22 15.770 0.250
53506.20 15.680 0.100
53507.23 15.810 0.110
53509.22 16.040 0.080
53511.24 15.940 0.040
filter Ikait
# kait3
53478.35 15.422 0.021
53479.33 15.480 0.019
53480.31 15.504 0.022
53486.34 15.834 0.051
53490.29 16.078 0.032
53492.32 16.033 0.026
53494.32 16.016 0.025
53501.33 15.865 0.029
53503.29 15.876 0.027
53514.23 16.479 0.043
53517.21 16.729 0.032
53521.19 16.941 0.045
53524.27 16.994 0.052
53527.23 17.144 0.069
53531.20 17.276 0.074
53540.20 17.715 0.095
53545.20 17.848 0.081
filter J2m
# PAIRITEL
53490.20 17.000 0.060
53493.22 17.110 0.080
53494.18 16.950 0.090
53495.22 16.970 0.200
53496.30 16.730 0.050
53497.21 16.800 0.060
53498.18 16.730 0.040
53499.21 16.700 0.040
53500.21 16.720 0.040
53502.20 16.550 0.050
53503.22 16.490 0.020
53504.22 16.440 0.290
53506.20 16.390 0.050
53507.23 16.330 0.040
53509.22 16.470 0.030
filter Ks2m
# PAIRITEL
53490.20 15.820 0.070
53493.22 15.930 0.120
53494.18 15.730 0.090
53496.30 15.700 0.030
53497.21 15.670 0.080
53498.18 15.600 0.070
53499.21 15.530 0.120
53500.21 15.700 0.100
53501.25 15.540 0.060
53502.20 15.700 0.060
53503.22 15.660 0.100
53506.20 15.740 0.060
53509.22 15.890 0.100
filter Rkait
# kait3
53478.35 15.332 0.018
53479.33 15.370 0.020
53480.31 15.366 0.020
53486.34 15.548 0.021
53490.29 15.943 0.042
53492.32 16.044 0.018
53494.32 16.038 0.022
53501.33 16.187 0.019
53503.29 16.294 0.021
53514.23 17.027 0.039
53517.21 17.168 0.031
53521.19 17.338 0.035
53524.27 17.319 0.053
53527.23 17.532 0.078
53531.20 17.587 0.054
53540.20 18.060 0.073
53545.20 18.036 0.073
filter V
#csp
53478.24 15.585 0.012
53479.22 15.585 0.012
53480.22 15.551 0.014
53481.18 15.584 0.011
53484.23 15.677 0.021
53487.22 15.809 0.013
53489.21 15.956 0.010
53490.20 16.027 0.012
53491.20 16.100 0.015
53512.25 17.483 0.062
filter Vkait
# kait3
53478.35 15.588 0.011
53479.33 15.596 0.011
53480.31 15.565 0.015
53486.34 15.793 0.032
53490.29 16.044 0.022
53492.32 16.206 0.018
53494.32 16.293 0.026
53501.33 16.733 0.030
53503.29 16.885 0.019
53517.21 17.681 0.034
53521.19 17.829 0.047
53524.27 17.848 0.066
53527.23 17.929 0.053
53531.20 18.006 0.067
53540.20 18.286 0.097
53545.20 18.490 0.073
filter g
#csp
53478.24 15.686 0.009
53479.22 15.667 0.010
53480.22 15.688 0.013
53481.18 15.701 0.010
53484.23 15.839 0.014
53489.21 16.236 0.009
53490.20 16.328 0.009
53491.20 16.419 0.011
53512.25 18.171 0.079
filter i
#csp
53478.24 15.831 0.012
53479.22 15.853 0.016
53480.22 15.904 0.015
53481.18 15.930 0.013
53484.23 16.060 0.020
53489.21 16.461 0.010
53490.20 16.511 0.012
53491.20 16.509 0.012
53512.25 16.884 0.019
filter r
#csp
53478.24 15.458 0.009
53479.22 15.436 0.012
53480.22 15.442 0.012
53481.18 15.430 0.011
53484.23 15.517 0.012
53489.21 15.910 0.009
53490.20 15.973 0.011
53491.20 16.016 0.010
53512.25 17.003 0.023
filter u
#csp
53478.24 16.532 0.010
53479.22 16.581 0.013
53480.22 16.640 0.011
53481.18 16.721 0.012
53484.23 17.024 0.030
53489.21 17.752 0.017
53490.20 17.894 0.015
53491.20 18.040 0.017
