SN2006E 0.002686 208.368800 5.206190
#SN2006E 208.3688 5.20619 NGC_5338   SB0 0.002686 5e-06 NED_21-cm_or_Opt_Smallest_Error CBET_363;IAUC_8658;IAUC_8666 POSS;_LOSS;_CROSS ATEL_690;CBET_366   Ia
# ['' 'B' 'H' 'I1' 'I2' 'J' 'Ks' 'U' 'UVM2' 'UVW1' 'UVW2' 'V']
# ['' 'IRAC' 'UVOT'] on ['' 'PAIRITEL' 'Spitzer' 'Swift']

filter B_UVOT
# Swift
53755.11 15.444 0.056
53763.13 15.572 0.052
53816.11 16.329 0.061
53816.51 16.387 0.057
53881.59 17.408 0.074
53900.06 17.680 0.069
filter H2m
# PAIRITEL
53753.40 14.080 0.010
53754.46 14.140 0.020
53755.40 14.100 0.010
53757.55 14.250 0.020
53758.49 14.330 0.020
53762.48 14.490 0.020
53763.42 14.520 0.020
53764.42 14.590 0.030
53765.42 14.620 0.030
53766.43 14.620 0.030
53767.43 14.690 0.020
53768.42 14.720 0.040
53770.52 14.780 0.030
53771.42 14.830 0.040
53772.43 14.930 0.030
53773.55 14.980 0.030
53776.46 14.940 0.040
53778.36 15.170 0.050
53779.35 15.260 0.030
53781.34 15.270 0.040
53788.38 15.630 0.080
53791.37 15.770 0.060
53794.34 15.870 0.070
53797.35 16.170 0.120
53800.31 16.440 0.080
53803.31 16.400 0.110
53807.32 16.700 0.150
53810.29 16.690 0.160
53817.35 17.180 0.200
#filter I1
# Spitzer
#53955.00 17.410 0.350
#filter I2
# Spitzer
#53955.00 17.550 0.450
filter J2m
# PAIRITEL
53753.40 14.910 0.010
53754.46 15.010 0.010
53755.40 14.960 0.010
53757.55 15.180 0.020
53758.49 15.320 0.010
53762.48 15.550 0.020
53763.42 15.590 0.010
53764.42 15.700 0.030
53765.42 15.730 0.020
53766.43 15.870 0.020
53767.43 15.920 0.020
53768.42 15.960 0.030
53770.52 16.150 0.010
53771.42 16.210 0.030
53772.43 16.230 0.010
53773.55 16.310 0.030
53776.46 16.290 0.020
53777.39 16.440 0.020
53778.36 16.370 0.020
53779.35 16.620 0.030
53781.34 16.780 0.030
53788.38 17.240 0.050
53791.37 17.420 0.060
53794.34 17.710 0.070
53797.35 17.940 0.080
53800.31 18.020 0.090
53803.31 18.260 0.110
53807.32 18.690 0.090
53810.29 18.630 0.160
53817.35 19.270 0.300
filter Ks2m
# PAIRITEL
53753.40 14.220 0.060
53754.46 14.280 0.040
53757.55 14.420 0.060
53758.49 14.500 0.060
53762.48 14.660 0.070
53763.42 14.640 0.060
53764.42 14.730 0.070
53765.42 14.740 0.080
53766.43 14.820 0.110
53767.43 14.860 0.070
53768.42 14.860 0.100
53770.52 15.080 0.100
53771.42 15.070 0.060
53772.43 15.030 0.080
53773.55 15.220 0.120
53776.46 15.050 0.100
53778.36 15.400 0.140
53781.34 15.160 0.110
53788.38 15.720 0.190
53791.37 15.940 0.120
53794.34 15.850 0.190
53800.31 16.130 0.230
53803.31 16.280 0.290
53807.32 16.710 0.370
53810.29 16.700 0.370
filter U_UVOT
# Swift
53755.11 15.745 0.062
53763.13 15.943 0.064
53816.11 16.970 0.076
53816.51 17.114 0.074
53881.59 18.345 0.125
53900.06 18.661 0.130
filter UVM2
# Swift
53755.11 18.624 0.106
53763.13 18.949 0.131
53816.10 20.128 0.271
53816.51 20.289 0.285
filter UVW1
# Swift
53748.85 17.021 0.074
53755.11 17.222 0.076
53763.13 17.363 0.081
53816.11 18.556 0.131
53816.50 18.575 0.117
53881.59 19.879 0.295
53888.25 20.197 0.373
53900.46 20.108 0.230
filter UVW2
# Swift
53748.83 18.099 0.091
53755.10 18.316 0.092
53763.12 18.670 0.104
53816.10 20.110 0.211
53816.51 19.945 0.173
filter V_UVOT
# Swift
53755.11 14.422 0.049
53763.13 14.697 0.054
53816.10 16.012 0.063
53816.51 16.064 0.060
53881.59 17.361 0.097
53900.05 17.682 0.099
