SN2011B 0.004670 133.950160 78.216930
#SN2011B 133.95016 78.21693 NGC_2655 SAB(s)0/a 0.00467 3e-06 NED_Host_Galaxy_Name CBET_2625;ATEL_3395 Itagaki CBET_262   Ia
# ['' 'B' 'H' 'J' 'Ks' 'U' 'UVM2' 'UVW1' 'UVW2' 'V']
# ['' 'UVOT' 'VLA'] on ['' 'PAIRITEL' 'Swift']
filter B_UVOT
# Swift
55572.77 14.167 0.046
55576.97 13.212 0.030
55581.44 12.920 0.029
55584.38 12.852 0.029
55587.32 12.977 0.029
55590.20 13.202 0.030
55594.75 13.670 0.031
55596.34 13.917 0.031
55602.58 14.667 0.036
55607.71 15.212 0.043
55615.40 15.862 0.062
55631.56 16.268 0.066
55639.14 16.380 0.070
55647.21 16.393 0.068
filter H2m
# PAIRITEL
55571.31 14.440 0.180
55572.30 14.150 0.050
55573.31 13.920 0.070
55574.29 13.730 0.170
55575.31 13.680 0.070
55576.30 13.490 0.250
55577.29 13.600 0.250
55578.26 13.460 0.030
55579.30 13.390 0.170
55594.25 13.760 0.030
55595.27 13.740 0.040
55599.25 13.550 0.040
55600.23 13.480 0.050
55601.21 13.500 0.020
55602.18 13.470 0.180
55603.20 13.390 0.050
55604.29 13.360 0.250
55605.27 13.410 0.180
55606.37 13.330 0.180
55607.26 13.400 0.060
55608.24 13.420 0.050
55610.22 13.480 0.050
55617.22 13.960 0.090
55618.22 14.030 0.020
55619.26 14.060 0.040
55620.23 14.160 0.080
55621.25 14.220 0.090
55622.24 14.190 0.180
55624.19 14.260 0.180
55625.19 14.370 0.040
55626.18 14.470 0.180
55630.18 14.600 0.170
55631.17 14.610 0.080
55637.17 14.770 0.120
55639.27 15.040 0.170
55640.21 14.830 0.180
55643.21 15.020 0.250
55644.18 15.130 0.180
55645.23 15.250 0.170
55647.22 15.190 0.250
55648.25 15.330 0.170
55649.19 15.380 0.170
55651.16 15.510 0.170
filter J2m
# PAIRITEL
55571.31 14.470 0.060
55572.30 14.130 0.040
55573.31 13.910 0.020
55574.29 13.800 0.050
55575.31 13.530 0.050
55576.30 13.340 0.030
55577.29 13.310 0.170
55578.26 13.290 0.250
55579.30 13.210 0.170
55594.25 14.710 0.050
55595.27 14.550 0.250
55599.25 14.720 0.180
55600.23 14.630 0.250
55601.21 14.630 0.180
55602.18 14.570 0.170
55603.20 14.530 0.030
55604.29 14.400 0.030
55605.27 14.430 0.170
55606.37 14.440 0.250
55607.26 14.310 0.020
55608.24 14.270 0.040
55610.22 14.170 0.020
55617.22 14.490 0.010
55618.22 14.640 0.030
55619.26 14.740 0.030
55620.23 14.830 0.180
55621.25 14.920 0.070
55622.24 15.020 0.030
55623.20 14.970 0.170
55624.19 15.070 0.170
55625.19 15.230 0.040
55626.18 15.370 0.080
55628.22 15.400 0.250
55629.21 15.500 0.060
55630.18 15.540 0.170
55631.17 15.700 0.070
55639.27 16.250 0.180
55640.21 16.210 0.170
55641.20 16.410 0.200
55643.21 16.540 0.170
55644.18 16.610 0.150
55645.23 16.700 0.150
55647.22 16.860 0.250
55648.25 16.760 0.180
55649.19 16.810 0.140
55651.16 16.940 0.130
filter Ks2m
# PAIRITEL
55571.31 14.500 0.170
55572.30 14.230 0.170
55573.31 14.000 0.170
55574.29 13.790 0.170
55575.31 13.630 0.170
55576.30 13.470 0.180
55577.29 13.440 0.180
55578.26 13.410 0.170
55579.30 13.340 0.180
55594.25 13.740 0.180
55595.27 13.880 0.180
55599.25 13.620 0.180
55600.23 13.610 0.170
55601.21 13.600 0.180
55602.18 13.620 0.170
55603.20 13.540 0.180
55604.29 13.460 0.170
55605.27 13.500 0.170
55606.37 13.590 0.250
55607.26 13.510 0.180
55608.24 13.510 0.170
55610.22 13.560 0.180
55617.22 14.150 0.180
55618.22 14.290 0.250
55619.26 14.270 0.170
55620.23 14.280 0.170
55621.25 14.460 0.250
55622.24 14.350 0.170
55625.19 14.570 0.180
55626.18 14.530 0.170
55629.21 14.730 0.180
55630.18 14.730 0.170
55631.17 14.830 0.180
55639.27 15.370 0.170
55641.20 15.420 0.180
55643.21 15.410 0.180
55645.23 15.440 0.180
filter U_UVOT
# Swift
55572.77 13.793 0.044
55576.36 12.664 0.040
55576.96 12.516 0.029
55581.44 12.393 0.029
55584.38 12.555 0.029
55587.32 12.894 0.030
55590.20 13.320 0.031
55594.75 14.008 0.035
55596.34 14.286 0.037
55602.58 15.185 0.053
55607.71 15.770 0.066
55615.40 16.248 0.071
55631.56 16.659 0.077
55639.14 16.790 0.085
55647.21 17.075 0.088
filter UVM2
# Swift
55572.77 19.334 0.204
55576.76 17.024 0.079
55578.48 16.582 0.069
55581.51 16.371 0.066
55584.52 16.406 0.066
55587.42 16.727 0.069
55590.30 17.178 0.074
55593.34 17.447 0.087
55594.28 17.527 0.089
55596.46 17.970 0.086
55602.21 18.466 0.100
55607.95 18.740 0.111
55615.41 19.218 0.130
55631.57 19.438 0.154
55639.15 19.705 0.194
55647.18 19.804 0.252
filter UVW1
# Swift
55572.76 15.658 0.065
55575.76 14.438 0.050
55577.24 14.178 0.048
55578.47 14.054 0.046
55581.52 14.056 0.047
55584.52 14.263 0.049
55587.46 14.619 0.062
55590.30 15.133 0.064
55593.35 15.433 0.070
55594.28 15.555 0.072
55596.46 16.051 0.072
55602.22 16.745 0.079
55607.96 17.197 0.093
55615.40 17.596 0.088
55631.56 18.061 0.104
55639.11 18.290 0.117
55647.21 18.351 0.120
filter UVW2
# Swift
55572.77 17.287 0.083
55576.21 16.185 0.074
55577.26 16.083 0.073
55578.47 15.773 0.074
55581.51 15.751 0.074
55584.51 15.828 0.074
55587.42 16.222 0.076
55590.29 16.530 0.078
55593.37 16.807 0.087
55594.27 16.986 0.090
55596.45 17.333 0.086
55602.20 17.971 0.098
55605.35 18.401 0.127
55607.94 18.485 0.115
55615.41 18.814 0.117
55631.56 19.281 0.145
55639.15 19.414 0.169
55647.21 19.839 0.202
filter V_UVOT
# Swift
55572.77 14.232 0.056
55578.37 13.065 0.033
55578.44 13.079 0.033
55578.58 13.089 0.033
55581.44 12.968 0.031
55584.38 12.826 0.031
55587.32 12.824 0.031
55590.20 12.899 0.032
55594.75 13.183 0.032
55596.35 13.281 0.033
55602.58 13.707 0.035
55607.71 14.030 0.038
55615.41 14.624 0.058
55631.57 15.244 0.064
55639.15 15.439 0.069
55647.17 15.609 0.075
