SN2008af 0.033507 224.868460 16.653250
#SN2008af 224.86846 16.65325 UGC_9640     E 0.033507 0.000153 NED_Host_Galaxy_Name CBET_1248 Boles CBET_1253   Ia
# ['' 'B' 'H' 'J' 'Ks' 'V']
# [''] on ['' 'PAIRITEL']
filter Bk
#
54509.01 17.454 0.018
54509.02 17.457 0.017
54509.97 17.513 0.017
54509.97 17.551 0.018
54513.03 17.887 0.022
54513.03 17.929 0.019
54516.02 18.311 0.061
54520.03 18.853 0.080
54524.04 19.412 0.139
54524.04 19.386 0.194
54531.98 20.114 0.234
filter H2m
# PAIRITEL
54508.55 17.610 0.250
54509.56 18.160 0.320
54513.48 17.880 0.250
54514.48 17.960 0.270
54516.43 17.550 0.250
54520.51 17.330 0.170
54521.50 17.380 0.180
54523.45 17.240 0.250
54524.50 17.270 0.170
54525.43 17.370 0.250
54528.51 17.360 0.250
54530.48 17.650 0.250
54531.50 17.640 0.250
54533.52 17.610 0.180
54534.45 17.770 0.250
54537.48 17.720 0.170
54539.43 17.990 0.180
54540.44 18.010 0.170
54547.40 18.170 0.250
54548.38 18.290 0.270
54549.40 18.190 0.170
54550.40 18.090 0.180
54551.40 18.280 0.180
54552.39 18.250 0.300
54557.43 18.610 0.200
54568.35 18.680 0.330
54571.35 18.970 0.190
54572.35 18.710 0.170
54575.34 18.870 0.180
54576.40 18.710 0.260
54577.32 18.840 0.190
filter J2m
# PAIRITEL
54508.55 18.610 0.170
54510.54 19.140 0.170
54513.48 19.740 0.280
54515.52 19.360 0.250
54516.43 19.120 0.250
54520.51 18.680 0.070
54521.50 18.450 0.180
54523.45 18.540 0.250
54524.50 18.440 0.060
54525.43 18.330 0.060
54528.51 18.370 0.180
54529.51 18.160 0.250
54530.48 18.370 0.250
54531.50 18.350 0.180
54533.52 18.940 0.370
54534.45 18.920 0.250
54537.48 19.130 0.140
54539.43 19.440 0.250
54540.44 19.530 0.170
54550.40 20.410 0.180
54557.43 20.030 0.170
54558.38 20.050 0.190
54571.35 20.530 0.180
filter Ks2m
# PAIRITEL
54508.55 17.010 0.250
54509.56 17.110 0.250
54510.54 17.920 0.280
54513.48 17.810 0.330
54515.52 17.510 0.250
54520.51 17.530 0.250
54524.50 17.450 0.270
54529.51 17.390 0.250
54530.48 17.410 0.180
54531.50 17.500 0.170
54534.45 17.710 0.250
54540.44 17.670 0.250
54548.38 17.810 0.260
54549.40 17.740 0.250
54555.46 18.050 0.200
54556.45 17.830 0.170
54561.36 18.350 0.170
54565.37 18.220 0.180
54572.35 18.510 0.170
54576.40 18.560 0.180
54577.32 18.660 0.170
filter Vk
#
54509.01 17.108 0.014
54509.96 17.121 0.014
54513.02 17.346 0.016
54516.02 17.587 0.032
54520.02 17.809 0.031
54524.04 18.133 0.032
54531.97 18.722 0.045
54545.02 19.497 0.144
54556.97 19.610 0.090
54558.94 19.739 0.092
