SN2009do 0.039734 188.743100 50.851080
#SN2009do 188.7431 50.85108 NGC_4537     S 0.039734 8e-05 NED_Host_Galaxy_Name CBET_1778;CBET_1782 LOSS;_POSS CBET_1778   Ia
# ['' 'B' 'H' 'J' 'Ks' 'V' "i'" "r'" "u'"]
# [''] on ['' 'PAIRITEL']
filter B4sh
#
54946.37 17.166 0.040
54948.29 17.210 0.023
54950.35 17.367 0.071
54951.17 17.413 0.024
54954.19 17.615 0.049
54955.15 17.745 0.053
54964.20 18.923 0.067
54967.16 19.400 0.162
54968.26 19.401 0.128
54969.20 19.674 0.204
54970.25 19.565 0.260
54975.27 20.135 0.239
54977.23 20.271 0.245
54983.22 20.365 0.280
54994.25 20.915 0.405
filter H2m
# PAIRITEL
54952.22 18.130 0.250
54955.25 18.200 0.270
54959.19 18.270 0.180
54961.20 18.090 0.170
54963.22 18.110 0.250
54964.22 17.880 0.250
54965.22 17.990 0.030
54966.28 17.840 0.180
54983.18 17.950 0.320
filter J2m
# PAIRITEL
54949.24 18.120 0.130
54952.22 18.230 0.220
54957.18 18.410 0.170
54959.19 18.590 0.170
54963.22 18.870 0.180
54965.22 18.800 0.210
54966.28 18.610 0.250
54970.25 18.450 0.270
54974.19 18.460 0.280
54975.18 18.400 0.250
54976.18 18.360 0.220
54978.24 18.440 0.160
54980.22 18.590 0.340
54983.18 18.850 0.350
filter Ks2m
# PAIRITEL
54949.24 17.070 0.250
54950.20 16.790 0.170
54964.22 16.640 0.250
54966.28 16.980 0.250
54974.19 16.950 0.170
filter V4sh
#
54946.37 17.174 0.037
54948.29 17.164 0.025
54950.35 17.185 0.035
54951.16 17.216 0.025
54954.19 17.340 0.048
54955.15 17.335 0.038
54956.15 17.584 0.072
54958.17 17.688 0.075
54959.16 17.672 0.044
54964.20 17.976 0.047
54967.16 18.110 0.080
54968.25 18.366 0.080
54969.19 18.317 0.073
54970.25 18.421 0.096
54975.26 18.636 0.071
54977.22 18.861 0.060
54983.22 18.953 0.071
54994.25 19.519 0.103
filter ik
#
54946.34 17.762 0.036
54948.29 17.762 0.034
54950.34 17.801 0.037
54951.16 17.811 0.040
54954.19 17.963 0.047
54955.15 18.079 0.042
54956.14 18.211 0.060
54964.19 18.314 0.060
54967.15 18.216 0.055
54968.23 18.080 0.083
54969.19 18.194 0.046
54970.24 18.182 0.048
54975.24 18.243 0.047
54977.22 18.422 0.070
54983.21 18.783 0.069
54994.24 19.387 0.145
filter rk
#
54946.36 17.196 0.032
54948.29 17.202 0.026
54950.35 17.224 0.027
54951.16 17.233 0.023
54954.19 17.393 0.035
54955.15 17.422 0.024
54956.14 17.567 0.038
54958.17 17.620 0.033
54959.16 17.651 0.028
54964.19 17.850 0.022
54967.16 17.971 0.043
54968.23 18.040 0.037
54969.19 18.045 0.025
54970.23 18.102 0.062
54975.25 18.331 0.041
54977.22 18.522 0.050
54983.22 18.716 0.049
54994.25 19.195 0.096
filter uk
#
54948.35 17.925 0.117
54951.17 18.275 0.138
54954.20 19.054 0.221
