SN2006ac 0.023106 190.437080 35.068720
#SN2006ac 190.43708 35.06872 NGC_4619 SB(r)b_pec? 0.023106 3.7e-05 NED_Host_Galaxy_Name IAUC_8669 LOSS CBET_398;ATEL_732   Ia
# ['B' 'H' 'I' 'J' 'Ks' 'R' 'U' 'V']
# [''] on ['' 'PAIRITEL' 'kait3']
filter Bs
#
53777.00 16.378 0.020
53780.95 16.274 0.025
53786.03 16.471 0.021
53788.00 16.565 0.017
53796.02 17.498 0.020
53797.02 17.670 0.021
53797.92 17.721 0.020
53799.01 17.930 0.021
53800.01 17.991 0.020
53807.83 19.074 0.173
53812.01 19.090 0.075
53812.94 19.205 0.063
53817.82 19.289 0.070
53826.96 19.578 0.084
53828.94 19.467 0.090
53831.87 19.711 0.125
53844.77 19.805 0.130
53856.91 20.037 0.261
53857.81 19.804 0.262
53858.82 19.860 0.255
53859.69 20.040 0.286
53861.74 19.808 0.256
53865.79 20.058 0.283
filter Bkait
# kait3
53782.52 16.174 0.044
53787.46 16.419 0.040
53789.47 16.511 0.014
53813.43 18.805 0.250
53816.43 18.959 0.155
53821.38 19.111 0.062
53843.33 19.224 0.116
53852.31 19.518 0.167
filter H2m
# PAIRITEL
53783.28 17.360 0.170
53786.28 17.530 0.180
53787.27 17.690 0.250
53788.28 17.640 0.170
53790.27 17.700 0.120
53791.24 17.490 0.150
53792.25 17.310 0.170
53797.26 17.230 0.170
53800.27 17.190 0.150
53803.28 17.180 0.280
53808.27 17.030 0.110
53829.26 18.490 0.220
53833.21 18.560 0.170
53837.21 19.590 0.170
53839.19 18.890 0.330
filter Ikait
# kait3
53782.52 16.533 0.070
53787.46 16.667 0.061
53789.47 16.779 0.028
53813.43 17.196 0.051
53816.43 17.367 0.087
53821.38 17.689 0.069
53843.33 18.443 0.154
filter J2m
# PAIRITEL
53782.28 16.820 0.120
53783.28 16.980 0.110
53786.28 17.470 0.180
53787.27 17.700 0.140
53788.28 17.910 0.090
53789.28 17.890 0.170
53791.24 18.210 0.140
53797.26 18.310 0.130
53798.25 18.190 0.250
53799.26 17.790 0.170
53802.28 17.740 0.150
53803.28 17.780 0.250
53807.24 17.520 0.100
53808.27 17.460 0.110
53810.25 17.530 0.150
53811.21 17.530 0.220
53820.27 17.780 0.070
53827.22 18.420 0.300
53829.26 18.610 0.310
53833.21 18.760 0.200
53838.18 19.180 0.300
53839.19 19.400 0.370
filter Ks2m
# PAIRITEL
53783.28 16.590 0.150
53786.28 16.600 0.170
53787.27 16.640 0.160
53788.28 16.710 0.250
53790.27 16.880 0.130
53798.25 17.040 0.170
53799.26 16.900 0.210
53802.28 16.840 0.180
53803.28 16.780 0.170
53807.24 17.050 0.260
53808.27 16.550 0.170
53817.23 16.820 0.180
53831.26 17.500 0.170
53833.21 17.140 0.180
53839.19 17.710 0.350
53841.26 18.160 0.180
filter Rkait
# kait3
53782.52 15.987 0.016
53787.46 16.121 0.013
53789.47 16.216 0.020
53813.43 17.380 0.038
53816.43 17.540 0.034
53821.38 17.812 0.028
53843.33 18.593 0.070
53852.31 18.960 0.084
filter Us
#
53778.01 16.058 0.047
53778.98 16.058 0.055
53779.00 15.973 0.049
53780.95 16.107 0.047
53780.95 16.096 0.045
53786.02 16.482 0.047
53786.02 16.500 0.044
53788.01 16.754 0.041
53788.01 16.764 0.041
53793.93 17.583 0.043
53796.01 17.754 0.053
53796.01 17.775 0.053
53797.92 18.026 0.049
53797.92 17.940 0.049
53799.00 18.200 0.060
53799.00 18.233 0.057
53800.00 18.422 0.064
53802.98 18.606 0.072
53802.99 18.559 0.070
53817.83 19.369 0.285
53826.95 19.461 0.310
53827.93 19.651 0.276
53828.93 19.823 0.238
53831.88 19.876 0.208
53831.88 19.889 0.169
53833.81 19.779 0.289
53844.76 19.847 0.216
filter Vs
#
53776.96 16.300 0.021
53776.98 16.285 0.017
53776.99 16.285 0.019
53777.00 16.301 0.018
53778.98 16.135 0.016
53780.94 16.132 0.018
53786.02 16.196 0.018
53788.00 16.238 0.014
53796.01 16.750 0.015
53797.01 16.793 0.016
53799.00 16.924 0.015
53800.00 16.992 0.016
53802.97 17.147 0.018
53807.82 17.723 0.044
53810.90 17.801 0.030
53812.00 17.907 0.050
53812.93 17.908 0.029
53817.82 18.166 0.043
53826.95 18.436 0.032
53828.93 18.553 0.026
53831.87 18.521 0.034
53833.80 18.670 0.043
53836.74 18.698 0.050
53839.80 18.816 0.097
53844.76 18.887 0.038
53856.90 19.228 0.055
53857.81 19.204 0.054
53858.82 19.207 0.057
53859.68 19.231 0.051
53861.74 19.424 0.251
filter Vkait
# kait3
53782.52 16.047 0.044
53787.46 16.137 0.066
53789.47 16.197 0.012
53813.43 17.774 0.089
53816.43 17.909 0.080
53821.38 18.118 0.080
53843.33 18.771 0.092
53852.31 19.014 0.114
