SN2011de 0.029187 235.971790 67.761960
#SN2011de 235.97179 67.76196 UGC_10018 (R')SB(s)bc 0.029187 1.7e-05 NED_21-cm_or_Opt_Smallest_Error CBET_2728 POSS CBET_2728 Iap?
# ['B' 'H' 'J' 'Ks' 'U' 'UVM2' 'UVW1' 'UVW2' 'V']
# ['' 'UVOT'] on ['PAIRITEL' 'Swift']
filter B_UVOT
# Swift
55709.29 16.061 0.057
55711.13 15.987 0.055
55718.78 15.924 0.051
55720.59 16.079 0.056
55722.40 16.145 0.056
55724.37 16.233 0.056
55726.67 16.332 0.057
55728.40 16.516 0.058
55730.05 16.619 0.058
55732.20 16.730 0.058
55755.52 18.286 0.089
55760.37 18.577 0.125
55776.28 18.822 0.118
filter H2m
# PAIRITEL
55709.22 16.660 0.120
55710.22 16.420 0.090
55711.22 16.460 0.110
55712.21 16.280 0.180
55715.22 16.340 0.100
55717.21 16.440 0.250
55718.25 16.360 0.080
55719.24 16.300 0.080
55720.24 16.420 0.080
55721.24 16.390 0.060
55722.24 16.220 0.070
55723.23 16.340 0.010
55724.23 16.250 0.090
55725.14 16.400 0.040
55727.14 16.340 0.140
55728.14 16.310 0.100
55729.27 16.160 0.060
55731.21 16.180 0.060
55732.20 16.300 0.060
55733.20 16.240 0.070
55736.19 16.320 0.080
55740.32 16.250 0.100
55743.24 16.300 0.160
55769.15 16.700 0.090
filter J2m
# PAIRITEL
55709.22 16.300 0.020
55710.22 16.180 0.250
55711.22 16.170 0.020
55715.22 16.160 0.180
55717.21 16.230 0.170
55718.25 16.180 0.040
55719.24 16.110 0.030
55720.24 16.200 0.020
55721.24 16.220 0.020
55722.24 16.240 0.020
55723.23 16.280 0.030
55724.23 16.390 0.030
55727.14 16.310 0.030
55728.14 16.360 0.030
55729.27 16.380 0.020
55730.14 16.270 0.040
55731.21 16.510 0.020
55732.20 16.550 0.020
55733.20 16.560 0.030
55736.19 16.510 0.020
55740.32 16.630 0.170
55743.24 16.750 0.250
55769.15 17.190 0.060
filter Ks2m
# PAIRITEL
55709.22 16.160 0.250
55711.22 16.040 0.120
55719.24 16.150 0.090
55720.24 16.010 0.140
55721.24 15.860 0.080
55722.24 15.720 0.090
55723.23 15.640 0.180
55729.27 15.880 0.030
55730.14 15.950 0.170
55731.21 16.060 0.160
55732.20 16.080 0.250
55733.20 16.020 0.080
55736.19 15.760 0.160
55743.24 15.540 0.250
55769.15 15.880 0.230
filter U_UVOT
# Swift
55709.29 15.063 0.053
55711.13 15.049 0.051
55718.78 15.364 0.053
55720.59 15.545 0.057
55722.40 15.758 0.061
55724.37 15.964 0.062
55726.67 16.234 0.063
55728.40 16.496 0.066
55730.05 16.626 0.067
55732.20 16.880 0.069
55755.52 18.735 0.152
55760.37 18.680 0.180
55776.28 19.315 0.210
filter UVM2
# Swift
55709.30 16.283 0.063
55711.14 16.531 0.065
55718.79 17.509 0.072
55720.60 17.828 0.076
55722.40 18.082 0.079
55724.37 18.254 0.081
55726.68 18.596 0.090
55728.41 18.737 0.094
55730.06 18.965 0.103
55732.20 19.077 0.105
55755.53 20.308 0.197
55760.37 20.248 0.212
55776.29 20.656 0.287
filter UVW1
# Swift
55709.28 15.879 0.065
55711.16 15.971 0.063
55718.78 16.710 0.066
55720.59 16.876 0.068
55722.40 17.153 0.070
55724.36 17.309 0.072
55726.67 17.563 0.075
55728.40 17.786 0.080
55730.05 18.005 0.085
55732.19 18.163 0.087
#
55755.52 19.529 0.176
55760.36 19.935 0.283
55776.28 20.129 0.278
filter UVW2
# Swift
55709.29 16.829 0.077
55711.13 16.987 0.076
55718.78 17.799 0.082
55720.59 17.995 0.085
55722.40 18.297 0.088
55724.37 18.560 0.094
55726.68 18.765 0.099
55728.41 18.997 0.107
55730.05 19.170 0.115
55732.20 19.419 0.122
55755.52 20.305 0.199
55760.37 20.309 0.231
#
filter V_UVOT
# Swift
55709.29 16.038 0.062
55711.13 15.899 0.058
55718.79 15.969 0.060
55720.59 16.031 0.061
55722.40 16.029 0.060
55724.37 16.059 0.061
55726.68 16.112 0.061
55728.41 16.168 0.062
55730.06 16.316 0.064
55732.20 16.251 0.062
55755.52 17.476 0.093
55760.37 17.484 0.108
55776.29 18.082 0.146
