SN2009bv 0.036675 196.835380 35.784330
#SN2009bv 196.83538 35.78433 MCG_+06-29-39  -999 0.036675 6.3e-05 NED_Host_Galaxy_Name CBET_1741 PIKA CBET_1742   Ia
# ['' 'B' 'H' 'J' 'Ks' 'V' "i'" "r'"]
# [''] on ['' 'PAIRITEL']
filter B4sh
#
54920.33 17.235 0.040
54921.30 17.142 0.038
54922.31 17.066 0.037
54923.15 16.999 0.036
54924.33 16.914 0.025
54925.15 16.810 0.041
54926.48 16.881 0.030
54935.28 17.455 0.063
54943.16 17.966 0.045
54944.21 18.142 0.059
54945.26 18.228 0.051
54946.43 18.352 0.048
54948.38 18.677 0.090
54950.40 18.961 0.105
54968.29 20.107 0.216
54969.24 20.111 0.221
54975.30 20.202 0.229
54977.26 20.384 0.213
filter H2m
# PAIRITEL
54920.24 17.830 0.190
54921.24 17.680 0.250
54923.26 17.740 0.120
54924.27 17.680 0.080
54925.28 17.760 0.140
54929.24 18.030 0.130
54934.29 18.160 0.140
54937.30 17.970 0.170
54940.24 17.700 0.080
54942.21 17.730 0.150
54945.30 17.530 0.100
54949.28 17.430 0.090
54951.30 17.590 0.060
filter J2m
# PAIRITEL
54920.24 17.580 0.070
54921.24 17.480 0.070
54923.26 17.490 0.040
54924.27 17.340 0.070
54925.28 17.530 0.250
54927.24 17.550 0.110
54934.29 18.130 0.090
54937.30 18.970 0.180
54938.27 19.010 0.240
54940.24 18.810 0.280
54942.21 18.790 0.210
54949.28 18.690 0.080
54951.30 18.590 0.170
filter Ks2m
# PAIRITEL
54920.24 17.240 0.250
54921.24 17.070 0.130
54923.26 16.910 0.200
54934.29 17.220 0.190
54937.30 17.370 0.270
54940.24 17.550 0.350
54951.30 17.560 0.260
54954.24 17.260 0.180
filter V4sh
#
54920.33 17.289 0.028
54921.29 17.180 0.030
54922.33 17.109 0.030
54923.15 17.036 0.022
54924.33 17.000 0.022
54925.15 16.963 0.034
54926.48 16.955 0.033
54935.22 17.153 0.094
54943.16 17.593 0.025
54944.21 17.619 0.038
54945.26 17.649 0.032
54946.41 17.759 0.049
54948.38 17.814 0.043
54950.40 17.964 0.046
54968.28 18.860 0.083
54969.23 18.953 0.075
54975.29 19.109 0.100
54977.25 19.055 0.102
filter ik
#
54920.32 17.659 0.024
54924.32 17.578 0.030
54925.15 17.546 0.042
54926.47 17.642 0.029
54935.29 18.519 0.328
54943.15 18.408 0.040
54944.21 18.441 0.043
54945.25 18.504 0.047
54946.40 18.383 0.045
54948.37 18.395 0.047
54950.39 18.294 0.040
54968.27 18.754 0.052
54969.23 18.854 0.070
54975.28 19.185 0.082
54977.25 19.299 0.083
filter rk
#
54920.33 17.352 0.022
54924.32 17.093 0.026
54925.15 17.058 0.035
54926.48 17.015 0.024
54935.21 17.620 0.061
54943.16 17.615 0.024
54944.21 17.649 0.022
54945.25 17.677 0.022
54946.40 17.713 0.026
54948.37 17.734 0.024
54950.39 17.794 0.026
54968.28 18.606 0.051
54969.22 18.664 0.043
54975.29 18.889 0.052
54977.25 18.864 0.048
