SN2008fr 0.039000 17.954880 14.640680
#SN2008fr 17.95488 14.64068 SDSS_J011149.19+143826.5  -999 0.039 0.002 CBET_1513 CBET_1513 ROTSE-III CBET_1513   Ia
# ['' 'B' 'H' 'J' 'Ks' 'U' 'V' "i'" "r'"]
# [''] on ['' 'PAIRITEL']
filter Bk
#
54734.35 16.968 0.022
54736.25 17.049 0.021
54739.46 17.252 0.028
54740.30 17.284 0.023
54741.40 17.348 0.027
54742.40 17.443 0.035
54745.29 17.728 0.029
54757.11 19.027 0.073
54759.38 19.208 0.112
54760.24 19.262 0.072
54763.34 19.475 0.091
54766.29 19.798 0.147
54767.31 19.836 0.121
54768.22 19.763 0.116
54771.34 19.947 0.143
54772.39 19.840 0.117
54775.33 20.194 0.193
54778.29 19.935 0.220
54800.24 20.727 0.251
filter H2m
# PAIRITEL
54734.30 18.180 0.320
54758.13 18.840 0.180
54772.21 18.300 0.280
54786.08 18.800 0.040
54787.09 19.560 0.090
54789.08 18.930 0.280
filter J2m
# PAIRITEL
54734.30 17.720 0.050
54749.22 18.860 0.090
54755.19 18.770 0.110
54758.13 18.790 0.120
54789.08 20.080 0.340
filter Ks2m
# PAIRITEL
54734.30 16.680 0.170
54749.22 17.530 0.270
54755.19 17.530 0.210
54772.21 17.020 0.240
54783.09 17.260 0.300
54789.08 18.270 0.190
filter Us
#
54734.36 16.841 0.054
54736.26 16.953 0.075
54739.47 17.243 0.110
54740.31 17.226 0.077
54741.41 17.368 0.081
54742.41 17.501 0.101
54745.30 18.030 0.168
54752.27 19.163 0.303
54757.12 18.782 0.400
54759.39 19.344 0.361
54760.24 19.234 0.347
54763.35 19.371 0.272
54767.32 19.685 0.298
54768.22 19.544 0.322
54771.33 19.791 0.390
54772.39 19.311 0.311
54775.32 19.443 0.434
filter Vk
#
54734.35 16.965 0.020
54736.25 17.011 0.025
54739.45 17.084 0.024
54740.29 17.123 0.024
54741.39 17.184 0.028
54742.39 17.209 0.029
54745.29 17.412 0.027
54752.26 17.729 0.067
54757.11 18.019 0.041
54759.38 18.193 0.049
54760.23 18.239 0.045
54763.34 18.364 0.053
54766.28 18.530 0.076
54767.31 18.577 0.062
54768.22 18.678 0.065
54771.33 18.812 0.092
54772.39 18.895 0.085
54775.33 19.075 0.112
54778.28 19.127 0.116
54800.24 19.595 0.132
54806.16 19.719 0.254
filter ik
#
54734.34 17.625 0.031
54736.24 17.728 0.055
54739.45 17.840 0.045
54740.29 17.816 0.040
54741.39 17.880 0.050
54742.38 18.040 0.057
54745.28 18.284 0.054
54752.26 18.377 0.079
54757.10 18.225 0.048
54759.37 18.200 0.068
54760.23 18.156 0.048
54763.33 18.231 0.056
54766.28 18.226 0.054
54767.30 18.227 0.047
54768.21 18.422 0.056
54771.32 18.643 0.075
54772.38 18.580 0.068
54775.32 18.829 0.138
54778.28 19.136 0.129
54800.23 19.517 0.179
54806.13 19.921 0.254
filter rk
#
54734.35 16.987 0.018
54739.45 17.132 0.025
54740.29 17.159 0.025
54742.40 17.292 0.025
54745.29 17.493 0.023
54752.26 17.798 0.072
54757.10 17.833 0.028
54759.37 17.904 0.030
54760.23 17.957 0.027
54763.33 18.067 0.037
54766.27 18.152 0.038
54767.31 18.235 0.040
54768.21 18.313 0.043
54771.33 18.497 0.054
54772.38 18.597 0.050
54775.32 18.627 0.070
54778.28 18.802 0.078
54800.23 19.717 0.144
54806.14 19.657 0.172
