SN2008fv 0.009346 154.238730 73.409860
#SN2008fv 154.23873 73.40986 NGC_3147 SA(rs)bc 0.009346 3e-06 NED_Host_Galaxy_Name CBET_1520 Itagaki CBET_1522   Ia
# ['' 'H' 'J' 'Ks']
# [''] on ['' 'PAIRITEL']
filter H2m
# PAIRITEL
54745.53 15.130 0.250
54748.53 14.980 0.250
54752.53 15.160 0.250
filter J2m
# PAIRITEL
54745.53 15.100 0.250
54748.53 14.910 0.250
54752.53 15.220 0.250
filter Ks2m
# PAIRITEL
54745.53 15.180 0.250
54748.53 15.220 0.250
54752.53 14.840 0.250
filter B4sh
54745.5 14.76	0.05
54754.5	14.61	0.07
54755.5	14.87	0.07
54760.5 15.25	0.05
54761.5	15.35	0.09
54769.5	16.01	0.04
54779.5	16.95	0.07
54780.5	17.01	0.07
54788.5	17.42	0.09
54807.5	17.72	0.07
filter V4sh
54745.5 14.56	0.06
54754.5	14.52	0.04
54755.5	14.55	0.07
54760.5 14.86	0.03
54769.5	15.25	0.03
54779.5	15.83	0.03
54780.5	15.93	0.05
54788.5	16.33	0.03
54800.5	16.72	0.05
54807.5	16.92	0.05
filter R4sh
54745.5 14.57	0.05
54755.5	14.55	0.05
54760.5 14.94	0.04
54769.5	15.13	0.04
54779.5	15.48	0.06
54780.5	15.59	0.05
54788.5	16.01	0.05
54800.5	16.41	0.05
54807.5	16.66	0.06
#filter Is
#54745.5 15.03	0.04
#54755.5	15.36	0.05
#54760.5 15.68	0.03
#54769.5	15.72	0.04
#54779.5	15.52	0.06
#54780.5	15.58	0.04
#54788.5	16.11	0.04
#54800.5	16.68	0.05
#54807.5	17.11	0.05
filter J
54749.1 14.62	0.05
54755.1	14.91	0.05
54757.1 15.61	0.03
54759.1	15.65	0.08
54760.1	15.91	0.09
54761.1	15.97	0.08
54762.1	16.16	0.05
54766.1	16.32	0.04
54772.1	15.85	0.05
54773.1	15.85	0.03
54779.1	15.61	0.08
54780.1	15.48	0.07
54781.1	15.51	0.09
54787.1	15.78	0.05
54789.1	16.00	0.05
filter H
54749.1 15.20	0.08
54757.1 15.30	0.05
54759.1	15.26	0.08
54761.1	15.42	0.05
54765.1	15.34	0.09
54772.1	15.03	0.04
54773.1	15.03	0.02
54779.1	15.00	0.08
54780.1	14.99	0.06
54781.1	15.0	0.1
54787.1	15.37	0.05
54789.1	15.48	0.05
filter K
54749.1 14.76	0.03
54757.1 15.06	0.05
54759.1	15.21	0.08
54761.1	15.39	0.02
54765.1	15.2	0.1
54766.1	15.17	0.05
54772.1	14.88	0.03
54773.1	14.88	0.03
54779.1	15.09	0.08
54780.1	15.00	0.05
54781.1	15.10	0.15
54787.1	15.43	0.05
54789.1	15.58	0.05
filter Us
54755.33 14.89 0.07
54759.66 14.97 0.08
filter Bs
54755.33 14.89 0.03
54759.66 15.03 0.03
54779.56 16.88 0.04
54780.49 17.00 0.04
54781.59 17.13 0.03
54782.41 17.05 0.04
54783.55 17.17 0.05
54784.49 17.25 0.07
54786.42 17.20 0.06
54795.36 17.67 0.04
54796.48 17.53 0.03
filter Vs
54742.36 14.89 0.03
54746.42 14.56 0.02
54747.40 14.52 0.02
54748.41 14.47 0.02
54749.41 14.47 0.02
54752.38 14.45 0.02
54755.44 14.52 0.02
54756.43 14.59 0.05
54759.32 14.72 0.03
54761.45 14.82 0.03
54762.42 14.91 0.02
54763.47 14.96 0.02
54766.43 15.12 0.02
54767.45 15.17 0.03
54768.42 15.20 0.02
54771.43 15.31 0.03
54773.43 15.36 0.03
54776.36 15.57 0.03
54778.48 15.65 0.03
54779.48 15.71 0.03
54781.39 15.85 0.03
54786.43 16.18 0.04
54787.47 16.35 0.03
54791.48 16.40 0.04
54795.48 16.49 0.04
54798.52 16.62 0.05
54801.49 16.66 0.05
54802.50 16.48 0.12
54804.48 16.58 0.11
54806.46 17.02 0.10
####
54755.33 14.37 0.03
54759.66 14.62 0.03
54778.45 15.56 0.03
54779.56 15.65 0.02
54780.49 15.70 0.02
54781.59 15.79 0.03
54782.41 15.86 0.03
54783.55 15.91 0.03
54784.49 15.94 0.03
54786.42 16.04 0.04
54795.36 16.47 0.03
54796.48 16.51 0.03
54894.36 18.98 0.06
filter Rs
54742.36 14.73 0.02
54746.42 14.44 0.02
54747.40 14.43 0.01
54748.41 14.36 0.01
54749.41 14.37 0.02
54752.38 14.39 0.01
54755.44 14.44 0.03
54756.43 14.56 0.02
54759.32 14.68 0.02
54761.45 14.81 0.02
54762.42 14.89 0.02
54763.47 14.97 0.01
54766.43 15.08 0.02
54767.45 15.10 0.01
54768.42 15.10 0.01
54771.43 15.14 0.01
54773.43 15.12 0.06
54776.36 15.16 0.02
54777.35 15.18 0.01
54778.48 15.23 0.01
54779.48 15.71 0.03
54781.39 15.41 0.02
54786.43 15.73 0.04
54787.47 15.78 0.04
54791.48 15.99 0.06
54795.48 16.08 0.03
54798.52 16.20 0.02
54801.49 16.33 0.04
54802.50 16.33 0.03
54806.46 16.46 0.09
####
54755.33 14.41 0.02
54759.66 14.60 0.03
54778.45 15.20 0.02
54779.56 15.22 0.02
54780.49 15.31 0.02
54781.59 15.36 0.02
54782.41 15.44 0.02
54783.55 15.49 0.02
54784.49 15.56 0.02
54786.42 15.67 0.02
54795.36 16.14 0.02
54796.48 16.17 0.03
54799.41 16.28 0.05
54845.22 17.87 0.10
54866.21 18.08 0.09
54868.20 18.28 0.09
54894.36 18.90 0.07
filter Is
54755.33 14.65 0.07
54759.66 14.99 0.05
54778.45 14.80 0.05
54779.56 14.68 0.07
54780.49 14.78 0.03
54781.59 14.80 0.03
54782.41 14.81 0.04
54783.55 14.91 0.04
54784.49 14.96 0.05
54786.42 15.09 0.06
54795.36 15.60 0.05
54796.48 15.66 0.05
