SN2010cr 0.021570 202.354420 11.796370
#SN2010cr 202.35442 11.79637 NGC_5177    S0 0.02157 9.7e-05 NED_Host_Galaxy_Name CBET_2281 Itagaki;_PTF ATEL_2580   Ia
# ['B' 'H' 'J' 'Ks' 'R' 'U' 'UVM2' 'UVW1' 'UVW2' 'V' "i'" "r'"]
# ['' 'UVOT'] on ['' 'P48' 'PAIRITEL' 'Swift']
filter Bk
55332.30 19.382 0.179
55355.26 20.425 0.253
filter B_UVOT
# Swift
55310.65 16.739 0.066
55313.08 16.821 0.071
55315.68 16.906 0.065
55317.62 17.178 0.070
55319.69 17.462 0.076
55321.16 17.669 0.081
55323.50 18.070 0.094
55325.12 18.446 0.116
55327.35 18.600 0.126
55331.90 18.972 0.162
55333.78 19.003 0.161
55344.47 19.595 0.216
55354.77 19.697 0.237
filter H2m
# PAIRITEL
55312.29 17.240 0.170
55314.30 17.480 0.120
55317.29 17.610 0.180
55322.23 17.610 0.170
55324.28 17.430 0.170
55325.28 17.340 0.120
55326.28 17.320 0.250
55328.25 17.300 0.170
55329.29 17.320 0.180
55330.29 17.410 0.250
55332.13 17.530 0.140
55335.24 17.870 0.170
filter J2m
# PAIRITEL
55312.29 16.650 0.010
55314.30 16.970 0.090
55315.29 17.070 0.010
55317.29 17.220 0.050
55318.29 17.480 0.020
55322.23 17.860 0.130
55324.28 17.870 0.210
55328.25 17.810 0.170
55329.29 17.780 0.120
55330.29 17.670 0.080
55331.24 17.510 0.250
55334.19 17.750 0.190
55335.24 17.700 0.140
55336.20 17.820 0.110
55337.19 17.860 0.140
filter Ks2m
# PAIRITEL
55312.29 16.800 0.170
55314.30 17.000 0.180
55318.29 16.920 0.170
55319.23 17.000 0.180
55322.23 17.180 0.190
55325.28 17.210 0.250
55330.29 17.260 0.180
55331.24 17.350 0.180
filter U_UVOT
# Swift
55310.65 16.519 0.075
55313.08 16.841 0.087
55315.68 17.285 0.086
55317.62 17.663 0.100
55319.69 17.932 0.114
55321.16 18.088 0.123
55323.50 18.494 0.153
55325.12 19.077 0.229
55327.35 19.642 0.354
55331.90 19.439 0.301
filter UVM2
# Swift
55313.08 19.960 0.231
55315.68 20.351 0.226
55317.63 20.970 0.355
55319.70 20.667 0.287
55321.16 20.637 0.288
filter UVW1
# Swift
55306.51 18.288 0.082
55310.65 18.421 0.132
55313.08 18.436 0.130
55315.68 18.779 0.121
55317.62 18.838 0.125
55319.69 19.216 0.154
55321.16 19.639 0.200
55323.50 19.898 0.230
55325.12 20.095 0.271
55327.35 20.177 0.287
55333.78 19.985 0.241
55354.76 20.745 0.332
filter UVW2
# Swift
55310.65 19.658 0.201
55313.08 19.608 0.185
55315.68 20.299 0.219
55317.62 20.302 0.219
55319.69 20.455 0.250
55321.16 20.433 0.244
55323.50 20.686 0.284
55333.79 20.910 0.329
filter Vk
#
55332.30 17.965 0.089
55339.24 18.698 0.138
55355.26 19.163 0.122
55393.17 20.303 0.346
filter V_UVOT
# Swift
55310.62 16.735 0.110
55313.08 16.659 0.096
55315.68 16.801 0.085
55317.63 16.861 0.088
55319.69 16.919 0.091
55321.16 17.030 0.095
55323.51 17.134 0.099
55325.12 17.278 0.108
55327.36 17.461 0.120
55331.91 17.882 0.156
55333.79 17.900 0.155
55344.47 18.250 0.207
55354.77 18.467 0.216
filter ik
#
55332.29 17.560 0.039
55339.23 18.524 0.160
55354.20 19.069 0.164
55355.25 18.866 0.112
55393.16 19.844 0.303
#55631.44 21.019 0.341
filter rk
#
55332.30 17.608 0.028
55354.20 18.704 0.153
55355.26 19.013 0.097
55393.17 19.995 0.253
filter PTF48R
# from Firth and Dimitriadis
#55267.224 21.104 9.999
#55267.268 21.577 9.999
#55283.442 20.341 9.999
#55283.485 20.170 9.999
55297.323 21.736 9.999
55297.367 21.553 0.300
55302.425 18.234 0.018
55302.470 18.268 0.027
55310.386 16.709 0.010
55310.430 16.729 0.009
55351.198 18.894 0.030
55351.241 18.924 0.030
55356.226 19.211 0.036
55356.270 19.150 0.039
filter g60
55306.24748	17.18	0.05
filter i60
55306.25006	17.07	0.05
