SN2009ig 0.008770 39.548430 -1.312570
#SN2009ig 39.54843 -1.31257 NGC_1015 SB(r)a 0.00877 2.1e-05 NED_Host_Galaxy_Name CBET_1918;AAVS0_404 LOSS CBET_1918   Ia
# ['' 'B' 'H' 'I' 'I1' 'I2' 'J' 'Ks' 'R' 'U' 'UVM2' 'UVW1' 'UVW2' 'V' "i'"
 "r'" "u'"]
# ['' 'IRAC' 'UVOT'] on ['' 'PAIRITEL' 'Spitzer' 'Swift' 'kait4']
filter B4sh
#
55078.50 13.580 0.018
55079.49 13.588 0.018
55085.49 13.708 0.019
55089.47 13.971 0.016
55092.43 14.191 0.031
55094.35 14.379 0.019
55098.33 14.794 0.016
55101.30 15.113 0.016
55102.27 15.176 0.022
55103.35 15.299 0.020
55104.38 15.397 0.019
55106.27 15.576 0.026
55115.48 16.206 0.032
55119.37 16.334 0.026
55122.40 16.411 0.024
55123.35 16.421 0.025
55125.41 16.519 0.036
55127.31 16.499 0.022
55150.28 16.860 0.033
55151.33 16.932 0.041
55153.27 16.894 0.030
55158.30 16.970 0.031
55160.23 17.007 0.037
55176.26 17.249 0.037
55208.16 17.804 0.053
55242.11 18.383 0.070
filter B_UVOT
# Swift
55064.84 17.043 0.072
55064.84 17.090 0.060
55066.09 16.071 0.061
55066.09 16.120 0.040
55068.09 14.950 0.040
55068.09 14.865 0.046
55070.04 14.285 0.042
55070.04 14.370 0.040
55072.50 13.990 0.040
55072.50 13.907 0.041
55074.65 13.683 0.041
55074.65 13.750 0.040
55076.12 13.690 0.040
55076.12 13.629 0.041
55078.87 13.548 0.040
55078.87 13.620 0.040
55080.13 13.650 0.040
55080.13 13.573 0.040
55083.92 13.700 0.040
55083.92 13.636 0.041
55086.26 13.745 0.041
55086.26 13.820 0.040
55089.03 13.990 0.040
55089.03 13.915 0.041
55098.47 14.746 0.045
55098.47 14.850 0.040
55105.46 15.398 0.051
55105.46 15.490 0.040
55107.41 15.630 0.040
55107.41 15.556 0.054
55113.32 16.060 0.040
55113.32 16.016 0.060
55116.40 16.230 0.050
55116.40 16.176 0.062
filter Bkait
# kait4
55064.52 17.436 0.064
55065.47 16.618 0.045
55067.53 15.241 0.047
55068.51 14.846 0.040
55069.50 14.556 0.031
55071.44 14.164 0.277
55072.46 14.020 0.031
55073.50 13.898 0.033
55074.44 13.809 0.036
55075.53 13.754 0.041
55076.51 13.695 0.035
55077.44 13.647 0.054
55080.51 13.621 0.081
55084.49 13.755 0.055
55085.43 13.798 0.047
55087.44 13.903 0.048
55089.48 13.995 0.117
55090.43 14.161 0.041
55092.47 14.324 0.037
55093.49 14.375 0.042
55094.37 14.465 0.037
55095.46 14.604 0.043
55096.53 14.701 0.044
55097.40 14.727 0.139
55098.44 14.895 0.039
55099.45 15.039 0.042
55101.48 15.210 0.039
55102.47 15.334 0.041
55104.46 15.477 0.041
55106.38 15.624 0.064
55112.41 16.200 0.101
55114.40 16.280 0.047
55116.46 16.381 0.224
55120.43 16.463 0.054
55123.40 16.257 0.185
55129.31 16.511 0.082
55132.37 16.666 0.079
55133.36 16.694 0.060
55139.42 16.734 0.147
55148.40 16.861 0.057
55154.33 16.949 0.052
55159.27 17.002 0.060
55168.32 17.210 0.067
55173.34 17.228 0.074
55182.27 17.358 0.051
55188.22 17.414 0.068
55201.22 17.667 0.071
55207.18 17.593 0.154
55242.13 18.375 0.157
filter H2m
# PAIRITEL
55119.44 14.700 0.170
55120.28 14.850 0.170
55124.24 14.840 0.170
55126.29 15.050 0.170
55128.24 15.060 0.170
55131.23 15.200 0.180
55133.22 15.330 0.180
55135.23 15.420 0.170
55137.23 15.560 0.170
filter Ikait
# kait4
55064.52 16.941 0.142
55065.47 16.392 0.081
55067.53 15.322 0.056
55068.51 14.908 0.050
55069.50 14.596 0.035
55071.44 14.181 0.066
55072.46 14.133 0.033
55073.50 14.048 0.036
55074.44 14.004 0.038
55075.53 13.967 0.037
55076.51 13.962 0.045
55077.44 13.943 0.031
55080.51 13.989 0.039
55084.49 14.133 0.032
55085.43 14.155 0.034
55087.44 14.208 0.042
55089.48 14.399 0.047
55090.43 14.442 0.049
55092.47 14.600 0.060
55093.49 14.666 0.066
55094.37 14.674 0.039
55095.46 14.687 0.031
55096.53 14.704 0.046
55097.40 14.716 0.044
55098.44 14.673 0.032
55099.45 14.670 0.037
55101.48 14.595 0.039
55102.47 14.554 0.052
55104.46 14.521 0.043
55106.38 14.473 0.040
55114.40 14.431 0.047
55116.46 14.626 0.066
55120.43 14.876 0.050
55123.40 15.077 0.053
55129.31 15.346 0.088
55132.37 15.507 0.076
55133.36 15.535 0.065
55139.42 15.848 0.101
55148.40 16.155 0.086
55154.33 16.415 0.100
55159.27 16.616 0.068
55168.32 16.917 0.127
55173.34 17.089 0.061
55182.27 17.541 0.186
55188.22 17.560 0.097
55201.22 17.656 0.171
#filter I1
## Spitzer
#55076.00 14.230 0.060
#55115.00 15.490 0.130
#filter I2
## Spitzer
#55076.00 14.030 0.080
#55115.00 16.370 0.250
filter J2m
# PAIRITEL
55119.44 15.340 0.180
55120.28 15.530 0.250
55122.27 15.640 0.170
55124.24 15.730 0.180
55126.29 15.790 0.170
55128.24 16.020 0.250
55131.23 16.060 0.170
55132.26 16.070 0.170
55133.22 16.290 0.170
55135.23 16.510 0.180
55137.23 16.530 0.180
filter Ks2m
# PAIRITEL
55119.44 14.720 0.250
55126.29 15.100 0.170
55128.24 15.150 0.180
55130.39 15.160 0.180
55131.23 15.250 0.170
55133.22 15.330 0.180
55135.23 15.500 0.250
filter Rkait
# kait4
55064.52 16.876 0.081
55065.47 16.208 0.050
55067.53 15.157 0.051
55068.51 14.772 0.057
55069.50 14.480 0.025
55071.44 14.240 0.052
55072.46 13.993 0.025
55073.50 13.874 0.032
55074.44 13.833 0.028
55075.53 13.815 0.039
55076.51 13.705 0.032
55077.44 13.631 0.033
55080.51 13.621 0.029
55084.49 13.699 0.026
55085.43 13.713 0.028
55087.44 13.779 0.019
55089.48 13.935 0.051
55090.43 13.991 0.039
55092.47 14.139 0.044
55093.49 14.187 0.039
55094.37 14.261 0.037
55095.46 14.302 0.022
55096.53 14.355 0.048
55097.40 14.369 0.036
55098.44 14.358 0.022
55099.45 14.350 0.038
55101.48 14.388 0.026
55102.47 14.398 0.047
55104.46 14.396 0.037
55106.38 14.420 0.040
55112.41 14.621 0.036
55114.40 14.684 0.045
55116.46 14.877 0.038
55120.43 15.097 0.052
55123.40 15.234 0.043
55129.31 15.455 0.061
55132.37 15.579 0.047
55133.36 15.587 0.053
55139.42 15.864 0.082
55148.40 16.044 0.060
55154.33 16.218 0.057
55159.27 16.383 0.069
55168.32 16.642 0.068
55173.34 16.824 0.111
55182.27 17.051 0.097
55188.22 17.235 0.072
55201.22 17.563 0.135
55242.13 18.290 0.458
filter U_UVOT
# Swift
55064.84 17.693 0.106
55064.84 17.740 0.090
55066.08 16.580 0.060
55066.08 16.531 0.074
55068.09 14.990 0.040
55068.09 14.894 0.050
55070.03 14.060 0.040
55070.03 13.985 0.043
55072.50 13.423 0.041
55072.50 13.510 0.040
55074.64 13.260 0.040
55074.64 13.194 0.040
55076.12 13.240 0.040
55076.12 13.163 0.040
55078.87 13.229 0.040
55078.87 13.300 0.040
55080.13 13.390 0.040
55080.13 13.304 0.040
55080.80 13.380 0.040
55080.80 13.480 0.050
55083.92 13.640 0.040
55083.92 13.553 0.041
55086.26 13.729 0.042
55086.26 13.810 0.040
55088.46 13.965 0.041
55088.46 14.070 0.060
55089.03 14.100 0.040
55089.03 14.010 0.043
55098.47 15.172 0.055
55098.47 15.240 0.040
55105.46 15.958 0.067
55105.46 16.010 0.050
55107.41 16.170 0.050
55107.41 16.121 0.070
55113.32 16.570 0.060
55113.32 16.517 0.074
55116.40 16.760 0.060
55116.40 16.709 0.078
filter UVM2
# Swift
55067.29 20.204 0.271
55067.29 20.210 0.260
55070.04 18.890 0.160
55070.04 18.878 0.169
55070.53 19.042 0.106
55070.53 19.060 0.090
55072.51 18.262 0.115
55072.51 18.280 0.100
55074.65 17.790 0.090
55074.65 17.775 0.100
55076.13 17.600 0.090
55076.13 17.590 0.100
55078.88 17.436 0.095
55078.88 17.450 0.080
55080.14 17.400 0.088
55080.14 17.410 0.070
55082.04 17.479 0.167
55082.04 17.500 0.160
55083.93 17.432 0.102
55083.93 17.450 0.090
55086.26 17.790 0.080
55086.26 17.777 0.099
55089.04 17.930 0.100
55089.04 17.920 0.109
55098.48 19.103 0.182
55098.48 19.110 0.170
55105.46 19.510 0.220
55105.46 19.495 0.225
55107.41 19.570 0.230
55107.41 19.553 0.235
55113.33 20.230 0.310
55113.33 20.221 0.320
filter UVW1
# Swift
55064.83 19.340 0.180
55064.83 19.260 0.195
55066.08 18.460 0.120
55066.08 18.383 0.130
55067.29 17.344 0.081
55067.29 17.420 0.060
55068.09 16.740 0.060
55068.09 16.655 0.076
55068.62 16.345 0.098
55068.62 16.430 0.080
55070.03 15.680 0.050
55070.03 15.600 0.066
55072.50 14.918 0.057
55072.50 15.070 0.040
55074.64 14.840 0.040
55074.64 14.698 0.054
55075.64 14.880 0.050
55075.64 14.706 0.049
55076.12 14.840 0.040
55076.12 14.693 0.055
55078.87 14.769 0.056
55078.87 14.920 0.040
55080.13 14.831 0.056
55080.13 14.990 0.040
55083.92 15.260 0.040
55083.92 15.183 0.064
55086.26 15.420 0.064
55086.26 15.500 0.040
55087.99 15.623 0.084
55087.99 15.710 0.070
55089.03 15.810 0.050
55089.03 15.727 0.067
55098.47 16.836 0.080
55098.47 16.920 0.060
55101.34 17.190 0.080
55101.34 17.108 0.097
55105.46 17.612 0.096
55105.46 17.690 0.080
55107.41 17.656 0.102
55107.41 17.740 0.090
55113.32 18.040 0.090
55113.32 17.960 0.107
55116.40 18.460 0.120
55116.40 18.374 0.130
filter UVW2
# Swift
55064.84 20.470 0.270
55064.84 20.458 0.280
55066.09 19.928 0.215
55066.09 19.940 0.200
55067.23 18.880 0.090
55067.23 18.866 0.114
55068.10 18.453 0.110
55068.10 18.470 0.090
55068.67 18.001 0.118
55068.67 18.010 0.100
55070.04 17.596 0.090
55070.04 17.610 0.060
55070.55 17.345 0.081
55070.55 17.360 0.050
55072.50 16.900 0.050
55072.50 16.891 0.079
55074.65 16.622 0.078
55074.65 16.640 0.050
55075.97 16.515 0.099
55075.97 16.530 0.080
55076.13 16.530 0.079
55076.13 16.540 0.050
55077.69 16.518 0.077
55077.69 16.530 0.050
55077.71 16.583 0.076
55077.71 16.590 0.050
55078.87 16.560 0.050
55078.87 16.543 0.078
55080.13 16.670 0.050
55080.13 16.662 0.078
55081.35 16.667 0.075
55081.35 16.680 0.050
55081.50 16.710 0.050
55081.50 16.697 0.075
55083.93 16.761 0.079
55083.93 16.780 0.050
55086.26 16.990 0.050
55086.26 16.978 0.080
55088.44 17.200 0.050
55088.44 17.182 0.078
55089.04 17.178 0.083
55089.04 17.190 0.060
55098.47 18.290 0.080
55098.47 18.274 0.106
55105.46 18.792 0.123
55105.46 18.810 0.100
55107.41 19.050 0.130
55107.41 19.037 0.142
55113.33 19.250 0.146
55113.33 19.270 0.130
55116.41 19.302 0.153
55116.41 19.320 0.140
filter V4sh
#
55078.49 13.496 0.017
55079.48 13.465 0.022
55086.46 13.544 0.015
55087.44 13.589 0.022
55089.47 13.690 0.016
55092.43 13.870 0.016
55094.35 13.989 0.018
55098.33 14.171 0.020
55101.30 14.274 0.016
55102.27 14.319 0.015
55103.35 14.352 0.017
55104.38 14.378 0.015
55106.27 14.447 0.016
55115.48 15.006 0.015
55119.37 15.230 0.016
55122.40 15.357 0.015
55123.35 15.392 0.015
55127.30 15.525 0.017
55150.28 16.166 0.018
55151.32 16.257 0.035
55153.27 16.273 0.018
55158.30 16.406 0.021
55160.23 16.435 0.023
55176.26 16.807 0.021
55208.16 17.543 0.031
55242.11 18.179 0.054
filter V_UVOT
# Swift
55064.85 16.530 0.070
55064.85 16.456 0.082
55066.09 15.830 0.050
55066.09 15.753 0.068
55068.10 14.841 0.058
55068.10 14.920 0.040
55070.04 14.390 0.040
55070.04 14.271 0.051
55072.51 13.867 0.045
55072.51 13.990 0.040
55074.65 13.780 0.040
55074.65 13.674 0.044
55076.13 13.560 0.044
55076.13 13.660 0.040
55078.87 13.540 0.040
55078.87 13.430 0.043
55080.14 13.422 0.043
55080.14 13.540 0.040
55083.93 13.456 0.044
55083.93 13.570 0.040
55086.26 13.620 0.040
55086.26 13.508 0.043
55089.04 13.609 0.044
55089.04 13.720 0.040
55098.47 14.240 0.040
55098.47 14.104 0.048
55105.46 14.388 0.052
55105.46 14.500 0.040
55107.41 14.600 0.040
55107.41 14.475 0.054
55113.33 14.930 0.040
55113.33 14.838 0.058
55116.41 15.104 0.060
55116.41 15.180 0.050
filter Vkait
# kait4
55064.52 16.824 0.060
55065.47 16.179 0.046
55067.53 15.104 0.038
55068.51 14.769 0.033
55069.50 14.501 0.019
55071.44 14.084 0.063
55072.46 13.947 0.023
55073.50 13.877 0.027
55074.44 13.770 0.021
55075.53 13.696 0.030
55076.51 13.649 0.032
55077.44 13.594 0.027
55080.51 13.522 0.021
55084.49 13.516 0.023
55085.43 13.538 0.017
55087.44 13.574 0.049
55089.48 13.733 0.025
55090.43 13.780 0.028
55092.47 13.930 0.041
55093.49 14.002 0.031
55094.37 14.020 0.027
55095.46 14.056 0.024
55096.53 14.185 0.033
55097.40 14.175 0.022
55098.44 14.211 0.022
55099.45 14.256 0.035
55101.48 14.316 0.023
55102.47 14.357 0.036
55104.46 14.433 0.030
55106.38 14.478 0.028
55112.41 14.800 0.036
55114.40 14.947 0.041
55116.46 15.046 0.032
55120.43 15.324 0.043
55123.40 15.439 0.037
55129.31 15.645 0.053
55132.37 15.727 0.080
55133.36 15.752 0.050
55139.42 16.045 0.062
55148.40 16.159 0.038
55154.33 16.320 0.051
55159.27 16.455 0.065
55168.32 16.643 0.055
55173.34 16.762 0.058
55182.27 16.989 0.059
55188.22 17.109 0.113
55201.22 17.375 0.076
55207.18 17.503 0.114
55242.13 18.000 0.216
filter ik
#
55078.49 14.145 0.016
55079.48 14.174 0.020
55085.49 14.357 0.021
55086.46 14.401 0.024
55087.43 14.453 0.021
55088.35 14.543 0.024
55089.47 14.588 0.018
55092.43 14.871 0.022
55094.35 14.983 0.018
55098.32 15.034 0.020
55101.30 14.971 0.024
55102.27 14.935 0.019
55103.35 14.906 0.038
55104.38 14.880 0.029
55106.27 14.821 0.022
55115.48 14.916 0.019
55119.37 15.207 0.023
55122.39 15.391 0.022
55123.35 15.437 0.025
55125.40 15.635 0.046
55127.29 15.634 0.020
55150.27 16.524 0.024
55151.32 16.652 0.040
55153.26 16.663 0.030
55158.28 16.835 0.025
55176.26 17.409 0.032
55208.15 18.337 0.070
55242.10 19.227 0.186
filter rk
#
55079.48 13.539 0.018
55085.49 13.607 0.016
55086.46 13.650 0.017
55087.44 13.695 0.016
55089.47 13.819 0.015
55092.43 14.031 0.016
55094.35 14.155 0.016
55098.32 14.284 0.017
55101.30 14.308 0.017
55102.27 14.318 0.018
55103.35 14.315 0.017
55104.38 14.310 0.016
55106.27 14.338 0.018
55115.48 14.760 0.016
55119.37 14.994 0.017
55122.39 15.142 0.017
55123.35 15.192 0.016
55125.40 15.341 0.038
55127.29 15.349 0.017
55150.28 16.102 0.017
55151.32 16.189 0.032
55153.27 16.194 0.017
55158.30 16.357 0.020
55160.23 16.434 0.023
55176.25 16.902 0.022
55208.16 17.785 0.035
55242.10 18.745 0.091
filter uk
#
55089.47 14.813 0.025
55092.44 15.220 0.030
55094.35 15.521 0.033
55098.33 15.929 0.035
55101.30 16.317 0.044
55102.28 16.215 0.066
55103.36 16.496 0.084
55104.39 16.652 0.084
55115.50 17.343 0.102
55119.38 17.646 0.141
55122.40 17.938 0.120
55123.36 17.673 0.103
55127.31 17.997 0.090
55151.33 18.373 0.172
55153.28 18.274 0.291
55158.31 18.442 0.100
55160.24 18.523 0.147
55208.17 19.667 0.272
