SN2005el 0.014910 77.953160 5.194170
#SN2005el 77.95316 5.19417 NGC_1819   SB0 0.01491 1.7e-05 NED_Host_Galaxy_Name CBET_233 LOSS CBET_235;CBET_245   Ia
# ['' 'B' 'H' 'I' 'J' 'K' 'Ks' 'R' 'U' 'V' 'Y' 'g' 'i' 'r' 'u']
# [''] on ['' 'PAIRITEL' 'kait3' 'nickel']
filter B
# csp
53639.36 15.869 0.006
53639.95 15.782 0.011
53640.97 15.603 0.010
53641.36 15.573 0.006
53644.35 15.322 0.006
53645.01 15.311 0.010
53649.93 15.421 0.010
53655.32 15.779 0.006
53655.92 15.900 0.010
53659.28 16.256 0.007
53663.30 16.782 0.005
53665.32 17.043 0.009
53665.99 17.270 0.016
53666.28 17.148 0.009
53666.90 17.379 0.018
53666.92 17.316 0.017
53669.01 17.612 0.023
53669.31 17.521 0.009
53671.32 17.718 0.009
53673.31 17.865 0.009
53675.33 17.985 0.012
53675.88 18.153 0.029
53676.93 18.204 0.029
53676.94 18.199 0.029
53677.94 18.246 0.030
53678.92 18.318 0.024
53679.96 18.558 0.038
53682.31 18.307 0.020
53682.95 18.565 0.090
53683.30 18.355 0.011
53683.97 18.414 0.035
53684.93 18.577 0.035
53684.95 18.548 0.035
53685.91 18.513 0.038
53685.93 18.528 0.037
53685.95 18.566 0.032
53686.94 18.569 0.045
53686.95 18.548 0.043
53687.27 18.451 0.024
53687.92 18.562 0.042
53687.94 18.406 0.038
53687.96 18.496 0.044
53689.30 18.486 0.032
53690.32 18.569 0.042
53694.31 18.611 0.027
53694.95 18.693 0.054
53695.94 18.762 0.046
53698.26 18.681 0.022
53699.25 18.696 0.018
53702.25 18.798 0.018
53705.93 18.965 0.055
53706.85 19.052 0.058
53712.23 18.921 0.020
53712.82 18.935 0.058
53713.79 19.106 0.062
53721.20 19.086 0.056
53724.85 19.221 0.077
53724.87 19.338 0.079
53726.76 19.351 0.074
53728.80 19.420 0.082
53730.24 19.213 0.025
53730.82 19.503 0.064
53736.87 19.663 0.104
filter Bkait
# kait3
53639.48 15.819 0.010
53640.47 15.691 0.027
53642.52 15.429 0.010
53644.47 15.322 0.010
53646.46 15.299 0.010
53648.52 15.320 0.010
53650.53 15.422 0.010
53652.50 15.545 0.010
53654.52 15.710 0.010
53656.50 15.894 0.010
53660.42 16.348 0.028
53666.51 17.111 0.024
53668.47 17.371 0.025
53674.48 17.910 0.029
53676.43 17.995 0.104
53679.51 18.152 0.031
53685.46 18.301 0.037
53687.42 18.398 0.079
53694.45 18.386 0.063
53697.36 18.601 0.040
53698.35 18.584 0.032
53701.35 18.638 0.036
53756.20 19.559 0.070
#filter Bs
# nickel
#53674.47 17.926 0.016
#53756.27 19.772 0.072
#53770.18 19.944 0.070
filter H
# csp
53640.33 15.687 0.015
53641.36 15.616 0.009
53643.32 15.683 0.018
53648.31 15.933 0.058
53653.30 16.268 0.008
53657.29 16.366 0.030
53660.35 16.286 0.056
53668.32 15.896 0.022
53677.36 16.392 0.106
53680.31 16.640 0.055
53681.32 16.587 0.016
53686.34 16.839 0.050
53697.29 17.490 0.110
53710.27 18.426 0.350
53715.19 18.494 0.196
filter H2m
# PAIRITEL
53641.36 15.670 0.040
53642.37 15.650 0.040
53643.36 15.540 0.050
53651.43 15.940 0.070
53652.37 16.130 0.020
53653.39 16.130 0.090
53654.34 16.160 0.050
53656.33 16.310 0.180
53663.40 15.840 0.040
53665.36 15.780 0.050
53670.35 15.810 0.060
53672.30 15.880 0.050
53673.29 15.920 0.050
53674.39 16.010 0.060
53675.36 16.100 0.080
53676.36 16.240 0.090
53678.38 16.220 0.250
53686.35 16.590 0.040
53687.32 16.710 0.100
53688.33 16.790 0.100
53689.32 16.880 0.060
53690.32 16.860 0.050
53691.30 16.920 0.140
53693.33 17.020 0.190
53694.35 17.080 0.020
53695.31 17.150 0.160
53696.30 17.180 0.170
53700.26 17.250 0.040
53701.26 17.340 0.120
53703.28 17.260 0.050
53704.30 17.480 0.090
53705.30 17.510 0.250
53706.30 17.500 0.320
53707.30 17.330 0.080
filter Ikait
# kait3
53639.48 15.640 0.011
53640.47 15.526 0.011
53642.52 15.349 0.012
53644.47 15.369 0.010
53646.46 15.514 0.058
53648.52 15.502 0.011
53650.53 15.638 0.012
53652.50 15.778 0.016
53654.52 16.015 0.013
53656.50 16.172 0.019
53658.51 16.222 0.034
53660.42 16.179 0.033
53666.51 15.913 0.033
53668.47 15.908 0.014
53674.48 16.168 0.016
53679.51 16.531 0.015
53685.46 16.923 0.024
53687.42 16.981 0.043
53694.45 17.353 0.142
53697.36 17.471 0.043
53698.35 17.554 0.050
53701.35 17.653 0.044
53756.20 19.615 0.204
filter Is
# nickel
53674.47 16.037 0.010
53756.27 19.787 0.272
53770.18 19.806 0.225
filter J
#csp
53640.33 15.604 0.019
53641.36 15.492 0.007
53643.32 15.494 0.010
53648.31 15.842 0.031
53653.30 16.662 0.006
53656.36 17.361 0.062
53657.29 17.297 0.034
53660.35 17.337 0.040
53664.35 17.154 0.033
53668.32 16.806 0.031
53670.35 16.654 0.029
53672.35 16.636 0.036
53676.36 17.010 0.053
53677.36 17.183 0.031
53679.30 17.467 0.095
53680.31 17.404 0.053
53681.32 17.462 0.013
53688.33 18.231 0.091
53697.29 18.909 0.155
53701.26 18.976 0.166
53710.27 19.789 0.402
53715.19 19.785 0.461
filter J2m
# PAIRITEL
53640.38 15.580 0.040
53641.36 15.530 0.020
53642.37 15.490 0.020
53643.36 15.460 0.030
53648.39 15.870 0.030
53651.43 16.250 0.050
53652.37 16.460 0.030
53653.39 16.690 0.030
53654.34 16.880 0.060
53656.33 17.210 0.160
53663.40 17.120 0.090
53665.36 16.960 0.080
53670.35 16.590 0.050
53672.30 16.540 0.040
53673.29 16.580 0.040
53674.39 16.670 0.060
53675.36 16.670 0.060
53676.36 16.860 0.050
53677.35 16.980 0.080
53678.38 17.000 0.080
53686.35 17.600 0.110
53687.32 17.740 0.100
53688.33 17.850 0.100
53689.32 17.860 0.170
53690.32 18.030 0.160
53691.30 18.050 0.140
53693.33 18.260 0.200
53695.31 18.270 0.110
53696.30 18.460 0.270
53700.26 18.640 0.250
53701.26 18.720 0.270
53703.28 18.640 0.250
53704.30 18.710 0.330
53706.30 18.850 0.350
53708.30 18.890 0.170
filter K
#csp
53641.36 15.572 0.015
53653.30 15.936 0.011
53681.32 16.646 0.032
filter Ks2m
# PAIRITEL
53641.36 15.430 0.040
53642.37 15.310 0.050
53643.36 15.240 0.050
53651.43 15.730 0.050
53652.37 15.770 0.180
53653.39 15.900 0.080
53654.34 15.770 0.010
53663.40 15.790 0.060
53665.36 15.680 0.040
53670.35 15.750 0.070
53672.30 15.740 0.030
53673.29 15.810 0.250
53674.39 15.910 0.070
53675.36 15.990 0.050
53676.36 16.160 0.250
53678.38 16.240 0.080
53686.35 16.660 0.120
53691.30 16.700 0.080
53693.33 16.950 0.130
53695.31 16.900 0.110
53696.30 17.030 0.140
53699.28 17.080 0.190
53705.30 17.170 0.190
53706.30 17.300 0.200
filter Rkait
# kait3
53639.48 15.673 0.010
53640.47 15.522 0.010
53642.52 15.305 0.010
53644.47 15.224 0.010
53646.46 15.193 0.013
53648.52 15.153 0.010
53650.53 15.220 0.010
53652.50 15.371 0.010
53654.52 15.549 0.010
53656.50 15.767 0.010
53658.51 15.887 0.046
53660.42 15.942 0.016
53666.51 16.040 0.021
53668.47 16.092 0.010
53674.48 16.524 0.014
53679.51 16.833 0.014
53685.46 17.138 0.023
53687.42 17.252 0.033
53694.45 17.308 0.081
53697.36 17.590 0.024
53698.35 17.654 0.038
53701.35 17.744 0.030
53756.20 19.694 0.126
filter Rs
# nickel
53674.47 16.502 0.010
53756.27 19.482 0.117
53770.18 19.874 0.097
filter Us
#
53639.95 15.176 0.019
53640.97 14.993 0.018
53649.94 15.257 0.019
53655.92 15.950 0.023
53662.90 17.244 0.037
53662.90 17.231 0.036
53662.92 17.084 0.035
53662.92 17.157 0.038
53664.91 17.461 0.046
53664.91 17.462 0.044
53664.93 17.369 0.037
53664.93 17.498 0.044
53665.98 17.500 0.040
53665.98 17.639 0.044
53666.89 17.646 0.043
53666.90 17.763 0.044
53666.91 17.713 0.048
53666.92 17.843 0.054
53669.01 17.914 0.064
53676.92 18.372 0.072
53676.92 18.382 0.078
53676.94 18.479 0.076
53677.93 18.393 0.061
53677.93 18.448 0.060
53678.93 18.448 0.068
53679.93 18.538 0.070
53679.94 18.391 0.067
53679.95 18.463 0.080
53679.95 18.531 0.072
53681.93 18.540 0.075
53683.97 18.742 0.095
53683.97 18.690 0.105
53684.94 18.730 0.092
53684.94 18.784 0.115
53685.92 18.650 0.088
53685.93 18.746 0.098
53685.94 18.768 0.102
53685.94 18.717 0.111
53686.93 18.812 0.133
53686.95 18.784 0.117
53686.95 18.884 0.117
53687.91 19.038 0.169
53687.92 19.110 0.150
53687.95 18.861 0.126
53689.94 19.134 0.214
53690.94 18.998 0.180
53694.94 18.987 0.143
53694.95 19.005 0.136
53695.93 19.099 0.142
53695.94 19.199 0.157
53705.94 19.004 0.133
53706.86 19.225 0.158
53724.87 19.364 0.188
53730.82 19.436 0.236
53744.81 19.232 0.289
filter V
#
53639.36 15.822 0.006
53639.94 15.671 0.022
53639.94 15.651 0.012
53640.96 15.533 0.010
53640.96 15.522 0.010
53641.36 15.518 0.004
53644.35 15.277 0.006
53645.00 15.258 0.011
53645.01 15.253 0.011
53649.93 15.281 0.012
53649.93 15.284 0.013
53655.32 15.533 0.006
53655.91 15.634 0.013
53655.91 15.631 0.009
53655.93 15.673 0.029
53659.28 15.836 0.005
53662.89 16.100 0.011
53662.92 16.071 0.011
53663.30 16.098 0.005
53664.91 16.193 0.012
53664.92 16.179 0.012
53665.32 16.224 0.006
53665.98 16.269 0.012
53666.28 16.283 0.006
53666.89 16.321 0.011
53666.91 16.313 0.011
53669.00 16.480 0.012
53669.31 16.528 0.004
53671.32 16.682 0.005
53673.31 16.830 0.008
53675.33 17.001 0.010
53675.87 16.961 0.015
53676.92 17.030 0.015
53676.93 17.027 0.015
53677.93 17.093 0.016
53678.92 17.135 0.015
53679.93 17.174 0.016
53679.95 17.184 0.015
53681.92 17.263 0.019
53682.31 17.344 0.017
53683.30 17.396 0.008
53683.96 17.349 0.019
53684.92 17.397 0.019
53684.94 17.389 0.015
53685.90 17.393 0.022
53685.92 17.393 0.019
53685.94 17.400 0.019
53686.93 17.427 0.023
53686.94 17.461 0.020
53687.27 17.526 0.013
53687.91 17.453 0.023
53687.93 17.509 0.025
53687.95 17.416 0.020
53688.91 17.524 0.023
53689.30 17.578 0.016
53690.32 17.612 0.017
53694.31 17.744 0.016
53694.94 17.685 0.030
53695.93 17.695 0.025
53698.26 17.857 0.010
53699.25 17.869 0.011
53702.25 17.957 0.011
53705.93 17.938 0.027
53706.85 18.032 0.031
53712.23 18.250 0.013
53712.71 18.228 0.052
53712.81 18.111 0.038
53713.78 18.234 0.034
53721.20 18.475 0.030
53723.84 18.416 0.037
53724.84 18.515 0.042
53724.86 18.551 0.041
53726.76 18.493 0.041
53728.79 18.627 0.049
53729.78 18.589 0.049
53730.24 18.755 0.019
53730.81 18.635 0.030
53736.86 18.769 0.051
53744.80 19.065 0.075
filter Vkait
# kait3
53639.48 15.847 0.010
53640.47 15.684 0.010
53642.52 15.455 0.010
53644.47 15.328 0.010
53646.46 15.268 0.010
53648.52 15.271 0.010
53650.53 15.311 0.010
53652.50 15.394 0.010
53654.52 15.541 0.010
53656.50 15.660 0.010
53660.42 15.923 0.022
53666.51 16.269 0.016
53668.47 16.476 0.020
53674.48 16.924 0.017
53679.51 17.231 0.025
53685.46 17.416 0.017
53687.42 17.538 0.037
53694.45 17.605 0.074
53697.36 17.792 0.031
53698.35 17.836 0.030
53701.35 17.901 0.025
53756.20 19.231 0.085
filter Vs
# nickel
53674.47 16.918 0.010
53756.27 19.404 0.057
53770.18 19.761 0.079
filter Y
#csp
53640.33 15.622 0.006
53643.32 15.526 0.012
53648.31 16.015 0.015
53653.30 16.494 0.011
53656.36 16.572 0.012
53657.29 16.568 0.012
53660.35 16.453 0.011
53664.35 16.138 0.017
53668.32 15.758 0.015
53670.35 15.611 0.018
53672.35 15.579 0.009
53676.36 15.774 0.011
53679.30 15.969 0.010
53680.31 16.043 0.009
53681.32 16.125 0.005
53686.34 16.432 0.014
53688.33 16.526 0.028
53697.29 17.084 0.045
53701.26 17.331 0.031
53710.27 17.802 0.033
53715.19 18.032 0.033
filter g
#csp
53639.36 15.771 0.009
53641.36 15.454 0.004
53644.35 15.198 0.009
53655.32 15.575 0.005
53659.28 15.943 0.004
53663.30 16.368 0.006
53665.32 16.602 0.006
53666.28 16.718 0.006
53669.31 17.074 0.004
53671.32 17.272 0.006
53673.31 17.438 0.007
53675.33 17.570 0.009
53682.31 17.880 0.016
53683.30 17.919 0.009
53687.27 18.031 0.012
53689.30 18.084 0.016
53690.32 18.104 0.028
53694.31 18.193 0.014
53698.26 18.266 0.011
53699.25 18.289 0.010
53702.25 18.339 0.010
53712.23 18.555 0.011
53721.20 18.653 0.022
53730.24 18.870 0.016
filter i
#csp
53639.36 15.965 0.006
53641.36 15.718 0.004
53644.35 15.678 0.008
53650.40 15.903 0.005
53655.32 16.426 0.009
53659.28 16.645 0.006
53663.30 16.520 0.007
53665.32 16.438 0.008
53666.28 16.393 0.008
53669.31 16.327 0.005
53671.32 16.378 0.007
53673.31 16.509 0.010
53675.33 16.679 0.012
53682.31 17.165 0.012
53683.30 17.207 0.009
53687.27 17.402 0.012
53689.30 17.499 0.014
53690.32 17.570 0.015
53694.31 17.744 0.016
53698.26 17.899 0.014
53699.25 17.940 0.014
53702.25 18.069 0.013
53712.23 18.487 0.015
53721.20 18.843 0.031
53730.24 19.154 0.029
filter r
#csp
53639.36 15.790 0.007
53641.36 15.496 0.004
53644.35 15.287 0.007
53655.32 15.660 0.007
53659.28 15.954 0.005
53663.30 16.043 0.005
53665.32 16.061 0.006
53666.28 16.084 0.006
53669.31 16.196 0.005
53671.32 16.324 0.006
53673.31 16.486 0.008
53675.33 16.636 0.010
53682.31 17.071 0.013
53683.30 17.110 0.007
53687.27 17.297 0.011
53689.30 17.341 0.013
53690.32 17.392 0.013
53694.31 17.547 0.013
53698.26 17.677 0.009
53699.25 17.716 0.011
53702.25 17.834 0.011
53712.23 18.188 0.012
53721.20 18.490 0.022
53730.24 18.812 0.017
filter u
#
53639.36 16.156 0.006
53641.36 15.837 0.006
53644.35 15.677 0.007
53655.32 16.579 0.008
53659.28 17.159 0.014
53663.30 17.863 0.021
53665.32 18.185 0.018
53666.28 18.298 0.017
53669.31 18.639 0.018
53671.32 18.814 0.018
53673.31 18.955 0.021
53675.33 19.025 0.028
53682.31 19.310 0.049
53683.30 19.333 0.034
53687.27 19.459 0.050
53689.30 19.393 0.078
53690.32 19.547 0.136
53694.31 19.648 0.057
53698.26 19.709 0.038
53699.25 19.737 0.037
53702.25 19.746 0.034
53712.23 20.104 0.041
53721.20 20.159 0.128
53730.24 20.381 0.076
