SN2008C 0.016621 104.297940 20.437230
#SN2008C 104.29794 20.43723 UGC_3611  S0/a 0.016621 1.3e-05 NED_Host_Galaxy_Name CBET_1195 POSS CBET_1197   Ia
# ['' 'B' 'H' 'I' 'J' 'K' 'Ks' 'R' 'V' 'Y' 'g' 'i' "i'" 'r' "r'" 'u']
# [''] on ['' 'PAIRITEL' 'kait4']
filter B
#
54469.30 15.996 0.009
54470.16 16.025 0.018
54470.17 16.058 0.008
54475.15 16.412 0.010
54475.38 16.443 0.018
54476.16 16.511 0.011
54476.43 16.547 0.022
54478.15 16.736 0.011
54478.23 16.749 0.023
54480.15 16.963 0.013
54480.29 16.990 0.028
54483.26 17.390 0.061
54484.10 17.423 0.029
54484.34 17.517 0.055
54488.14 17.839 0.059
54488.29 17.887 0.109
54492.13 18.148 0.035
54496.27 18.624 0.112
54497.12 18.683 0.057
54499.11 19.045 0.096
54507.21 19.095 0.120
54509.19 19.044 0.126
54510.13 19.020 0.150
54517.08 19.102 0.168
54520.19 19.307 0.155
54521.07 19.360 0.112
54523.05 19.530 0.118
54524.25 19.172 0.132
54527.04 19.414 0.092
54527.10 19.218 0.168
54528.19 19.348 0.193
54531.11 19.338 0.156
54532.04 19.390 0.058
54536.15 19.273 0.179
54537.14 19.317 0.187
54541.08 19.677 0.132
54543.02 19.079 0.082
54545.00 19.393 0.084
54547.00 19.617 0.091
54551.99 19.713 0.079
filter Bkait
# kait4
54477.34 16.585 0.015
54479.31 16.762 0.015
54481.30 17.001 0.025
54483.28 17.235 0.047
54484.27 17.301 0.028
54503.32 18.656 0.050
54505.24 18.779 0.062
54508.28 18.805 0.075
filter H
#
54471.21 16.494 0.034
54473.20 16.637 0.293
54477.17 16.611 0.171
54479.15 16.750 0.207
54485.18 16.447 0.034
54489.15 16.413 0.087
54492.13 16.154 0.088
54495.15 16.240 0.007
54503.12 16.892 0.073
54511.06 17.301 0.113
54518.08 17.740 0.202
54524.06 18.123 0.328
54530.05 17.902 0.497
54536.09 18.643 0.366
54544.11 18.212 0.219
54549.03 18.636 0.111
54555.03 19.363 0.121
54561.06 18.602 0.330
filter H2m
# PAIRITEL
54475.24 16.710 0.280
54481.19 16.520 0.180
54485.21 16.570 0.080
54497.15 16.460 0.170
filter Ikait
# kait4
54477.34 16.381 0.021
54479.31 16.363 0.021
54481.30 16.341 0.024
54483.28 16.331 0.031
54484.27 16.307 0.024
54503.32 16.793 0.038
54505.24 16.946 0.030
54508.28 17.037 0.041
54525.22 17.644 0.059
54529.23 17.755 0.044
filter J
#
54471.21 16.474 0.029
54473.20 16.618 0.168
54477.17 17.205 0.127
54479.15 17.410 0.070
54485.18 17.316 0.138
54489.15 17.122 0.229
54492.13 17.061 0.014
54495.15 16.868 0.009
54503.12 16.999 0.088
54511.06 17.695 0.352
54518.08 18.553 0.338
54549.03 19.919 0.112
54555.03 19.792 0.112
filter J2m
# PAIRITEL
54474.25 16.890 0.310
54476.20 17.230 0.170
54481.19 17.410 0.220
54484.26 17.430 0.250
54485.21 17.350 0.280
54499.18 17.120 0.170
54505.15 17.350 0.180
54510.16 17.540 0.250
filter K
#
54495.15 18.941 0.017
filter Ks2m
# PAIRITEL
54474.25 14.890 0.250
54478.21 14.920 0.250
54481.19 14.910 0.250
54482.24 15.020 0.250
54485.21 15.080 0.250
54497.15 14.960 0.250
54509.08 15.200 0.250
54510.16 15.010 0.260
54515.22 15.290 0.250
54522.20 15.210 0.250
54525.19 15.530 0.300
54526.14 15.850 0.270
filter Rkait
# kait4
54477.34 16.007 0.016
54479.31 16.127 0.010
54481.30 16.202 0.011
54483.28 16.230 0.016
54484.27 16.289 0.014
54503.32 17.060 0.036
54505.24 17.210 0.046
54508.28 17.259 0.018
54525.22 17.650 0.046
54529.23 17.878 0.040
filter V
#
54469.30 15.791 0.007
54470.16 15.743 0.014
54470.17 15.793 0.008
54475.15 15.929 0.008
54475.37 15.914 0.015
54476.16 16.003 0.009
54476.42 15.973 0.017
54478.15 16.115 0.008
54478.23 16.090 0.019
54480.15 16.294 0.010
54480.28 16.217 0.021
54483.25 16.417 0.020
54484.10 16.524 0.017
54484.33 16.496 0.031
54488.14 16.852 0.035
54488.31 16.717 0.031
54492.13 17.044 0.013
54496.27 17.202 0.032
54497.12 17.196 0.021
54499.11 17.260 0.025
54507.20 17.779 0.051
54509.18 17.804 0.056
54516.21 18.043 0.075
54520.18 18.119 0.054
54521.07 18.272 0.044
54523.05 18.381 0.043
54524.24 18.261 0.058
54527.10 18.280 0.105
54528.19 18.419 0.093
54531.10 18.534 0.076
54532.04 18.504 0.032
54536.15 18.573 0.089
54537.14 18.560 0.076
54543.02 18.257 0.048
54545.00 18.654 0.043
54547.00 19.061 0.081
54551.99 19.028 0.044
filter Vkait
# kait4
54477.34 16.102 0.012
54479.31 16.207 0.018
54481.30 16.374 0.019
54483.28 16.472 0.026
54484.27 16.560 0.015
54503.32 17.683 0.033
54505.24 17.786 0.040
54508.28 17.929 0.030
54511.26 17.967 0.071
filter Y
#
54471.21 16.761 0.123
54473.20 16.980 0.059
54477.17 17.224 0.082
54479.15 16.877 0.039
54485.18 16.523 0.048
54489.15 16.282 0.029
54492.13 16.067 0.008
54495.15 15.832 0.013
54503.12 16.402 0.093
54511.06 16.918 0.042
54518.08 17.738 0.182
54524.06 18.160 0.162
54530.05 18.176 0.125
54549.03 18.559 0.096
54555.03 19.339 0.106
filter g
#
54469.30 15.817 0.010
54470.17 15.880 0.006
54475.15 16.139 0.007
54476.16 16.179 0.009
54478.15 16.361 0.007
54480.15 16.620 0.011
54484.10 16.849 0.021
54492.13 17.713 0.013
54497.12 18.107 0.020
54499.11 18.243 0.023
54517.08 18.598 0.077
54527.04 18.866 0.034
54532.04 18.907 0.025
54541.08 18.824 0.055
54543.02 18.435 0.053
54545.00 18.848 0.040
54547.00 19.285 0.071
54551.99 19.083 0.026
54557.98 18.679 0.091
filter i
#
54469.30 16.266 0.011
54470.17 16.288 0.014
54475.15 16.554 0.018
54476.16 16.591 0.020
54478.15 16.802 0.025
54480.15 16.850 0.018
54484.10 16.636 0.021
54488.14 16.559 0.022
54492.13 16.621 0.014
54497.12 16.736 0.016
54499.11 16.938 0.018
54521.07 17.991 0.042
54523.05 17.998 0.040
54527.04 18.333 0.055
54532.04 18.298 0.037
54543.02 18.965 0.082
54545.00 18.614 0.046
54547.00 18.865 0.055
54551.99 19.195 0.080
filter ik
#
54470.15 16.294 0.019
54475.37 16.617 0.026
54476.42 16.691 0.030
54478.22 16.795 0.030
54480.28 16.815 0.031
54483.25 16.768 0.034
54484.33 16.750 0.036
54488.28 16.655 0.062
54496.26 16.800 0.044
54507.20 17.562 0.054
54509.18 17.615 0.046
54510.13 17.816 0.162
54516.21 18.095 0.119
54520.18 18.062 0.088
54524.24 18.215 0.098
54527.09 18.317 0.107
54528.18 18.317 0.072
54531.10 18.639 0.095
54536.14 18.813 0.100
54537.13 18.791 0.096
filter r
#
54469.30 15.700 0.008
54470.17 15.704 0.008
54475.15 15.804 0.013
54476.16 16.029 0.019
54478.15 16.106 0.010
54480.15 16.245 0.012
54484.10 16.284 0.011
54488.14 16.277 0.020
54492.13 16.554 0.012
54497.12 16.841 0.012
54499.11 17.168 0.023
54517.08 18.015 0.065
54521.07 17.981 0.033
54523.05 17.951 0.025
54527.04 17.922 0.027
54532.04 18.234 0.028
54541.08 18.006 0.050
54543.02 18.356 0.040
54545.00 18.832 0.095
54547.00 18.617 0.035
54551.99 18.632 0.029
filter rk
#
54470.15 15.734 0.018
54475.37 15.947 0.018
54476.42 16.025 0.018
54478.23 16.137 0.019
54480.28 16.218 0.022
54483.25 16.318 0.021
54484.33 16.341 0.026
54488.30 16.528 0.040
54496.26 16.820 0.036
54507.20 17.504 0.051
54509.18 17.558 0.047
54516.21 17.759 0.098
54520.18 17.887 0.065
54524.24 17.999 0.064
54527.09 18.098 0.129
54528.19 18.183 0.097
54531.10 18.326 0.107
54536.14 18.387 0.112
54537.13 18.445 0.095
filter u
#
54469.30 16.948 0.045
54470.17 17.049 0.050
54475.15 17.422 0.036
54476.16 17.599 0.021
54478.15 17.891 0.028
54480.15 18.228 0.056
54484.10 18.461 0.155
54488.14 19.108 0.404
54492.13 19.482 0.216
54497.12 20.058 0.461
