SN2009kq 0.011698 129.063160 28.067110
#SN2009kq 129.06316 28.06711 MCG_+05-21-1 Spiral 0.011698 2e-05 NED_Host_Galaxy_Name CBET_2005 POSS ATEL_2291;CBET_2011   Ia
# ['' 'B' 'H' 'I' 'J' 'Ks' 'R' 'V' "i'" "r'" "u'"]
# [''] on ['' 'PAIRITEL' 'kait4']
filter B4sh
#
55150.52 14.791 0.015
55151.53 14.739 0.016
55153.51 14.663 0.021
55155.51 14.658 0.017
55157.45 14.737 0.017
55158.49 14.775 0.017
55160.33 14.863 0.016
55176.45 16.530 0.019
55177.52 16.590 0.020
55181.42 16.969 0.021
55185.48 17.320 0.033
55205.31 18.101 0.134
55208.32 18.003 0.037
55212.28 18.079 0.080
55232.36 18.228 0.046
55242.21 18.287 0.072
55244.20 18.429 0.099
55247.23 18.504 0.081
55267.20 18.782 0.091
filter Bkait
# kait4
55150.53 14.849 0.024
55152.48 14.800 0.019
55154.56 14.708 0.017
55156.59 14.753 0.057
55158.49 14.833 0.031
55160.50 14.950 0.016
55162.45 15.128 0.073
55164.41 15.241 0.048
55166.39 15.334 0.065
55173.55 16.274 0.030
55182.47 17.168 0.046
55184.43 17.312 0.055
55188.42 17.572 0.081
55190.41 17.681 0.046
55200.44 18.047 0.186
55205.32 18.039 0.070
55237.38 18.457 0.111
55243.28 18.497 0.083
55246.21 18.674 0.158
55256.32 19.124 0.434
55262.24 18.815 0.102
55267.26 18.854 0.100
55272.24 19.005 0.134
55283.24 19.092 0.182
55290.20 19.207 0.217
filter H2m
# PAIRITEL
55158.50 15.700 0.170
55159.48 15.720 0.180
55160.47 15.710 0.180
55161.47 15.840 0.060
55171.44 16.060 0.180
55177.42 15.540 0.250
55178.43 15.540 0.250
55180.37 15.420 0.050
55181.39 15.430 0.050
55183.45 15.380 0.040
55185.36 15.560 0.250
filter Ikait
# kait4
55150.53 14.936 0.025
55152.48 14.936 0.046
55158.49 15.124 0.037
55160.50 15.235 0.029
55162.45 15.343 0.051
55164.41 15.536 0.071
55166.39 15.664 0.050
55173.55 15.620 0.029
55182.47 15.390 0.025
55184.43 15.432 0.032
55188.42 15.666 0.058
55190.41 15.798 0.045
55200.44 16.450 0.072
55205.32 16.612 0.059
55243.28 18.083 0.102
55246.21 18.137 0.230
55262.24 18.732 0.188
55267.26 18.877 0.252
55272.24 18.998 0.284
55290.20 19.418 0.222
filter J2m
# PAIRITEL
55158.50 15.470 0.180
55159.48 15.730 0.020
55160.47 15.760 0.010
55161.47 16.000 0.170
55171.44 17.460 0.170
55178.43 16.620 0.170
55180.37 16.360 0.170
55181.39 16.170 0.250
55183.45 16.060 0.010
55185.36 16.000 0.180
filter Ks2m
# PAIRITEL
55158.50 15.320 0.180
55159.48 15.270 0.020
55160.47 15.280 0.030
55161.47 15.390 0.030
55171.44 15.330 0.170
55177.42 15.270 0.170
55178.43 15.320 0.030
55180.37 15.410 0.170
55181.39 15.440 0.040
55183.45 15.330 0.040
55185.36 15.410 0.180
filter Rkait
# kait4
55150.53 14.778 0.018
55152.48 14.690 0.019
55154.56 14.620 0.017
55158.49 14.637 0.020
55160.50 14.733 0.045
55162.45 14.851 0.025
55164.41 14.993 0.035
55166.39 15.169 0.028
55173.55 15.398 0.020
55182.47 15.559 0.042
55184.43 15.641 0.030
55188.42 15.900 0.046
55190.41 16.057 0.033
55200.44 16.539 0.061
55205.32 16.664 0.045
55237.38 17.693 0.111
55243.28 17.863 0.114
55246.21 17.911 0.153
55256.32 17.754 0.356
55262.24 18.481 0.159
55267.26 18.664 0.172
55272.24 18.844 0.250
55283.24 18.918 0.247
55290.20 19.315 0.167
filter V4sh
#
55150.52 14.802 0.015
55151.53 14.731 0.014
55153.51 14.653 0.014
55155.52 14.609 0.016
55157.46 14.620 0.014
55158.50 14.639 0.014
55160.34 14.686 0.015
55171.52 15.303 0.028
55176.46 15.537 0.014
55177.53 15.599 0.015
55181.43 15.796 0.017
55185.49 16.063 0.017
55205.31 16.903 0.027
55208.33 16.991 0.022
55212.28 17.198 0.044
55232.36 17.589 0.036
55242.22 17.922 0.057
55244.21 17.975 0.055
55247.25 18.063 0.039
55267.22 18.533 0.067
55332.16 19.875 0.186
filter Vkait
# kait4
55150.53 14.871 0.016
55152.48 14.754 0.016
55154.56 14.661 0.013
55156.59 14.603 0.048
55158.49 14.685 0.015
55160.50 14.735 0.011
55162.45 14.769 0.032
55164.41 14.919 0.030
55166.39 15.036 0.029
55173.55 15.414 0.019
55182.47 15.885 0.027
55184.43 16.015 0.028
55188.42 16.278 0.056
55190.41 16.434 0.029
55200.44 16.779 0.073
55205.32 16.939 0.043
55237.38 17.783 0.081
55243.28 17.907 0.106
55246.21 17.935 0.123
55256.32 18.354 0.433
55262.24 18.330 0.101
55267.26 18.481 0.121
55272.24 18.565 0.126
55283.24 18.819 0.193
55290.20 18.812 0.183
filter ik
#
55150.51 15.217 0.016
55151.54 15.222 0.017
55153.51 15.249 0.017
55155.51 15.294 0.015
55157.45 15.361 0.016
55158.49 15.388 0.017
55160.33 15.470 0.020
55176.45 15.919 0.018
55177.51 15.889 0.018
55181.42 15.824 0.015
55185.47 15.893 0.018
55189.22 16.162 0.018
55205.30 17.047 0.033
55208.31 17.167 0.025
55212.26 17.313 0.031
55232.35 18.125 0.052
55242.21 18.525 0.087
55244.20 18.473 0.058
55247.22 18.612 0.069
55267.20 19.151 0.105
55270.22 19.373 0.119
filter rk
#
55150.51 14.839 0.014
55151.53 14.776 0.014
55153.51 14.711 0.014
55155.52 14.671 0.014
55157.46 14.673 0.014
55158.50 14.688 0.014
55160.34 14.747 0.014
55176.46 15.451 0.015
55177.52 15.459 0.014
55181.43 15.547 0.014
55185.49 15.756 0.015
55205.31 16.738 0.022
55208.33 16.855 0.022
55212.27 16.980 0.023
55232.36 17.550 0.028
55242.22 18.005 0.044
55244.21 18.065 0.046
55247.24 18.127 0.040
55267.21 18.694 0.065
55270.22 18.732 0.071
55332.16 20.212 0.218
filter uk
#
55150.52 15.414 0.021
55151.52 15.304 0.020
55153.52 15.285 0.022
55155.51 15.357 0.022
55157.45 15.563 0.022
55158.49 15.642 0.022
55160.34 15.834 0.028
55176.45 17.773 0.059
55177.52 18.090 0.091
55181.43 18.372 0.071
55185.48 18.666 0.114
55208.32 19.265 0.217
55242.21 19.712 0.258
55267.21 20.220 0.326
