SN2010iw 0.021498 131.312050 27.823250
#SN2010iw 131.31205 27.82325 UGC_4570 SABdm 0.021498 1.7e-05 NED_Host_Galaxy_Name CBET_2505 CSS CBET_2511  Ia?
# ['' 'H' 'J' 'Ks']
# [''] on ['' 'PAIRITEL']
filter H2m
# PAIRITEL
55497.42 16.620 0.090
55500.45 16.560 0.070
55502.43 16.650 0.270
55503.43 16.740 0.160
55507.54 16.710 0.100
55508.54 16.730 0.090
55511.43 16.890 0.210
55513.41 16.700 0.160
55516.48 16.470 0.140
55529.42 16.480 0.130
55531.33 16.410 0.100
55532.32 16.500 0.100
55536.42 16.600 0.100
55538.38 16.820 0.200
55540.35 16.830 0.110
55542.40 16.930 0.100
55566.35 17.900 0.170
55569.35 18.280 0.170
filter J2m
# PAIRITEL
55497.42 16.380 0.050
55500.45 16.540 0.040
55502.43 16.800 0.170
55503.43 16.900 0.050
55507.54 17.260 0.030
55508.54 17.650 0.050
55511.43 17.780 0.080
55513.41 17.680 0.090
55516.48 17.670 0.100
55529.42 17.120 0.070
55531.33 17.040 0.040
55532.32 17.120 0.050
55536.42 17.150 0.050
55538.38 17.370 0.080
55540.35 17.580 0.040
55542.40 17.640 0.090
55566.35 19.110 0.270
55569.35 19.650 0.240
filter Ks2m
# PAIRITEL
55497.42 16.310 0.170
55502.43 16.610 0.150
55503.43 16.580 0.320
55508.54 16.600 0.140
55511.43 16.440 0.110
55516.48 16.520 0.170
55529.42 16.560 0.100
55531.33 16.580 0.250
55536.42 16.620 0.070
55538.38 16.670 0.250
55540.35 16.920 0.170
55542.40 17.960 0.190
55569.35 17.730 0.300
