SN2005eq 0.028977 47.205750 -7.033320
#SN2005eq 47.20575 -7.03332 MCG_-01-9-6 SB(rs)cd? 0.028977 7.3e-05 NED_Host_Galaxy_Name IAUC_8608 LOSS IAUC_8610   Ia
# ['' 'B' 'H' 'I' 'J' 'K' 'Ks' 'R' 'U' 'V' 'Y' 'g' 'i' 'r' 'u']
# [''] on ['CSP' 'PAIRITEL' 'kait3' 'nickel']
filter B
#
53647.87 16.752 0.017
53649.91 16.629 0.015
53650.29 16.607 0.008
53655.26 16.576 0.009
53655.87 16.623 0.015
53658.20 16.651 0.010
53659.17 16.679 0.009
53662.25 16.795 0.009
53663.22 16.867 0.009
53664.89 17.092 0.018
53665.20 16.999 0.008
53665.96 17.172 0.021
53666.25 17.078 0.007
53666.87 17.240 0.017
53666.95 17.241 0.023
53669.22 17.360 0.008
53670.82 17.643 0.019
53671.26 17.563 0.011
53673.27 17.788 0.011
53675.23 17.998 0.013
53675.85 18.172 0.029
53676.87 18.264 0.028
53677.88 18.323 0.026
53678.86 18.457 0.027
53679.88 18.501 0.028
53680.83 18.662 0.028
53681.86 18.667 0.033
53682.28 18.648 0.039
53682.87 18.798 0.043
53683.23 18.709 0.017
53687.24 18.919 0.025
53694.22 19.348 0.030
53694.83 19.410 0.109
53695.85 19.593 0.147
53698.16 19.484 0.023
53699.19 19.512 0.029
53705.85 19.673 0.073
53707.24 19.717 0.031
53709.81 19.859 0.072
53712.16 19.736 0.031
53721.13 19.780 0.070
53726.18 19.847 0.057
53728.72 20.126 0.086
53729.77 20.018 0.154
53730.19 19.987 0.031
53730.77 20.124 0.098
53736.76 20.218 0.111
53737.15 20.095 0.043
53741.12 20.105 0.054
53746.14 20.102 0.076
53751.15 20.109 0.096
filter Bkait
# kait3
53646.42 16.861 0.022
53647.51 16.746 0.012
53648.43 16.670 0.013
53649.40 16.582 0.011
53650.47 16.561 0.012
53652.38 16.515 0.014
53654.44 16.509 0.014
53656.41 16.563 0.011
53664.44 16.860 0.029
53666.41 17.034 0.019
53668.32 17.233 0.022
53672.36 17.651 0.039
53674.45 17.823 0.025
53679.42 18.343 0.030
53685.40 18.755 0.059
53687.31 18.772 0.088
53692.37 19.079 0.139
53695.32 19.320 0.091
53698.29 19.410 0.058
53701.31 19.360 0.075
filter Bs
# nickel
53674.38 17.870 0.015
filter H
#
53648.21 17.021 0.028
53653.26 17.174 0.029
53656.24 17.313 0.042
53660.23 17.388 0.061
53664.20 17.499 0.052
53668.26 17.708 0.071
53672.29 17.616 0.077
53677.29 17.294 0.077
53680.26 17.257 0.067
53692.21 17.350 0.054
filter H2m
# PAIRITEL
53648.33 17.340 0.160
53651.40 17.080 0.060
53652.33 17.190 0.120
53653.37 17.240 0.130
53654.32 17.300 0.110
53656.29 17.350 0.250
53663.36 17.490 0.110
53665.32 17.480 0.100
53670.31 17.520 0.110
53672.27 17.400 0.170
53674.37 17.370 0.100
53676.34 17.460 0.140
53677.31 17.410 0.130
53678.35 17.360 0.120
53681.31 17.260 0.270
53682.30 17.130 0.100
53683.32 17.190 0.230
53684.35 17.110 0.090
53686.37 17.190 0.120
53687.27 17.270 0.120
53688.31 17.290 0.250
53689.29 17.340 0.050
53690.26 17.330 0.080
53691.29 17.290 0.100
53695.29 17.380 0.110
53699.23 17.490 0.160
53700.22 17.610 0.250
53703.24 17.870 0.200
53705.21 18.010 0.280
53706.26 18.130 0.190
53707.24 18.090 0.100
53711.24 18.180 0.120
53712.22 18.250 0.210
filter Ikait
# kait3
53646.42 16.708 0.060
53647.51 16.622 0.024
53648.43 16.589 0.024
53649.40 16.550 0.022
53650.47 16.610 0.019
53652.38 16.576 0.022
53654.44 16.573 0.026
53656.41 16.706 0.021
53659.31 16.762 0.069
53664.44 16.820 0.079
53666.41 17.170 0.032
53668.32 17.351 0.052
53672.36 17.433 0.046
53674.45 17.347 0.044
53679.42 17.259 0.042
53685.40 17.143 0.033
53687.31 17.110 0.045
53692.37 17.319 0.113
53695.32 17.469 0.036
53698.29 17.750 0.054
53701.31 17.858 0.080
filter Is
# nickel
53674.38 17.183 0.024
filter J
#
53647.34 16.808 0.035
53648.21 16.815 0.026
53653.26 16.913 0.024
53656.24 17.068 0.034
53660.23 17.272 0.030
53664.20 17.869 0.043
53668.26 18.273 0.079
53672.29 18.365 0.099
53677.29 18.259 0.093
53680.26 18.348 0.101
53686.29 17.928 0.057
53692.21 17.844 0.089
53701.19 18.583 0.088
53705.18 18.646 0.088
53710.19 18.847 0.146
filter J2m
# PAIRITEL
53648.33 16.830 0.030
53651.40 16.830 0.030
53652.33 16.830 0.020
53653.37 16.910 0.030
53654.32 16.990 0.040
53656.29 17.260 0.030
53663.36 17.710 0.040
53665.32 17.960 0.060
53670.31 18.410 0.060
53674.37 18.470 0.110
53675.34 18.330 0.150
53676.34 18.260 0.250
53677.31 18.140 0.250
53678.35 18.060 0.250
53681.31 18.040 0.250
53682.30 17.940 0.060
53683.32 17.930 0.040
53684.35 17.910 0.040
53686.37 17.870 0.050
53687.27 17.780 0.080
53688.31 17.690 0.040
53690.26 17.660 0.070
53691.29 17.710 0.060
53695.29 17.850 0.050
53699.23 18.020 0.080
53701.22 18.330 0.170
53703.24 18.490 0.180
53706.26 18.630 0.090
53707.24 18.650 0.120
53708.26 18.740 0.140
53712.22 18.880 0.150
filter K
#
53653.26 16.505 0.029
filter Ks2m
# PAIRITEL
53648.33 17.060 0.050
53651.40 16.900 0.050
53652.33 16.790 0.180
53653.37 16.900 0.050
53654.32 16.840 0.010
53656.29 16.850 0.060
53665.32 16.770 0.180
53670.31 16.870 0.090
53673.24 16.960 0.030
53674.37 16.990 0.070
53675.34 17.090 0.250
53676.34 17.000 0.070
53677.31 17.000 0.040
53678.35 16.920 0.050
53682.30 16.920 0.040
53683.32 16.950 0.060
53684.35 17.160 0.250
53686.37 17.140 0.250
53687.27 17.340 0.250
53688.31 17.440 0.170
53689.29 17.440 0.110
53690.26 17.500 0.030
53695.29 17.650 0.080
53699.23 17.700 0.170
53703.24 17.850 0.180
53704.21 17.820 0.180
53705.21 18.230 0.330
53706.26 18.200 0.250
53712.22 18.110 0.180
filter Rkait
# kait3
53646.42 16.726 0.015
53647.51 16.574 0.015
53648.43 16.536 0.011
53649.40 16.431 0.011
53650.47 16.425 0.013
53652.38 16.367 0.012
53654.44 16.320 0.013
53656.41 16.301 0.012
53659.31 16.308 0.031
53664.44 16.519 0.072
53666.41 16.724 0.016
53668.32 16.839 0.013
53672.36 17.017 0.024
53674.45 17.065 0.023
53679.42 17.116 0.016
53685.40 17.226 0.020
53687.31 17.314 0.034
53692.37 17.486 0.074
53695.32 17.737 0.036
53698.29 17.915 0.036
53701.31 18.005 0.052
filter Rs
# nickel
53674.38 17.093 0.012
filter Us
#
53647.87 16.347 0.052
53649.92 16.249 0.047
53649.92 16.236 0.048
53655.87 16.423 0.049
53655.88 16.411 0.049
53662.87 17.131 0.057
53664.88 17.351 0.094
53665.95 17.424 0.094
53666.95 17.452 0.053
53670.82 18.003 0.058
53675.85 18.439 0.075
53676.86 18.545 0.089
53677.87 18.684 0.085
53679.87 18.760 0.095
53680.82 19.096 0.121
53680.82 19.086 0.137
53681.87 19.082 0.176
53684.86 19.540 0.328
53705.85 19.679 0.289
53709.82 19.657 0.288
53713.74 19.631 0.302
53723.81 19.812 0.326
filter V
#
53647.86 16.652 0.023
53647.87 16.657 0.014
53649.91 16.546 0.028
53649.91 16.518 0.013
53650.29 16.521 0.006
53655.26 16.463 0.008
53655.86 16.480 0.029
53655.86 16.451 0.014
53658.20 16.491 0.008
53659.17 16.514 0.009
53662.25 16.589 0.011
53662.86 16.679 0.024
53663.22 16.639 0.009
53663.96 16.735 0.027
53664.88 16.740 0.017
53665.20 16.736 0.008
53665.95 16.793 0.019
53666.25 16.776 0.008
53666.86 16.854 0.015
53666.94 16.836 0.014
53669.22 16.948 0.007
53670.81 17.054 0.015
53671.26 17.071 0.009
53673.27 17.167 0.010
53675.23 17.271 0.013
53675.84 17.344 0.020
53676.86 17.379 0.019
53677.87 17.412 0.019
53678.85 17.467 0.019
53679.87 17.505 0.019
53680.81 17.563 0.023
53680.82 17.517 0.020
53681.85 17.596 0.028
53682.28 17.652 0.042
53682.86 17.595 0.072
53683.23 17.693 0.012
53684.85 17.739 0.032
53685.82 17.820 0.027
53687.24 17.868 0.018
53687.82 17.796 0.052
53694.22 18.275 0.016
53694.82 18.237 0.042
53695.84 18.379 0.046
53698.16 18.469 0.016
53699.19 18.526 0.018
53705.84 18.675 0.037
53707.24 18.774 0.021
53709.80 18.849 0.046
53712.16 18.879 0.019
53713.73 18.916 0.062
53721.13 19.071 0.038
53723.80 19.321 0.116
53726.18 19.260 0.028
53730.19 19.261 0.027
53730.76 19.311 0.062
53736.75 19.484 0.055
53737.15 19.457 0.031
53741.12 19.524 0.030
53746.14 19.679 0.055
53751.15 19.664 0.071
filter Vkait
# kait3
53646.42 16.793 0.019
53647.51 16.714 0.013
53648.43 16.632 0.015
53649.40 16.540 0.012
53650.47 16.492 0.010
53652.38 16.447 0.013
53654.44 16.431 0.010
53656.41 16.458 0.014
53659.31 16.454 0.026
53664.44 16.599 0.028
53666.41 16.754 0.010
53668.32 16.861 0.020
53672.36 17.076 0.023
53674.45 17.174 0.024
53679.42 17.432 0.022
53685.40 17.670 0.034
53687.31 17.819 0.057
53692.37 17.991 0.081
53695.32 18.247 0.048
53698.29 18.409 0.038
53701.31 18.515 0.073
filter Vs
# nickel
53674.38 17.219 0.010
filter Y
#
53647.34 16.902 0.018
53648.21 16.902 0.044
53653.26 17.221 0.024
53656.24 17.374 0.019
53660.23 17.652 0.023
53664.20 17.772 0.018
53668.26 17.780 0.025
53672.29 17.575 0.032
53677.29 17.278 0.021
53680.26 17.103 0.028
53686.29 16.922 0.026
53692.21 16.781 0.014
53701.19 17.276 0.022
53705.18 17.535 0.043
53710.19 17.722 0.052
filter g
#
53650.29 16.487 0.006
53655.26 16.450 0.006
53658.20 16.505 0.006
53659.17 16.539 0.009
53662.25 16.647 0.007
53663.22 16.690 0.008
53665.20 16.783 0.007
53666.25 16.849 0.007
53669.22 17.069 0.006
53671.26 17.255 0.007
53673.27 17.425 0.009
53675.23 17.597 0.010
53682.28 18.189 0.016
53683.23 18.242 0.011
53687.24 18.510 0.019
53694.22 18.906 0.020
53698.16 19.076 0.015
53699.19 19.093 0.015
53707.24 19.265 0.025
53712.16 19.378 0.021
53721.13 19.521 0.041
53726.18 19.554 0.020
53730.19 19.639 0.017
53737.15 19.736 0.018
53741.12 19.821 0.028
53746.14 19.897 0.053
53751.15 19.965 0.075
filter i
#
53650.29 16.965 0.008
53655.26 17.032 0.009
53658.20 17.113 0.010
53659.17 17.152 0.012
53662.25 17.256 0.011
53663.22 17.355 0.013
53665.20 17.471 0.014
53666.25 17.562 0.014
53669.22 17.743 0.010
53671.26 17.786 0.011
53673.27 17.791 0.014
53675.23 17.733 0.016
53682.28 17.659 0.031
53683.23 17.629 0.014
53687.24 17.600 0.016
53694.22 17.946 0.017
53698.16 18.142 0.013
53699.19 18.255 0.016
53707.24 18.592 0.032
53712.16 18.827 0.020
53721.13 19.156 0.033
53726.18 19.337 0.035
53730.19 19.544 0.042
53737.15 19.617 0.043
53741.12 19.756 0.042
53746.14 19.965 0.058
53751.15 20.082 0.075
filter r
#
53650.29 16.549 0.006
53655.26 16.408 0.007
53658.20 16.442 0.007
53659.17 16.468 0.007
53662.25 16.577 0.008
53663.22 16.627 0.009
53665.20 16.737 0.008
53666.25 16.795 0.009
53669.22 16.978 0.007
53671.26 17.048 0.008
53673.27 17.101 0.009
53675.23 17.145 0.010
53682.28 17.287 0.014
53683.23 17.298 0.010
53687.24 17.406 0.012
53694.22 17.823 0.015
53698.16 18.011 0.010
53699.19 18.080 0.014
53707.24 18.353 0.018
53712.16 18.493 0.013
53721.13 18.764 0.023
53726.18 18.898 0.019
53730.19 19.062 0.022
53737.15 19.192 0.020
53741.12 19.345 0.019
53746.14 19.459 0.031
53751.15 19.665 0.057
filter u
#
53650.29 16.936 0.011
53655.26 17.063 0.013
53658.20 17.204 0.014
53659.17 17.330 0.022
53662.25 17.518 0.021
53663.22 17.598 0.018
53665.20 17.877 0.016
53666.25 17.978 0.015
53669.22 18.340 0.019
53671.26 18.633 0.021
53673.27 18.870 0.022
53675.23 19.197 0.028
53683.23 19.902 0.047
53687.24 20.112 0.086
53694.22 20.609 0.120
53698.16 20.568 0.101
53699.19 20.639 0.064
53707.24 20.795 0.169
53712.16 21.008 0.104
