SN2006X 0.005240 185.724710 15.808880
#SN2006X 185.72471 15.80888 NGC_4321 SAB(s)bc 0.00524 3e-06 NED_Host_Galaxy_Name IAUC_8667;IAUC_8680 Suzuki;_CROSS CBET_393;CBET_421   Ia
# ['' 'B' 'H' 'I' 'I1' 'I2' 'J' 'K' 'Ks' 'R' 'U' 'UVM2' 'UVW1' 'UVW2' 'V'
 'Y' 'g' 'i' 'r' 'u']
# ['' 'IRAC' 'UVOT' 'VLA'] on ['' 'PAIRITEL' 'Spitzer' 'Swift' 'kait3']
filter B
#
53775.17 16.690 0.007
53775.94 16.383 0.021
53776.88 16.175 0.066
53777.93 15.942 0.030
53777.94 15.929 0.019
53778.35 15.895 0.007
53780.37 15.598 0.009
53783.22 15.396 0.007
53784.32 15.366 0.007
53785.02 15.336 0.035
53785.30 15.352 0.008
53785.91 15.433 0.018
53785.95 15.425 0.017
53786.33 15.349 0.006
53786.91 15.459 0.019
53787.93 15.483 0.022
53788.31 15.406 0.007
53790.29 15.495 0.007
53791.83 15.738 0.022
53793.86 15.869 0.018
53794.83 15.895 0.027
53795.28 15.891 0.006
53795.91 16.075 0.022
53795.95 16.075 0.017
53796.92 16.215 0.023
53797.87 16.321 0.017
53798.29 16.212 0.007
53798.90 16.406 0.016
53798.94 16.414 0.017
53799.29 16.308 0.006
53799.91 16.506 0.017
53799.94 16.516 0.017
53802.28 16.636 0.008
53802.94 16.864 0.021
53804.27 16.837 0.008
53805.22 16.925 0.011
53809.23 17.249 0.023
53814.89 17.867 0.028
53815.21 17.723 0.014
53816.90 18.079 0.035
53817.74 17.985 0.042
53818.28 17.894 0.015
53819.25 17.960 0.013
53824.23 18.099 0.013
53826.87 18.253 0.027
53831.19 18.181 0.014
53831.84 18.432 0.037
53832.27 18.207 0.013
53833.75 18.406 0.039
53835.15 18.237 0.016
53838.19 18.260 0.041
53840.75 18.504 0.039
53841.22 18.335 0.022
53842.77 18.518 0.031
53845.15 18.296 0.014
53847.76 18.517 0.033
53848.76 18.481 0.030
53850.16 18.360 0.014
53853.15 18.405 0.013
53856.85 18.517 0.034
53857.66 18.615 0.033
53858.09 18.486 0.026
53859.67 18.609 0.034
53862.16 18.499 0.021
53866.11 18.480 0.023
53870.13 18.602 0.034
53872.12 18.604 0.018
53878.73 18.951 0.038
53886.06 18.812 0.009
53890.08 18.892 0.024
53891.08 18.862 0.025
53893.05 18.922 0.017
53894.06 18.879 0.027
53897.04 18.942 0.016
53898.05 18.960 0.016
53902.74 19.283 0.067
53905.96 19.194 0.021
53937.66 20.134 0.125
filter B_UVOT
# Swift
53774.38 17.254 0.098
53780.41 15.732 0.063
53783.96 15.449 0.059
53786.26 15.345 0.098
53787.30 15.437 0.061
53790.51 15.673 0.071
53792.59 15.919 0.081
53794.87 16.039 0.070
53796.74 16.226 0.105
53799.90 16.462 0.074
53806.70 17.230 0.091
53812.12 17.646 0.104
53821.56 18.138 0.137
53823.34 18.185 0.128
filter Bkait
# kait3
53774.50 17.072 0.028
53775.45 16.716 0.026
53776.46 16.381 0.032
53778.34 16.045 0.043
53787.44 15.440 0.024
53788.42 15.455 0.022
53789.45 15.491 0.016
53790.43 15.593 0.019
53813.42 17.856 0.046
53816.40 17.831 0.043
53821.36 18.048 0.030
53843.32 18.335 0.082
53852.28 18.562 0.079
filter H
#
53776.33 13.286 0.007
53777.33 13.177 0.009
53779.35 13.038 0.009
53782.34 12.983 0.007
53784.32 13.053 0.016
53786.33 13.161 0.003
53787.33 13.174 0.004
53788.31 13.220 0.007
53789.31 13.229 0.012
53796.32 13.404 0.010
53797.31 13.411 0.012
53800.32 13.301 0.011
53803.29 13.194 0.013
53807.25 13.048 0.007
53808.30 13.002 0.008
53810.26 12.972 0.009
53813.25 12.982 0.009
53817.32 13.158 0.009
53820.23 13.397 0.012
53826.27 13.677 0.009
53829.23 13.817 0.011
53830.23 13.868 0.013
53833.25 14.032 0.011
53835.15 14.101 0.031
53839.17 14.222 0.014
53843.20 14.477 0.016
53845.15 14.573 0.006
53846.18 14.591 0.005
53848.21 14.642 0.020
53851.16 14.773 0.022
53859.11 15.061 0.042
53868.11 15.502 0.027
filter H2m
# PAIRITEL
53782.26 13.040 0.180
53783.26 12.970 0.030
53786.27 13.080 0.170
53787.26 13.160 0.010
53788.26 13.210 0.000
53790.25 13.110 0.040
53791.23 13.210 0.010
53792.24 13.380 0.250
53794.22 13.300 0.180
53797.24 13.460 0.070
53798.22 13.270 0.180
53799.25 13.140 0.010
53800.25 13.230 0.180
53803.25 13.070 0.010
53808.25 12.970 0.060
53810.23 12.900 0.020
53811.20 12.970 0.030
53817.19 13.150 0.040
53818.21 13.250 0.030
53820.30 13.410 0.170
53823.24 13.650 0.060
53825.34 13.710 0.070
53827.43 13.790 0.030
53831.21 13.880 0.050
53833.31 14.040 0.050
53837.16 14.250 0.080
53840.29 14.290 0.040
53841.20 14.320 0.040
53844.17 14.410 0.090
53846.27 14.470 0.070
53849.36 14.670 0.040
53852.28 14.860 0.160
53858.15 15.210 0.110
53861.16 15.140 0.040
53864.14 15.310 0.040
53867.17 15.690 0.110
53875.15 15.770 0.150
53878.18 15.870 0.120
53881.25 16.040 0.120
53884.17 16.190 0.140
53887.26 16.280 0.110
53900.17 17.280 0.180
53904.14 17.760 0.250
53905.14 17.840 0.350
filter Ikait
# kait3
53774.50 14.772 0.021
53775.45 14.515 0.012
53776.46 14.260 0.025
53778.34 13.864 0.026
53787.44 13.465 0.017
53788.42 13.462 0.029
53789.45 13.483 0.054
53790.43 13.591 0.011
53813.42 13.631 0.038
53816.40 13.863 0.025
53821.36 14.224 0.013
53843.32 15.233 0.020
53852.28 15.579 0.023
#filter I1
# Spitzer
#53922.00 12.530 0.430
#filter I2
# Spitzer
#53922.00 13.670 0.530
filter J
#
53776.33 13.306 0.009
53777.33 13.143 0.008
53779.35 12.925 0.012
53782.34 12.850 0.010
53784.32 12.898 0.012
53786.33 13.004 0.024
53787.33 13.096 0.006
53788.31 13.192 0.019
53789.31 13.231 0.010
53796.32 14.359 0.014
53797.31 14.503 0.017
53800.32 14.551 0.014
53803.29 14.441 0.014
53807.25 14.256 0.013
53808.30 14.207 0.013
53810.26 14.044 0.014
53813.25 13.794 0.013
53817.32 13.868 0.011
53820.23 14.125 0.010
53826.27 14.678 0.014
53829.23 14.883 0.013
53830.23 14.995 0.021
53833.25 15.190 0.052
53835.15 15.356 0.006
53839.17 15.575 0.030
53843.20 15.922 0.010
53845.15 16.054 0.008
53846.18 16.099 0.008
53848.21 16.122 0.053
53851.16 16.301 0.051
53859.11 16.700 0.075
53860.14 16.885 0.051
53868.11 17.283 0.051
filter J2m
# PAIRITEL
53779.28 13.250 0.040
53782.26 12.920 0.010
53783.26 12.960 0.030
53786.27 13.040 0.020
53787.26 13.070 0.010
53788.26 13.200 0.040
53789.26 13.470 0.120
53790.25 13.400 0.060
53791.23 13.490 0.020
53792.24 13.760 0.100
53794.22 14.050 0.040
53797.24 14.490 0.020
53798.22 14.550 0.030
53799.25 14.570 0.040
53802.27 14.410 0.040
53803.25 14.360 0.010
53808.25 14.090 0.250
53810.23 13.960 0.180
53811.20 13.800 0.090
53817.19 13.740 0.020
53818.21 13.840 0.030
53820.30 14.070 0.070
53823.24 14.300 0.070
53825.34 14.530 0.050
53827.43 14.610 0.030
53831.21 14.890 0.030
53833.31 15.060 0.070
53837.16 15.420 0.070
53840.29 15.490 0.050
53841.20 15.590 0.030
53843.19 15.690 0.020
53844.17 15.780 0.090
53846.27 16.000 0.110
53849.36 16.160 0.100
53852.28 16.300 0.100
53858.15 16.830 0.130
53861.14 16.900 0.100
53864.14 17.060 0.230
53867.17 17.370 0.150
53875.15 17.380 0.160
53878.18 17.470 0.030
53881.25 17.860 0.110
53884.18 18.230 0.150
53887.26 18.050 0.100
53902.15 18.870 0.170
filter K
#
53784.32 12.791 0.009
53786.33 12.819 0.007
53787.33 12.844 0.015
53788.31 12.844 0.008
53833.25 14.026 0.010
53835.15 14.082 0.023
53843.20 14.425 0.010
53845.15 14.479 0.029
53846.18 14.537 0.011
filter Ks2m
# PAIRITEL
53779.28 13.180 0.040
53782.26 12.810 0.030
53783.26 12.870 0.040
53786.27 12.890 0.040
53788.26 12.960 0.170
53790.25 13.030 0.080
53791.23 13.020 0.030
53794.22 13.190 0.050
53797.24 13.170 0.020
53798.22 13.260 0.040
53799.25 13.020 0.180
53803.25 12.930 0.010
53808.25 12.900 0.170
53810.23 12.910 0.180
53811.20 12.900 0.070
53817.19 13.290 0.030
53823.24 13.820 0.110
53825.34 13.740 0.050
53827.43 13.880 0.130
53831.21 13.960 0.020
53833.31 14.070 0.040
53837.16 14.440 0.070
53840.29 14.260 0.020
53841.20 14.400 0.180
53843.19 14.570 0.250
53844.17 14.410 0.060
53846.27 14.490 0.060
53849.36 14.780 0.020
53852.28 14.680 0.090
53858.16 14.990 0.050
53861.14 15.100 0.070
53864.14 15.270 0.110
53867.17 15.400 0.110
53875.15 15.690 0.180
53878.18 15.590 0.100
53881.25 15.800 0.260
53884.17 16.140 0.130
filter Rkait
# kait3
53774.50 14.926 0.011
53775.45 14.672 0.014
53776.46 14.408 0.020
53778.34 14.135 0.017
53787.44 13.627 0.022
53788.42 13.573 0.012
53789.45 13.568 0.026
53790.43 13.640 0.011
53813.42 14.408 0.013
53816.40 14.651 0.018
53821.36 14.974 0.015
53843.32 15.749 0.016
53852.28 16.037 0.017
filter Us
#
53775.94 17.601 0.054
53785.91 16.532 0.042
53785.91 16.480 0.035
53785.94 16.490 0.035
53785.94 16.475 0.036
53786.91 16.531 0.033
53787.92 16.600 0.035
53787.92 16.595 0.035
53787.93 16.551 0.035
53787.94 16.581 0.036
53793.86 17.038 0.038
53793.86 16.987 0.036
53795.91 17.299 0.046
53795.94 17.262 0.044
53795.95 17.240 0.044
53796.92 17.391 0.051
53797.88 17.434 0.043
53797.88 17.468 0.043
53798.90 17.635 0.048
53798.90 17.585 0.045
53798.93 17.693 0.050
53798.93 17.612 0.047
53799.90 17.752 0.049
53799.90 17.663 0.047
53799.93 17.697 0.048
53799.94 17.722 0.049
53802.94 18.100 0.061
53802.95 18.013 0.058
53814.88 18.967 0.112
53814.88 19.106 0.123
53816.89 19.183 0.166
53826.86 19.314 0.281
53831.84 19.246 0.159
53840.75 19.368 0.204
filter U_UVOT
# Swift
53774.38 18.886 0.287
53780.41 17.149 0.098
53783.89 17.003 0.095
53786.26 17.124 0.204
53787.30 17.048 0.118
53790.51 17.230 0.113
53792.59 17.442 0.126
53794.87 17.767 0.135
53796.74 17.999 0.205
53799.89 18.388 0.203
53806.70 19.046 0.291
53812.11 19.478 0.399
filter UVW1
# Swift
53776.39 19.003 0.265
53780.41 18.415 0.167
53783.72 18.238 0.149
53786.30 18.554 0.308
53787.30 18.359 0.224
53790.51 18.433 0.197
53792.59 18.850 0.263
53794.87 18.881 0.237
53796.77 18.917 0.326
filter UVW2
# Swift
53778.36 19.816 0.318
53780.40 19.977 0.368
53783.72 19.396 0.243
53786.33 19.299 0.255
53787.29 19.488 0.346
53790.51 19.376 0.275
53792.58 19.904 0.406
53794.86 19.660 0.307
53796.77 19.799 0.393
53812.11 20.243 0.436
filter V
#
53775.17 15.487 0.005
53775.93 15.144 0.016
53776.88 14.933 0.017
53776.89 14.953 0.020
53777.93 14.769 0.024
53777.94 14.762 0.021
53778.35 14.796 0.006
53778.87 14.622 0.021
53778.88 14.615 0.026
53780.37 14.514 0.006
53780.90 14.407 0.027
53783.22 14.263 0.006
53784.32 14.207 0.006
53785.30 14.171 0.008
53785.91 14.110 0.015
53785.94 14.094 0.014
53786.33 14.138 0.006
53786.90 14.077 0.016
53787.91 14.063 0.018
53787.93 14.086 0.031
53788.31 14.111 0.006
53788.86 14.072 0.014
53790.29 14.113 0.006
53791.83 14.128 0.023
53793.85 14.233 0.018
53795.28 14.326 0.004
53795.91 14.370 0.012
53795.94 14.365 0.012
53796.91 14.461 0.029
53797.87 14.503 0.015
53798.29 14.544 0.006
53798.89 14.567 0.014
53798.93 14.586 0.015
53799.29 14.609 0.004
53799.90 14.628 0.014
53799.93 14.628 0.016
53802.28 14.776 0.006
53802.94 14.755 0.016
53804.27 14.863 0.006
53805.22 14.911 0.006
53806.82 15.018 0.038
53806.84 14.923 0.022
53809.23 15.094 0.008
53810.85 15.151 0.024
53811.98 15.165 0.014
53814.88 15.380 0.016
53815.21 15.481 0.007
53816.89 15.554 0.012
53817.74 15.593 0.016
53817.93 15.600 0.019
53818.28 15.712 0.007
53819.25 15.777 0.008
53824.23 15.981 0.006
53826.86 15.990 0.014
53827.81 16.008 0.017
53828.83 16.036 0.018
53831.19 16.206 0.009
53831.83 16.129 0.014
53832.27 16.235 0.007
53833.75 16.187 0.019
53835.15 16.319 0.007
53838.19 16.411 0.008
53839.76 16.422 0.031
53840.74 16.428 0.029
53841.22 16.496 0.009
53842.76 16.460 0.018
53845.15 16.560 0.007
53847.75 16.574 0.015
53848.76 16.619 0.015
53850.16 16.704 0.006
53853.15 16.795 0.007
53856.85 16.827 0.020
53857.66 16.877 0.021
53858.09 16.920 0.009
53859.66 16.910 0.016
53862.16 17.018 0.009
53866.11 17.108 0.009
53866.71 17.174 0.034
53870.13 17.217 0.009
53872.12 17.251 0.010
53878.73 17.423 0.019
53886.06 17.614 0.007
53890.08 17.656 0.010
53891.08 17.693 0.011
53893.05 17.742 0.007
53894.06 17.767 0.009
53897.04 17.816 0.007
53898.05 17.837 0.008
53902.73 18.021 0.024
53905.96 17.975 0.013
53937.65 18.818 0.053
filter V_UVOT
# Swift
53774.37 15.752 0.074
53778.40 14.702 0.060
53780.40 14.421 0.054
53783.72 14.114 0.050
53786.33 14.001 0.049
53787.29 14.015 0.051
53790.51 13.974 0.049
53792.59 14.092 0.051
53794.87 14.197 0.051
53796.77 14.288 0.055
53799.89 14.603 0.060
53806.70 14.907 0.061
53812.11 15.120 0.062
53821.55 15.782 0.069
53823.33 15.850 0.070
filter Vkait
# kait3
53774.50 15.772 0.023
53775.45 15.506 0.031
53776.46 15.233 0.010
53778.34 14.934 0.043
53787.44 14.206 0.023
53788.42 14.118 0.020
53789.45 14.120 0.011
53790.43 14.172 0.030
53813.42 15.370 0.044
53816.40 15.608 0.025
53821.36 15.889 0.017
53843.32 16.546 0.033
53852.28 16.791 0.036
filter Y
#
53776.33 13.510 0.008
53777.33 13.355 0.007
53779.35 13.175 0.010
53782.34 13.145 0.012
53784.32 13.268 0.011
53786.33 13.415 0.024
53787.33 13.527 0.018
53788.31 13.589 0.012
53789.31 13.619 0.012
53796.32 13.920 0.010
53797.31 13.906 0.013
53800.32 13.775 0.010
53803.29 13.545 0.015
53807.25 13.256 0.008
53808.30 13.183 0.010
53810.26 13.018 0.009
53813.25 12.813 0.009
53817.32 12.852 0.014
53820.23 13.052 0.012
53826.27 13.403 0.009
53829.23 13.569 0.010
53830.23 13.630 0.011
53833.25 13.768 0.032
53835.15 13.890 0.027
53839.17 14.136 0.012
53843.20 14.367 0.024
53845.15 14.476 0.031
53846.18 14.556 0.005
53848.21 14.639 0.016
53851.16 14.798 0.015
53859.11 15.208 0.015
53868.11 15.629 0.022
filter g
#
53775.17 16.142 0.004
53778.35 15.399 0.006
53783.22 14.892 0.005
53784.32 14.851 0.005
53785.30 14.818 0.006
53786.33 14.800 0.006
53788.31 14.806 0.006
53790.29 14.843 0.006
53795.28 15.086 0.004
53798.29 15.312 0.006
53799.29 15.390 0.006
53802.28 15.620 0.006
53804.27 15.792 0.006
53805.22 15.857 0.007
53809.23 16.170 0.009
53815.21 16.718 0.008
53818.28 16.932 0.008
53819.25 16.987 0.008
53824.23 17.147 0.006
53831.19 17.291 0.009
53832.27 17.311 0.007
53835.15 17.359 0.008
53838.19 17.406 0.014
53841.22 17.443 0.009
53845.15 17.497 0.009
53850.16 17.581 0.007
53853.15 17.631 0.008
53858.09 17.704 0.009
53862.16 17.755 0.010
53866.11 17.808 0.011
53870.13 17.877 0.012
53872.12 17.907 0.009
53886.06 18.136 0.006
53890.08 18.177 0.010
53891.08 18.203 0.011
53893.05 18.208 0.007
53894.06 18.246 0.011
53897.04 18.267 0.009
53898.05 18.296 0.008
filter i
#
53775.17 14.924 0.005
53778.35 14.174 0.006
53783.22 13.835 0.006
53784.32 13.820 0.008
53785.30 13.852 0.006
53786.33 13.879 0.006
53788.31 13.920 0.007
53790.29 13.963 0.005
53795.28 14.314 0.006
53798.29 14.496 0.007
53799.29 14.501 0.006
53802.28 14.438 0.007
53804.27 14.353 0.006
53805.22 14.325 0.007
53809.23 14.217 0.006
53815.21 14.313 0.007
53818.28 14.547 0.005
53819.25 14.626 0.010
53824.23 14.921 0.006
53831.19 15.238 0.009
53832.27 15.279 0.006
53835.15 15.386 0.006
53838.19 15.499 0.005
53841.22 15.624 0.006
53845.15 15.741 0.006
53850.16 15.945 0.008
53853.15 16.051 0.008
53858.09 16.223 0.007
53862.16 16.352 0.006
53866.11 16.490 0.008
53870.13 16.629 0.007
53872.12 16.666 0.009
53886.06 17.115 0.005
53890.08 17.209 0.009
53891.08 17.255 0.009
53893.05 17.303 0.006
53894.06 17.344 0.009
53897.04 17.401 0.007
53898.05 17.410 0.007
filter r
#
53775.17 14.796 0.004
53778.35 14.194 0.009
53783.22 13.773 0.005
53784.32 13.737 0.006
53785.30 13.694 0.007
53786.33 13.667 0.006
53788.31 13.641 0.006
53790.29 13.681 0.006
53795.28 13.969 0.006
53798.29 14.173 0.007
53799.29 14.201 0.006
53802.28 14.269 0.006
53804.27 14.286 0.006
53805.22 14.293 0.006
53809.23 14.335 0.006
53815.21 14.641 0.006
53818.28 14.901 0.005
53819.25 14.968 0.006
53824.23 15.220 0.005
53831.19 15.472 0.007
53832.27 15.524 0.005
53835.15 15.623 0.006
53838.19 15.735 0.005
53841.22 15.824 0.006
53845.15 15.945 0.006
53850.16 16.119 0.008
53853.15 16.210 0.007
53858.09 16.372 0.007
53862.16 16.506 0.007
53866.11 16.615 0.009
53870.13 16.748 0.007
53872.12 16.810 0.009
53886.06 17.261 0.004
53890.08 17.367 0.008
53891.08 17.398 0.008
53893.05 17.457 0.005
53894.06 17.490 0.008
53897.04 17.576 0.006
53898.05 17.560 0.006
filter u
#
53775.17 18.509 0.041
53778.35 17.777 0.032
53783.22 17.417 0.030
53784.32 17.433 0.024
53785.30 17.446 0.023
53786.33 17.471 0.016
53788.31 17.540 0.015
53790.29 17.702 0.015
53795.28 18.097 0.018
53798.29 18.422 0.021
53799.29 18.591 0.025
53802.28 18.978 0.030
53804.27 19.204 0.040
53805.22 19.322 0.057
53809.23 19.633 0.175
53815.21 20.195 0.076
53818.28 20.377 0.083
53819.25 20.524 0.049
53824.23 20.756 0.124
53831.19 20.782 0.079
53832.27 20.721 0.104
53835.15 20.960 0.184
53841.22 21.396 0.406
