SN2007cq 0.026218 333.668390 5.080170
#SN2007cq 333.66839 5.08017 2MASX_J22144070+0504435  -999 0.026218 0.000167 CfA_Optical_Spectrum CBET_983;IAUC_8851 POSS CBET_984;IAUC_8851   Ia
# ['B' 'H' 'I' 'J' 'Ks' 'R' 'U' 'UVM2' 'UVW1' 'UVW2' 'V']
# ['' 'UVOT'] on ['' 'PAIRITEL' 'Swift' 'kait4']
filter Bs
#
54273.96 16.564 0.018
54275.94 16.393 0.017
54276.91 16.342 0.017
54276.95 16.330 0.017
54277.83 16.310 0.018
54278.94 16.265 0.017
54279.81 16.269 0.027
54287.93 16.706 0.019
54291.90 17.044 0.030
54295.89 17.645 0.166
54347.71 19.996 0.085
54349.85 20.040 0.119
54350.86 20.166 0.111
54351.84 20.000 0.132
54352.75 20.079 0.160
54353.74 20.225 0.198
54354.81 20.252 0.218
54355.79 20.124 0.122
54356.81 20.074 0.138
54360.85 20.184 0.231
54362.72 20.327 0.162
54376.75 20.424 0.123
54380.62 20.534 0.148
54382.69 20.559 0.224
54401.64 20.980 0.292
54403.64 20.985 0.281
filter B_UVOT
# Swift
54276.79 16.241 0.066
54276.86 16.365 0.068
54278.73 16.316 0.060
54280.37 16.273 0.061
54283.09 16.359 0.061
54284.15 16.347 0.061
54288.76 16.694 0.064
54290.44 16.820 0.065
54292.73 17.017 0.067
54294.94 17.298 0.076
54296.46 17.470 0.076
54301.62 18.096 0.093
filter Bkait
# kait4
54276.48 16.357 0.012
54280.47 16.247 0.011
54282.38 16.321 0.017
54289.35 16.709 0.010
54291.40 16.856 0.018
54293.42 17.031 0.015
54295.41 17.263 0.018
54297.39 17.480 0.017
54300.36 17.852 0.027
54303.39 18.110 0.037
54306.40 18.396 0.042
54309.38 18.694 0.089
54315.39 19.047 0.086
54319.33 19.174 0.059
54323.32 19.241 0.052
54327.35 19.205 0.043
54331.29 19.398 0.068
54335.30 19.525 0.062
54343.28 19.578 0.112
54347.26 19.620 0.113
54353.29 19.582 0.076
54357.27 19.865 0.100
filter H2m
# PAIRITEL
54279.39 16.850 0.190
54280.35 16.850 0.210
54281.34 16.780 0.180
54282.34 16.700 0.190
54285.32 16.860 0.160
54292.36 16.860 0.150
filter Ikait
# kait4
54276.48 16.352 0.034
54278.41 16.313 0.019
54280.47 16.367 0.021
54282.38 16.433 0.038
54289.35 16.809 0.049
54291.40 16.942 0.020
54293.42 17.038 0.034
54295.41 17.066 0.020
54297.39 17.043 0.031
54300.36 16.993 0.025
54303.39 16.966 0.025
54306.40 16.937 0.023
54309.38 16.943 0.042
54315.39 17.239 0.039
54319.33 17.529 0.049
54323.32 17.707 0.049
54327.35 17.801 0.088
54331.29 18.017 0.051
54335.30 18.219 0.058
54343.28 18.686 0.148
54347.26 18.629 0.118
54353.29 18.761 0.175
54357.27 19.177 0.112
filter J2m
# PAIRITEL
54279.39 16.400 0.040
54280.35 16.570 0.050
54281.34 16.580 0.070
54282.34 16.610 0.040
54285.32 16.900 0.080
54292.36 17.580 0.120
filter Ks2m
# PAIRITEL
54279.39 15.480 0.250
54280.35 15.540 0.250
54281.34 15.290 0.250
54282.34 15.370 0.250
54285.32 16.030 0.250
54292.36 15.450 0.250
filter Rkait
# kait4
54276.48 16.268 0.010
54278.41 16.177 0.010
54280.47 16.106 0.010
54282.38 16.114 0.013
54289.35 16.359 0.013
54291.40 16.498 0.016
54293.42 16.639 0.011
54295.41 16.773 0.012
54297.39 16.817 0.015
54300.36 16.907 0.017
54303.39 16.980 0.016
54306.40 17.075 0.012
54309.38 17.184 0.019
54315.39 17.571 0.033
54319.33 17.787 0.021
54323.32 17.954 0.030
54327.35 18.117 0.035
54331.29 18.270 0.039
54335.30 18.363 0.035
54343.28 18.575 0.086
54347.26 18.750 0.051
54353.29 18.933 0.057
54357.27 19.058 0.057
filter U_UVOT
# Swift
54276.79 16.078 0.074
54276.86 16.087 0.075
54278.73 16.101 0.066
54280.37 16.159 0.067
54283.09 16.421 0.069
54284.15 16.439 0.069
54288.76 17.032 0.078
54290.43 17.195 0.080
54292.73 17.449 0.079
54294.94 17.649 0.089
54296.46 17.979 0.096
54301.62 18.629 0.148
filter UVM2
# Swift
54276.80 18.650 0.203
54276.87 18.619 0.206
54278.74 18.740 0.151
54280.65 18.544 0.158
54283.09 19.000 0.176
54284.15 19.337 0.217
54288.77 20.052 0.340
54290.44 19.703 0.262
filter UVW1
# Swift
54276.81 17.416 0.109
54276.89 17.608 0.111
54278.73 17.623 0.091
54280.37 17.604 0.093
54283.09 17.845 0.099
54284.14 17.887 0.101
54288.76 18.443 0.129
54290.43 18.756 0.149
54292.73 18.994 0.139
54294.94 19.308 0.182
54296.46 19.368 0.182
54301.61 20.006 0.344
filter UVW2
# Swift
54276.79 18.647 0.160
54276.86 18.626 0.162
54278.74 18.720 0.129
54280.38 18.929 0.146
54283.09 18.989 0.147
54284.15 19.148 0.160
54288.77 19.735 0.222
54290.44 19.647 0.208
filter Vs
#
54273.95 16.487 0.014
54275.93 16.311 0.013
54276.91 16.259 0.013
54276.95 16.239 0.013
54277.83 16.216 0.017
54278.94 16.153 0.013
54279.81 16.104 0.019
54281.86 16.116 0.017
54282.95 16.120 0.016
54287.93 16.331 0.020
54291.89 16.505 0.014
54295.89 16.758 0.036
54295.93 16.740 0.020
54310.85 17.645 0.054
54347.70 19.007 0.043
54349.85 19.125 0.053
54350.85 19.182 0.050
54351.77 19.163 0.078
54353.73 19.258 0.060
54354.81 19.265 0.054
54355.78 19.252 0.059
54356.80 19.267 0.060
54360.85 19.313 0.065
54362.71 19.410 0.084
54376.74 19.775 0.089
54382.68 19.977 0.097
54401.62 20.400 0.153
54401.64 20.418 0.149
54403.63 20.514 0.157
filter V_UVOT
# Swift
54276.80 16.310 0.085
54276.86 16.354 0.088
54278.74 16.180 0.067
54280.64 16.151 0.070
54283.09 16.097 0.066
54284.15 16.163 0.067
54288.77 16.361 0.070
54290.44 16.462 0.071
54292.73 16.570 0.080
54294.94 16.706 0.092
54296.46 16.702 0.092
54301.62 17.245 0.093
filter Vkait
# kait4
54276.48 16.347 0.011
54278.41 16.252 0.010
54280.47 16.169 0.011
54282.38 16.175 0.014
54289.35 16.402 0.014
54291.40 16.490 0.015
54293.42 16.625 0.014
54295.41 16.756 0.012
54297.39 16.863 0.013
54300.36 17.082 0.015
54303.39 17.265 0.016
54306.40 17.472 0.016
54309.38 17.647 0.030
54315.39 17.968 0.044
54319.33 18.250 0.043
54323.32 18.364 0.033
54327.35 18.460 0.042
54331.29 18.588 0.037
54335.30 18.571 0.036
54343.28 18.872 0.081
54347.26 19.056 0.075
54353.29 19.095 0.046
54357.27 19.227 0.061
