SN2008hy 0.008459 56.284420 76.665330
#SN2008hy 56.28442 76.66533 IC_334    S? 0.008459 2.3e-05 NED_Host_Galaxy_Name CBET_1608 POSS CBET_1610;AAVSO3_392   Ia
# ['' 'H' 'J' 'Ks']
# [''] on ['' 'PAIRITEL']
filter H2m
# PAIRITEL
54810.25 14.980 0.180
54813.36 15.040 0.080
54819.34 14.750 0.040
54820.28 14.760 0.040
54821.21 14.770 0.180
54822.24 14.720 0.020
54830.24 15.050 0.010
54831.17 15.130 0.010
54832.16 15.190 0.020
54833.15 15.190 0.050
54834.19 15.270 0.180
54839.15 15.560 0.050
54840.21 15.540 0.060
54841.23 15.640 0.060
54842.15 15.630 0.110
54844.20 15.740 0.120
54845.14 15.960 0.100
54846.12 16.010 0.100
54848.11 16.070 0.250
54851.11 16.080 0.180
54860.15 16.780 0.160
54861.09 16.620 0.250
54865.17 17.170 0.170
filter J2m
# PAIRITEL
54810.25 15.970 0.180
54813.36 16.260 0.060
54819.34 16.120 0.010
54820.28 15.990 0.170
54821.21 15.900 0.030
54822.24 15.960 0.180
54830.24 15.670 0.030
54831.17 15.750 0.020
54832.16 15.930 0.070
54833.15 15.890 0.180
54834.19 16.170 0.180
54838.16 16.330 0.250
54839.15 16.410 0.250
54840.21 16.560 0.020
54841.23 16.610 0.250
54842.15 16.760 0.100
54843.13 16.780 0.170
54844.20 16.800 0.250
54845.14 16.950 0.170
54846.12 17.130 0.170
54848.11 17.420 0.170
54851.11 17.480 0.110
54860.15 17.840 0.250
54861.09 18.040 0.250
54865.17 18.240 0.080
54867.14 18.190 0.180
54873.14 18.690 0.250
filter Ks2m
# PAIRITEL
54810.25 15.000 0.170
54813.36 14.800 0.160
54819.34 14.680 0.060
54821.21 14.710 0.050
54822.24 14.690 0.030
54830.24 14.950 0.140
54831.17 14.940 0.250
54832.16 15.110 0.080
54833.15 15.190 0.060
54834.19 15.220 0.070
54838.16 15.640 0.180
54839.15 15.670 0.100
54840.21 15.800 0.120
54841.23 15.730 0.030
54843.13 15.810 0.230
54845.14 16.050 0.120
54848.11 15.950 0.120
54851.11 16.250 0.110
54860.15 16.690 0.180
54861.09 16.760 0.250
