SN2008hm 0.019664 51.795400 46.944210
#SN2008hm 51.7954 46.94421 2MFGC_02845 Spiral 0.019664 7.7e-05 NED_Host_Galaxy_Name CBET_1586 LOSS CBET_1594   Ia
# ['' 'B' 'H' 'J' 'Ks' 'U' 'V' "i'" "r'"]
# [''] on ['' 'PAIRITEL']
filter B4sh
#
54800.33 17.412 0.032
54801.41 17.358 0.026
54802.33 17.334 0.025
54803.08 17.298 0.025
54804.25 17.250 0.031
54806.27 17.255 0.031
54807.15 17.289 0.042
54809.30 17.224 0.076
54820.06 18.011 0.065
54821.09 18.549 0.050
54825.09 19.022 0.081
54829.14 19.481 0.117
54831.30 19.608 0.115
54832.26 19.574 0.138
54833.29 19.812 0.156
54856.22 20.686 0.281
54861.26 20.673 0.333
filter H2m
# PAIRITEL
54803.26 16.940 0.100
54804.22 16.790 0.110
54807.24 16.910 0.140
54821.24 16.900 0.110
54822.34 16.900 0.280
54830.29 16.830 0.180
54831.20 16.750 0.040
54832.19 16.510 0.140
54833.20 16.480 0.210
54834.17 16.560 0.130
54838.23 16.730 0.160
54840.14 16.980 0.280
54841.26 16.940 0.200
54845.21 17.480 0.040
54848.08 17.600 0.250
54849.21 17.680 0.370
54851.14 17.570 0.350
54856.23 17.790 0.230
54860.20 17.890 0.110
54862.19 17.880 0.270
54863.18 17.880 0.280
54864.20 17.940 0.250
filter J2m
# PAIRITEL
54802.24 16.360 0.030
54803.26 16.520 0.020
54804.22 16.520 0.020
54805.34 16.560 0.030
54806.25 16.630 0.050
54807.24 16.680 0.060
54821.24 18.150 0.180
54822.34 18.040 0.050
54830.29 17.630 0.180
54831.20 17.480 0.090
54832.19 17.360 0.090
54833.20 17.180 0.130
54834.17 17.170 0.170
54838.23 17.330 0.110
54839.23 17.450 0.180
54840.14 17.430 0.120
54841.26 17.540 0.160
54842.12 17.600 0.010
54843.16 17.870 0.250
54845.21 18.020 0.170
54847.12 18.120 0.170
54848.08 18.250 0.180
54849.21 18.290 0.170
54856.23 18.570 0.240
54863.18 18.840 0.130
54865.19 18.980 0.170
filter Ks2m
# PAIRITEL
54802.24 16.370 0.060
54805.34 16.060 0.180
54807.24 16.110 0.110
54810.22 16.200 0.250
54821.24 16.560 0.270
54822.34 16.540 0.050
54830.29 16.210 0.260
54831.20 16.170 0.130
54832.19 16.080 0.160
54833.20 16.120 0.140
54834.17 16.160 0.170
54838.23 16.380 0.170
54839.23 16.360 0.310
54840.14 16.440 0.250
54841.26 16.380 0.250
54843.16 16.420 0.250
54849.21 16.760 0.290
54851.14 16.830 0.310
54856.23 17.100 0.290
54860.20 17.100 0.180
54862.19 17.110 0.170
54864.20 17.440 0.180
54867.18 17.390 0.180
filter U4sh
#
54800.34 17.581 0.111
54801.41 17.442 0.075
54802.34 17.385 0.097
54803.08 17.477 0.059
54804.25 17.461 0.077
54806.28 17.549 0.094
54807.15 18.338 0.098
54811.34 18.765 0.259
54825.10 19.390 0.340
54829.15 19.710 0.306
54831.30 19.993 0.300
54832.26 19.728 0.286
54833.28 19.601 0.475
filter V4sh
#
54800.33 17.047 0.019
54801.40 16.969 0.019
54802.33 16.939 0.019
54803.08 16.890 0.019
54804.24 16.905 0.020
54806.26 16.893 0.022
54807.15 16.921 0.022
54808.17 16.889 0.023
54809.31 16.908 0.064
54811.37 17.008 0.047
54813.42 17.178 0.155
54820.06 17.545 0.064
54821.09 17.494 0.026
54825.09 17.678 0.026
54829.14 17.925 0.032
54831.30 17.997 0.033
54832.25 18.100 0.036
54833.27 18.139 0.036
54840.10 18.526 0.057
54841.27 18.562 0.221
54843.11 18.771 0.124
54856.21 19.225 0.079
54861.25 19.319 0.111
filter ik
#
54800.32 16.973 0.022
54801.40 16.994 0.023
54802.29 16.992 0.026
54803.07 16.980 0.022
54804.24 17.032 0.026
54806.23 17.078 0.030
54807.14 17.113 0.042
54808.16 17.145 0.028
54809.29 17.200 0.108
54811.35 17.253 0.052
54820.05 17.725 0.051
54821.08 17.737 0.035
54825.08 17.581 0.029
54829.13 17.493 0.029
54831.29 17.532 0.029
54832.24 17.501 0.028
54833.27 17.542 0.029
54839.10 17.738 0.071
54841.27 17.746 0.086
54843.12 18.080 0.055
54856.20 18.688 0.071
54861.25 18.855 0.113
filter rk
#
54800.32 16.873 0.019
54801.40 16.816 0.021
54802.30 16.806 0.023
54803.07 16.726 0.022
54804.24 16.741 0.018
54806.24 16.731 0.021
54807.14 16.766 0.029
54808.17 16.716 0.020
54809.32 16.781 0.042
54811.37 16.837 0.045
54821.09 17.336 0.025
54825.08 17.402 0.027
54829.14 17.483 0.025
54831.29 17.578 0.025
54832.24 17.616 0.024
54833.27 17.655 0.025
54839.10 18.015 0.056
54840.10 17.984 0.032
54843.12 18.275 0.049
54856.21 18.714 0.061
54861.25 19.181 0.099
