SN2009kk 0.012859 57.434410 -3.264470
#SN2009kk 57.43441 -3.26447 2MFGC_03182  -999 0.012859 0.00015 NED_Host_Galaxy_Name CBET_1991 CSS CBET_1991   Ia
# ['' 'B' 'H' 'I' 'J' 'Ks' 'R' 'V' "i'" "r'"]
# [''] on ['' 'PAIRITEL']
filter B4sh
#
55127.40 15.245 0.015
55130.43 15.334 0.015
55133.30 15.573 0.024
55134.47 15.653 0.015
55135.46 15.773 0.022
55150.34 17.567 0.025
55151.43 17.695 0.044
55153.33 17.888 0.042
55155.23 17.922 0.039
55158.36 18.186 0.048
55160.19 18.155 0.061
55176.31 18.684 0.109
55181.34 18.762 0.093
55182.12 18.811 0.106
55185.24 18.826 0.096
55208.20 19.188 0.131
55242.14 19.766 0.261
55244.16 19.851 0.204
filter H2m
# PAIRITEL
55127.26 16.050 0.140
55130.41 15.960 0.060
55131.37 15.990 0.090
55133.28 16.110 0.070
55134.25 16.130 0.120
55135.28 16.190 0.070
55136.24 16.360 0.030
55137.25 16.480 0.070
55139.25 16.320 0.130
55152.27 16.040 0.130
55168.22 16.780 0.160
55175.25 17.210 0.250
55178.24 17.120 0.270
55181.26 17.160 0.180
55183.21 17.230 0.070
55185.20 17.500 0.250
55198.25 17.960 0.110
filter J2m
# PAIRITEL
55127.26 15.720 0.050
55128.29 15.780 0.070
55130.41 15.930 0.030
55131.37 16.060 0.180
55133.28 16.360 0.170
55134.25 16.610 0.060
55135.28 16.720 0.080
55136.24 16.930 0.050
55140.26 17.180 0.250
55152.27 16.570 0.100
55168.22 17.390 0.170
55175.25 17.920 0.250
55177.25 18.030 0.210
55180.20 18.310 0.330
55182.19 18.260 0.240
55183.21 18.470 0.310
55198.25 18.970 0.250
filter Ks2m
# PAIRITEL
55127.26 15.330 0.180
55128.29 15.400 0.170
55130.41 15.430 0.170
55133.28 15.370 0.180
55134.25 15.450 0.170
55135.28 15.540 0.180
55136.24 15.330 0.250
55137.25 15.480 0.170
55152.27 15.620 0.250
55180.20 16.120 0.180
55181.26 16.130 0.170
55182.19 16.140 0.180
55183.21 16.200 0.180
55184.24 16.210 0.180
55185.20 16.170 0.340
55198.25 16.370 0.180
filter V4sh
55127.40 15.131 0.014
55130.42 15.152 0.015
55133.29 15.267 0.021
55134.47 15.309 0.015
55135.46 15.388 0.016
55144.32 15.951 0.019
55150.33 16.316 0.017
55151.43 16.452 0.034
55153.32 16.539 0.023
55155.23 16.678 0.017
55158.35 16.948 0.023
55160.18 17.020 0.025
55176.30 17.669 0.029
55181.33 17.685 0.039
55182.11 17.790 0.035
55185.24 17.856 0.032
55208.19 18.525 0.049
55242.14 19.303 0.103
55244.16 19.488 0.168
filter ik
#
55127.39 15.687 0.017
55130.42 15.785 0.017
55133.29 16.001 0.020
55134.46 16.127 0.018
55135.45 16.296 0.044
55144.31 16.392 0.023
55150.33 16.274 0.021
55151.42 16.292 0.020
55153.32 16.347 0.022
55155.22 16.466 0.026
55158.35 16.741 0.023
55160.18 16.887 0.037
55176.29 17.726 0.035
55181.33 17.867 0.057
55182.10 18.000 0.040
55185.23 18.134 0.061
55208.19 18.999 0.091
55242.13 20.125 0.211
55244.15 20.651 0.352
filter rk
#
55127.40 15.150 0.023
55130.42 15.153 0.020
55133.29 15.336 0.027
55134.46 15.412 0.030
55135.46 15.500 0.016
55144.31 15.896 0.019
55150.33 16.053 0.018
55151.42 16.161 0.034
55153.32 16.218 0.019
55155.23 16.368 0.015
55158.35 16.651 0.019
55160.18 16.782 0.029
55176.30 17.480 0.024
55181.33 17.646 0.030
55182.11 17.666 0.029
55185.23 17.784 0.028
55208.19 18.551 0.053
55242.14 19.551 0.099
55244.15 19.761 0.131
