SN2006lf 0.013189 69.622860 44.033790
#SN2006lf 69.62286 44.03379 UGC_3108    S? 0.013189 1.7e-05 NED_21-cm_or_Opt_Smallest_Error CBET_704;IAUC_8770 LOSS CBET_705;IAUC_8770   Ia
# ['' 'B' 'H' 'I' 'J' 'Ks' 'R' 'U' 'V']
# [''] on ['' 'PAIRITEL' 'kait3']
filter Bs
#
54036.00 18.729 0.070
54036.70 18.467 0.052
54038.93 18.031 0.028
54039.81 17.979 0.042
54040.87 17.814 0.058
54042.89 17.733 0.050
54043.83 17.683 0.069
54049.97 17.895 0.038
54050.96 17.960 0.032
54051.92 18.043 0.036
54052.89 18.118 0.035
54054.85 18.385 0.024
54055.88 18.512 0.029
54061.72 19.199 0.034
54063.75 19.418 0.039
54069.78 19.886 0.177
54070.95 20.072 0.182
54077.83 20.284 0.200
54080.75 20.750 0.205
54081.75 20.738 0.240
54083.73 20.605 0.235
54085.73 20.959 0.250
54088.85 20.934 0.270
54094.30 21.104 0.376
filter Bkait
# kait3
54035.40 18.952 0.042
54037.45 18.351 0.038
54039.48 17.999 0.030
54043.44 17.736 0.033
54049.44 17.892 0.048
54051.49 18.050 0.060
54054.41 18.284 0.034
54058.37 18.686 0.055
54060.42 18.799 0.230
54063.37 19.403 0.072
54068.42 20.131 0.156
filter H2m
# PAIRITEL
54040.33 15.530 0.060
54041.34 15.610 0.060
54042.35 15.630 0.250
54043.34 15.790 0.180
54044.32 15.790 0.170
54045.32 15.900 0.070
54046.30 15.920 0.170
54047.27 15.880 0.080
54048.28 15.920 0.250
54049.28 16.100 0.250
54050.29 16.090 0.250
54051.39 16.060 0.250
54052.27 16.260 0.060
54053.47 16.280 0.170
54054.32 16.410 0.250
54056.27 16.390 0.110
54057.20 16.240 0.250
54058.20 16.100 0.170
54060.24 15.970 0.030
54061.23 15.780 0.060
54064.21 15.680 0.060
54065.19 15.730 0.170
54066.19 15.710 0.030
54070.19 15.970 0.070
54071.22 15.960 0.080
54072.18 16.120 0.090
54074.18 16.220 0.080
54075.18 16.250 0.070
54076.14 16.360 0.090
54078.31 16.500 0.110
54079.21 16.660 0.250
54080.13 16.680 0.170
54081.13 16.960 0.170
54082.18 16.980 0.040
54085.16 17.260 0.250
54086.18 17.350 0.200
54090.21 17.510 0.250
54091.21 17.600 0.250
54094.19 17.770 0.250
54095.17 17.690 0.170
54096.14 17.720 0.250
filter Ikait
# kait3
54035.40 17.054 0.021
54039.48 16.214 0.022
54043.44 16.156 0.019
54049.44 16.374 0.024
54051.49 16.561 0.083
54054.41 16.784 0.042
54060.42 16.777 0.064
54068.42 16.626 0.023
54072.34 16.889 0.035
54077.31 17.311 0.057
54080.39 17.425 0.052
54087.29 17.785 0.049
54090.32 17.807 0.186
filter J2m
# PAIRITEL
54040.33 15.620 0.030
54041.34 15.610 0.020
54042.35 15.570 0.170
54043.34 15.580 0.020
54044.32 15.760 0.170
54045.32 15.860 0.020
54046.30 15.940 0.020
54047.27 15.940 0.250
54048.28 16.120 0.040
54049.28 16.260 0.040
54050.29 16.480 0.040
54051.39 16.660 0.050
54052.27 16.930 0.070
54053.47 17.150 0.080
54054.32 17.390 0.150
54056.27 17.370 0.070
54057.20 17.260 0.250
54058.20 17.330 0.250
54060.24 17.330 0.060
54061.23 17.250 0.170
54063.28 17.060 0.020
54064.21 16.940 0.060
54065.19 16.940 0.180
54066.19 16.760 0.070
54070.19 16.710 0.070
54071.22 16.650 0.050
54072.18 16.830 0.070
54074.18 17.100 0.060
54075.18 17.050 0.250
54076.14 17.280 0.060
54078.31 17.520 0.170
54079.21 17.570 0.180
54080.13 17.620 0.190
54084.17 18.350 0.180
54085.16 18.360 0.170
54086.18 18.430 0.170
54090.21 19.040 0.290
54094.19 19.700 0.360
54095.17 19.700 0.350
54096.14 19.570 0.360
filter Ks2m
# PAIRITEL
54040.33 15.500 0.180
54041.34 15.450 0.180
54042.35 15.350 0.180
54043.34 15.440 0.250
54044.32 15.350 0.250
54045.32 15.530 0.180
54046.30 15.600 0.180
54047.27 15.580 0.180
54048.28 15.560 0.180
54051.39 15.760 0.250
54052.27 15.820 0.170
54053.47 16.130 0.170
54054.32 16.220 0.170
54056.27 15.870 0.180
54057.20 15.760 0.170
54058.20 15.820 0.250
54061.23 15.740 0.180
54064.21 15.660 0.250
54065.19 15.600 0.180
54066.19 15.650 0.170
54070.19 16.060 0.250
54071.22 15.990 0.180
54072.18 16.210 0.170
54074.18 16.280 0.170
54075.18 16.450 0.190
54076.14 16.330 0.170
54078.31 16.510 0.170
54079.21 16.590 0.250
filter Rkait
# kait3
54035.40 17.625 0.022
54037.45 17.015 0.024
54043.44 16.462 0.013
54049.44 16.527 0.014
54051.49 16.637 0.039
54054.41 16.933 0.015
54058.37 17.161 0.020
54060.42 16.903 0.065
54063.37 17.177 0.022
54068.42 17.406 0.015
54070.33 17.518 0.025
54072.34 17.733 0.040
54077.31 18.022 0.049
54080.39 18.279 0.058
54087.29 18.576 0.057
filter Us
#
54038.93 17.895 0.189
54038.94 17.894 0.191
54039.82 17.824 0.175
filter Vs
#
54036.00 17.871 0.033
54036.70 17.648 0.027
54038.93 17.310 0.031
54039.81 17.136 0.019
54040.86 17.051 0.015
54042.89 16.978 0.017
54043.83 16.957 0.020
54049.97 16.980 0.016
54050.96 17.024 0.014
54051.91 17.090 0.028
54052.89 17.125 0.020
54054.85 17.310 0.015
54055.88 17.339 0.018
54061.72 17.658 0.048
54063.74 17.822 0.019
54068.77 18.244 0.038
54069.77 18.326 0.041
54070.95 18.405 0.061
54071.77 18.429 0.044
54077.82 18.855 0.060
54079.85 18.993 0.054
54080.75 18.995 0.040
54081.75 18.965 0.037
54083.72 19.038 0.037
54085.73 19.158 0.053
54088.85 19.359 0.061
54090.85 19.304 0.039
54093.80 19.578 0.079
54094.77 19.524 0.049
54099.78 19.701 0.182
54099.79 19.663 0.184
54113.82 20.144 0.242
54116.81 20.035 0.207
54125.83 20.337 0.218
filter Vkait
# kait3
54035.40 18.206 0.035
54037.45 17.653 0.029
54039.48 17.260 0.022
54043.44 16.938 0.016
54049.44 16.934 0.028
54051.49 17.078 0.032
54054.41 17.264 0.018
54058.37 17.561 0.027
54063.37 17.799 0.029
54068.42 18.155 0.037
54070.33 18.278 0.030
54072.34 18.542 0.093
54077.31 18.684 0.062
54080.39 18.894 0.105
54087.29 19.324 0.060
