SN2010Y 0.010860 162.766580 65.779660
#SN2010Y 162.76658 65.77966 NGC_3392    E? 0.01086 0.000103 NED_Host_Galaxy_Name CBET_2168 Cortini CBET_2168   Ia
# ['' 'B' 'H' 'J' 'Ks' 'U' 'UVM2' 'UVW1' 'UVW2' 'V' "i'" "r'" "u'"]
# ['' 'UVOT'] on ['' 'PAIRITEL' 'Swift']
filter B4sh
55239.30 16.127 0.019
55241.15 15.664 0.019
55242.43 15.452 0.029
55243.52 15.252 0.018
55244.38 15.254 0.050
55245.46 15.114 0.018
55247.34 15.055 0.014
55251.39 15.206 0.019
55258.22 16.181 0.019
55261.33 16.682 0.024
55267.26 17.506 0.048
55268.26 17.570 0.048
55270.25 17.741 0.039
55271.35 17.950 0.070
55276.27 18.092 0.049
55287.17 18.474 0.058
55289.28 18.490 0.061
55291.28 18.473 0.052
55295.16 18.557 0.070
55297.17 18.621 0.062
55299.16 18.925 0.083
filter B_UVOT
# Swift
55237.01 16.988 0.075
55237.01 17.030 0.060
55239.30 16.194 0.065
55239.30 16.240 0.050
55241.61 15.650 0.050
55241.61 15.569 0.059
55243.35 15.450 0.040
55243.35 15.340 0.052
55245.89 15.170 0.040
55245.89 15.075 0.050
55247.77 15.005 0.048
55247.77 15.100 0.040
55257.83 16.232 0.077
55257.83 16.290 0.060
55263.44 17.140 0.060
55263.44 17.086 0.083
55268.13 17.675 0.106
55268.13 17.720 0.090
55269.77 17.880 0.100
55269.77 17.822 0.117
55271.17 17.798 0.117
55271.17 17.870 0.100
filter H2m
# PAIRITEL
55239.34 16.010 0.240
55240.25 15.780 0.280
55242.26 15.510 0.170
55243.21 15.310 0.140
55244.30 15.380 0.180
55245.21 15.200 0.180
55258.33 15.420 0.250
55259.29 15.450 0.180
55268.17 15.700 0.190
55270.16 15.740 0.350
filter J2m
# PAIRITEL
55239.34 15.870 0.060
55240.25 15.600 0.050
55242.26 15.500 0.060
55243.21 15.360 0.050
55244.30 15.370 0.180
55245.21 15.230 0.020
55251.29 15.710 0.060
55254.21 16.060 0.110
55258.33 16.390 0.050
55259.29 16.620 0.090
55260.18 16.580 0.080
55267.20 16.180 0.060
55268.17 16.230 0.050
55269.24 16.160 0.130
55270.16 16.170 0.150
filter Ks2m
# PAIRITEL
55240.25 16.380 0.110
55242.26 16.020 0.130
55243.21 15.970 0.120
55244.30 15.820 0.230
55245.21 15.840 0.090
55251.29 16.370 0.170
55258.33 15.960 0.290
55260.18 16.070 0.170
55267.20 16.350 0.160
55268.17 16.350 0.230
55270.16 16.550 0.180
55278.23 17.490 0.180
filter U_UVOT
# Swift
55237.01 16.413 0.072
55237.01 16.460 0.050
55239.30 15.364 0.060
55239.30 15.450 0.040
55241.61 14.834 0.054
55241.61 14.910 0.050
55243.35 14.720 0.040
55243.35 14.624 0.048
55245.89 14.760 0.050
55245.89 14.668 0.051
55247.77 14.784 0.050
55247.77 14.870 0.040
55257.83 16.519 0.100
55257.83 16.590 0.090
55263.44 17.540 0.090
55263.44 17.498 0.109
55268.13 17.796 0.129
55268.13 17.850 0.110
55269.77 18.300 0.150
55269.77 18.241 0.169
55271.17 17.918 0.132
55271.17 17.980 0.110
filter UVM2
# Swift
#
#
55239.30 18.260 0.080
55239.30 18.234 0.094
55241.62 17.750 0.080
55241.62 17.721 0.093
55243.36 17.700 0.060
55243.36 17.687 0.079
55245.90 17.880 0.140
55245.90 17.861 0.151
55247.80 17.800 0.080
55247.80 17.775 0.096
55263.45 19.645 0.179
55263.45 19.640 0.160
55268.13 19.780 0.180
55268.13 19.777 0.201
55269.78 20.540 0.320
55269.78 20.522 0.340
filter UVW1
# Swift
55237.01 17.851 0.089
55237.01 17.950 0.070
55239.30 16.753 0.073
55239.30 16.860 0.050
55241.61 16.231 0.076
55241.61 16.330 0.060
55243.35 16.200 0.050
55243.35 16.097 0.066
55245.89 16.165 0.074
55245.89 16.270 0.060
55247.76 16.360 0.050
55247.76 16.253 0.068
55248.57 16.560 0.130
55257.89 18.070 0.100
55257.89 17.967 0.116
55263.44 18.438 0.128
55263.44 18.550 0.110
55268.12 18.900 0.140
55268.12 18.789 0.158
55269.77 19.297 0.219
55269.77 19.430 0.210
55271.17 18.836 0.155
55271.17 18.970 0.140
filter UVW2
# Swift
55237.01 19.134 0.132
55237.01 19.160 0.110
55239.30 18.081 0.095
55239.30 18.110 0.070
55241.61 17.590 0.080
55241.61 17.560 0.099
55243.36 17.435 0.083
55243.36 17.450 0.050
55245.90 17.408 0.095
55245.90 17.440 0.070
55247.77 17.737 0.093
55247.77 17.780 0.070
55257.83 19.149 0.231
55257.83 19.180 0.220
55263.44 19.410 0.140
55263.44 19.402 0.155
55268.13 20.045 0.226
55268.13 20.080 0.210
55269.77 19.890 0.190
55269.77 19.854 0.208
filter V4sh
#
55239.30 16.140 0.019
55241.15 15.695 0.019
55242.42 15.490 0.035
55243.51 15.312 0.017
55244.37 15.225 0.015
55245.45 15.140 0.014
55247.33 15.049 0.014
55251.39 15.049 0.016
55257.50 15.441 0.030
55258.22 15.490 0.016
55261.33 15.727 0.017
55266.31 16.131 0.032
55267.25 16.251 0.023
55268.25 16.341 0.019
55270.25 16.552 0.020
55271.35 16.617 0.036
55276.26 17.024 0.033
55287.17 17.385 0.042
55289.28 17.511 0.051
55291.28 17.504 0.035
55295.15 17.655 0.054
55297.17 17.752 0.053
55299.16 17.890 0.083
filter V_UVOT
# Swift
55236.97 16.880 0.140
55236.97 16.821 0.149
55239.30 16.310 0.070
55239.30 16.234 0.084
55241.62 15.673 0.081
55241.62 15.760 0.070
55243.36 15.383 0.065
55243.36 15.470 0.050
55245.90 15.159 0.070
55245.90 15.260 0.060
55247.80 15.160 0.050
55247.80 15.072 0.067
55263.44 16.080 0.060
55263.44 15.995 0.079
55268.13 16.372 0.092
55268.13 16.450 0.080
55269.78 16.654 0.106
55269.78 16.750 0.090
filter ik
#
55239.29 16.280 0.024
55241.14 15.835 0.024
55242.42 15.647 0.017
55243.51 15.533 0.018
55244.37 15.489 0.016
55245.45 15.455 0.016
55247.32 15.497 0.018
55251.38 15.621 0.020
55257.49 16.002 0.024
55258.21 16.019 0.019
55261.32 15.972 0.018
55266.30 15.957 0.019
55267.25 16.027 0.043
55268.25 16.074 0.023
55270.24 16.210 0.021
55271.35 16.356 0.037
55276.26 16.796 0.049
55287.16 17.359 0.043
55289.27 17.429 0.036
55291.27 17.611 0.042
55295.15 17.752 0.054
55297.16 17.885 0.055
55299.15 17.955 0.108
filter rk
#
55239.29 16.129 0.022
55241.14 15.661 0.023
55242.42 15.445 0.014
55243.51 15.292 0.014
55244.37 15.214 0.015
55245.45 15.154 0.014
55247.32 15.078 0.015
55251.38 15.097 0.014
55257.49 15.479 0.033
55258.21 15.527 0.016
55261.33 15.633 0.016
55266.31 16.004 0.029
55267.25 15.974 0.038
55268.25 16.062 0.016
55270.25 16.254 0.021
55271.35 16.348 0.022
55276.26 16.787 0.046
55287.16 17.227 0.035
55289.27 17.345 0.048
55291.28 17.419 0.037
55295.15 17.595 0.044
55297.17 17.654 0.057
55299.16 17.861 0.043
55536.48 20.625 0.322
filter uk
#
55241.15 16.025 0.034
