SN2011ao 0.010694 178.462670 33.362770
#SN2011ao 178.46267 33.36277 IC_2973 SB(s)d 0.010694 2e-06 NED_21-cm_or_Opt_Smallest_Error CBET_2669 POSS CBET_2669   Ia
# ['' 'B' 'H' 'J' 'Ks' 'U' 'UVM2' 'UVW1' 'UVW2' 'V']
# ['' 'UVOT'] on ['' 'PAIRITEL' 'Swift']
filter B_UVOT
# Swift
55629.71 15.045 0.047
55631.23 14.816 0.046
55633.57 14.571 0.044
55635.73 14.461 0.044
55637.47 14.376 0.043
55639.58 14.325 0.043
55641.38 14.360 0.043
55643.93 14.431 0.043
55645.77 14.505 0.044
55647.51 14.648 0.045
55649.72 14.834 0.046
55651.08 14.928 0.047
55655.93 15.459 0.054
55658.21 15.791 0.060
55662.05 16.313 0.068
55663.59 16.405 0.067
55667.65 16.735 0.072
filter H2m
# PAIRITEL
55628.25 15.520 0.100
55631.21 15.020 0.010
55637.25 15.000 0.030
55639.29 15.140 0.080
55640.24 15.180 0.080
55641.27 15.290 0.080
55643.25 15.310 0.250
55645.26 15.410 0.250
55647.25 15.340 0.020
55648.22 15.310 0.060
55650.27 15.450 0.060
55654.27 15.290 0.050
55655.23 15.260 0.050
55656.23 15.200 0.080
55663.27 15.240 0.170
55665.24 15.180 0.080
55669.14 15.140 0.070
55673.12 14.990 0.030
55677.18 15.410 0.090
55681.19 15.680 0.090
55685.29 15.750 0.060
55689.21 15.870 0.080
55693.21 16.200 0.100
55695.21 16.200 0.060
55697.18 16.340 0.180
55699.17 16.410 0.160
55705.16 16.840 0.140
55707.20 17.090 0.250
55711.19 17.270 0.350
filter J2m
# PAIRITEL
55628.25 15.940 0.090
55629.31 15.400 0.080
55631.21 15.240 0.100
55637.25 14.830 0.030
55639.29 15.010 0.070
55640.24 15.080 0.070
55641.27 15.110 0.040
55644.26 15.310 0.070
55645.26 15.390 0.170
55647.25 15.700 0.070
55649.24 15.960 0.070
55650.27 16.160 0.110
55652.31 16.360 0.080
55654.27 16.530 0.270
55655.23 16.560 0.250
55656.23 16.670 0.180
55663.27 16.870 0.190
55667.17 16.200 0.110
55669.14 15.900 0.100
55673.12 15.840 0.250
55677.18 16.090 0.050
55681.19 16.420 0.250
55685.29 16.910 0.260
55687.21 17.030 0.260
55693.21 17.560 0.230
55697.18 17.890 0.170
55699.17 18.270 0.250
55705.16 18.470 0.100
filter Ks2m
# PAIRITEL
55628.25 15.450 0.080
55629.31 15.390 0.140
55639.29 15.110 0.180
55640.24 15.000 0.160
55641.27 14.970 0.110
55644.26 14.950 0.080
55645.26 15.000 0.050
55650.27 15.040 0.090
55651.23 14.960 0.040
55655.23 15.090 0.050
55663.27 15.420 0.130
55677.18 15.660 0.170
55681.19 15.960 0.130
55693.21 16.390 0.170
55699.17 16.410 0.250
55702.19 16.520 0.180
filter U_UVOT
# Swift
55628.67 15.287 0.052
55629.71 14.878 0.050
55631.22 14.497 0.047
55633.57 14.178 0.044
55635.73 14.086 0.044
55636.27 14.062 0.042
55637.47 14.013 0.043
55639.58 14.042 0.044
55641.38 14.110 0.044
55643.93 14.333 0.046
55645.76 14.499 0.048
55647.51 14.735 0.050
55649.72 14.998 0.055
55651.08 15.159 0.058
55655.93 15.878 0.070
55658.20 16.248 0.073
55662.05 16.809 0.092
55663.59 16.880 0.091
55667.64 17.197 0.102
filter UVM2
# Swift
55629.73 19.894 0.375
55631.23 19.431 0.264
55633.68 18.836 0.192
55635.73 18.846 0.183
55637.47 18.750 0.164
55639.59 18.646 0.161
55641.39 18.842 0.176
55643.94 18.697 0.161
55645.77 19.086 0.210
55647.55 18.892 0.226
55649.73 19.143 0.227
55651.12 19.143 0.254
55655.94 19.645 0.333
55658.21 19.936 0.395
filter UVW1
# Swift
55628.68 17.017 0.077
55629.47 16.764 0.077
55629.71 16.693 0.076
55631.22 16.342 0.071
55633.57 15.957 0.068
55635.73 15.892 0.067
55635.73 15.853 0.066
55637.47 15.846 0.066
55639.58 15.914 0.068
55641.38 15.930 0.067
55643.93 16.100 0.069
55645.76 16.338 0.077
55647.51 16.478 0.075
55649.72 16.600 0.077
55651.08 16.727 0.079
55655.93 17.343 0.096
55658.20 17.604 0.101
55662.05 18.238 0.152
55663.59 18.396 0.160
55667.64 18.475 0.163
filter UVW2
# Swift
55628.69 18.857 0.200
55629.47 18.385 0.153
55629.49 18.587 0.182
55629.71 18.463 0.151
55631.23 17.999 0.123
55633.58 17.729 0.112
55635.73 17.679 0.110
55635.75 17.688 0.128
55637.47 17.607 0.106
55639.58 17.717 0.113
55641.39 17.671 0.109
55643.93 17.693 0.110
55645.77 17.915 0.128
55647.51 18.141 0.137
55649.72 18.321 0.150
55651.08 18.317 0.151
55655.94 18.854 0.206
55658.21 19.360 0.276
filter V_UVOT
# Swift
55629.72 15.143 0.056
55631.23 14.899 0.058
55633.68 14.648 0.058
55635.73 14.464 0.053
55637.47 14.439 0.052
55639.58 14.367 0.052
55641.39 14.344 0.051
55643.93 14.349 0.051
55645.77 14.405 0.053
55647.51 14.541 0.060
55649.73 14.586 0.057
55651.12 14.692 0.061
55655.94 14.991 0.061
55658.21 15.159 0.060
55662.05 15.474 0.068
55663.60 15.448 0.066
55667.65 15.690 0.069
