SN2009ds 0.019227 177.267060 -9.728920
#SN2009ds 177.26706 -9.72892 NGC_3905 SB(rs)c 0.019227 2.1e-05 NED_21-cm_or_Opt_Smallest_Error CBET_1784 Itagaki CBET_1788;CBET_1789   Ia
# ['B' 'H' 'J' 'Ks' 'V' "i'" "r'"]
# [''] on ['' 'PAIRITEL']
filter B4sh
#
54963.17 15.731 0.031
54964.16 15.765 0.022
54967.19 15.890 0.026
54970.18 16.057 0.031
54975.22 16.484 0.043
54977.17 16.691 0.042
54994.17 18.262 0.103
55003.17 18.640 0.127
filter H2m
# PAIRITEL
54960.18 16.200 0.170
54961.16 16.420 0.170
54962.17 16.330 0.250
54964.18 16.410 0.180
54975.15 17.010 0.180
54979.14 16.840 0.180
filter J2m
# PAIRITEL
54961.16 16.220 0.230
54962.17 16.310 0.190
54964.18 16.580 0.100
54975.15 17.800 0.250
54979.14 18.060 0.220
54983.15 17.750 0.250
filter Ks2m
# PAIRITEL
54961.16 15.350 0.250
54962.17 15.520 0.170
54974.16 15.290 0.250
filter V4sh
#
54954.15 15.954 0.105
54961.16 15.601 0.015
54963.17 15.605 0.016
54964.16 15.621 0.017
54967.19 15.735 0.033
54970.18 15.847 0.025
54975.22 16.152 0.019
54977.17 16.252 0.018
54988.14 16.781 0.028
54994.17 17.135 0.034
54998.14 17.502 0.046
55003.17 17.655 0.040
filter ik
#
54959.14 16.210 0.036
54961.15 16.278 0.023
54963.16 16.322 0.020
54964.15 16.359 0.024
54967.18 16.478 0.021
54970.16 16.666 0.025
54975.20 17.114 0.032
54977.17 17.224 0.042
54988.14 17.029 0.060
54994.16 16.984 0.030
54998.14 17.303 0.039
55003.16 17.584 0.050
filter rk
#
54954.15 15.989 0.019
54959.15 15.700 0.019
54961.15 15.646 0.017
54963.17 15.648 0.023
54964.15 15.661 0.018
54967.18 15.755 0.018
54970.18 15.908 0.021
54975.21 16.272 0.020
54977.17 16.380 0.023
54988.14 16.584 0.018
54994.16 16.807 0.025
54998.14 17.144 0.029
55003.16 17.367 0.036
