SN2009le 0.017792 32.321520 -23.412420
#SN2009le 32.32152 -23.41242 ESO_478-6   Sbc 0.017792 9e-06 NED_21-cm_or_Opt_Smallest_Error CBET_2022 CHASE CBET_2025   Ia
# ['' 'B' 'H' 'J' 'Ks' 'V' "i'" "r'" "u'"]
# [''] on ['' 'PAIRITEL'] and CSP
filter B4sh
#
55153.26 17.208 0.039
55155.15 16.469 0.026
55157.18 15.995 0.021
55158.26 15.805 0.020
55160.15 15.636 0.022
55176.21 15.967 0.021
55182.13 16.637 0.031
55185.17 16.956 0.041
filter H2m
# PAIRITEL
55159.24 15.930 0.250
55160.23 16.090 0.240
55161.23 16.120 0.160
55162.23 16.020 0.150
55170.23 16.160 0.190
55177.18 15.850 0.170
55182.16 16.390 0.180
filter J2m
# PAIRITEL
55158.22 15.710 0.120
55159.24 15.870 0.060
55160.23 15.830 0.050
55161.23 15.760 0.080
55162.23 15.680 0.060
55170.23 16.400 0.200
55177.18 16.320 0.370
55182.16 17.290 0.180
55184.17 17.530 0.280
filter Ks2m
# PAIRITEL
55158.22 16.100 0.220
55159.24 15.840 0.190
55160.23 15.810 0.180
55161.23 16.010 0.100
55162.23 16.170 0.350
55170.23 16.030 0.200
55182.16 16.130 0.100
55184.17 16.080 0.210
filter V4sh
#
55155.15 16.355 0.021
55157.18 15.926 0.018
55158.25 15.776 0.020
55160.15 15.587 0.019
55176.21 15.596 0.021
55182.13 15.956 0.020
55185.16 16.113 0.020
filter ik
#
55153.25 17.288 0.036
55155.14 16.581 0.024
55157.17 16.211 0.020
55158.25 16.081 0.019
55160.14 15.951 0.021
55176.19 16.364 0.032
55182.12 16.644 0.027
55185.15 16.580 0.032
filter rk
#
55158.25 15.791 0.017
55160.15 15.597 0.018
55182.13 15.985 0.019
55185.16 16.029 0.019
filter uk
#
55153.26 18.296 0.149
55155.15 17.218 0.092
55157.19 16.414 0.050
55158.26 16.229 0.040
55176.22 17.151 0.069
55182.14 17.908 0.123
filter u
55155.62 17.046 0.011
55156.64 16.660 0.014
55157.60 16.425 0.010
55164.65 15.908 0.009
55165.56 15.927 0.009
55166.60 15.982 0.010
55167.63 16.032 0.012
55168.61 16.092 0.010
55169.58 16.151 0.011
filter g
55155.62 16.274 0.008
55156.64 16.029 0.007
55157.60 15.833 0.010
55164.65 15.319 0.006
55165.56 15.304 0.013
55166.60 15.303 0.012
55167.63 15.323 0.013
55168.61 15.332 0.006
55169.58 15.334 0.014
filter r
55155.62 16.289 0.010
55156.64 16.056 0.009
55157.60 15.869 0.012
55164.65 15.303 0.008
55165.56 15.270 0.010
55166.60 15.260 0.012
55167.63 15.266 0.014
55168.61 15.286 0.011
55169.58 15.277 0.012
filter i
55155.62 16.603 0.012
55156.64 16.344 0.011
55157.60 16.181 0.012
55164.65 15.870 0.010
55165.56 15.875 0.011
55166.60 15.912 0.013
55167.63 15.920 0.014
55168.61 15.945 0.010
55169.58 15.982 0.013
filter B
55155.62 16.364 0.008
55156.64 16.097 0.009
55157.60 15.925 0.006
55164.65 15.414 0.005
55165.56 15.418 0.008
55166.60 15.408 0.007
55167.63 15.418 0.007
55168.61 15.448 0.011
55169.58 15.481 0.008
filter V
55155.62 16.282 0.011
55156.64 16.066 0.008
55157.60 15.901 0.006
55164.65 15.328 0.007
55165.56 15.310 0.008
55166.60 15.281 0.008
55167.63 15.285 0.009
55168.61 15.261 0.011
55169.58 15.302 0.009
filter Y
55153.53 17.025 0.021
55153.54 16.981 0.021
55154.70 16.579 0.017
55154.71 16.596 0.017
filter J
55153.53 16.872 0.019
55153.54 16.851 0.021
55154.70 16.477 0.012
55154.71 16.440 0.014
filter H
55153.53 17.030 0.055
55153.54 16.926 0.057
55154.70 16.656 0.044
55154.71 16.665 0.040
