SN2005ls 0.021118 43.566300 42.724800
#SN2005ls 43.5663 42.7248 MCG_+07-7-1 Spiral 0.021118 0.000117 NED_Host_Galaxy_Name IAUC_8643 Armstrong CBET_324   Ia
# ['' 'B' 'H' 'J' 'Ks' 'U' 'V']
# [''] on ['' 'PAIRITEL']
filter B4sh
#
53713.75 16.611 0.017
53724.65 17.130 0.016
53725.67 17.233 0.017
53726.81 17.386 0.018
53727.81 17.443 0.016
53728.78 17.592 0.018
53729.80 17.647 0.021
53730.75 17.840 0.028
53736.80 18.450 0.073
53744.74 18.991 0.060
53763.75 19.989 0.286
53764.68 19.766 0.232
53767.70 19.804 0.239
53785.67 20.042 0.248
filter H2m
# PAIRITEL
53726.24 16.110 0.020
53727.21 16.130 0.180
53728.18 16.200 0.070
53729.22 16.180 0.170
53732.20 16.090 0.040
53733.17 16.060 0.180
53735.14 16.000 0.250
53740.13 16.060 0.180
53741.13 15.930 0.180
53742.12 15.880 0.170
53745.13 15.850 0.250
53748.13 15.900 0.250
53752.17 15.860 0.060
53757.12 16.360 0.250
53759.16 16.390 0.030
53760.13 16.480 0.030
53762.08 16.660 0.020
53764.18 16.900 0.070
53773.14 17.410 0.250
filter J2m
# PAIRITEL
53726.24 17.070 0.170
53727.21 17.080 0.180
53728.18 17.260 0.250
53729.22 17.170 0.170
53732.20 17.130 0.250
53733.17 17.220 0.170
53735.14 17.060 0.250
53738.16 17.080 0.170
53739.15 17.010 0.170
53740.13 17.060 0.170
53741.13 16.850 0.180
53742.12 16.940 0.250
53745.13 16.760 0.180
53748.13 16.610 0.170
53752.17 16.650 0.170
53757.12 17.090 0.180
53759.16 17.130 0.180
53760.13 17.180 0.180
53761.11 17.230 0.170
53762.08 17.320 0.170
53764.18 17.480 0.170
filter Ks2m
# PAIRITEL
53726.24 15.840 0.170
53727.21 15.990 0.250
53728.18 15.840 0.090
53729.22 15.830 0.080
53731.21 15.880 0.120
53732.20 15.750 0.080
53733.17 15.720 0.170
53735.14 15.680 0.250
53738.16 15.710 0.250
53740.13 15.780 0.100
53741.13 15.670 0.250
53742.12 15.670 0.180
53745.13 15.760 0.250
53748.13 15.830 0.170
53752.17 15.810 0.250
53757.12 16.370 0.330
53760.13 16.590 0.250
53762.08 16.800 0.180
53764.18 16.860 0.250
filter U4sh
#
53713.75 16.538 0.028
53713.76 16.557 0.027
53724.65 17.510 0.040
53724.65 17.421 0.034
53725.67 17.663 0.043
53725.68 17.633 0.044
53726.81 17.874 0.061
53727.82 17.887 0.061
53728.78 18.048 0.060
53728.78 18.150 0.057
53729.81 18.432 0.224
53730.76 18.437 0.122
filter V4sh
#
53713.74 16.214 0.014
53724.64 16.439 0.014
53725.66 16.505 0.014
53726.80 16.566 0.015
53727.80 16.609 0.014
53728.77 16.670 0.014
53729.79 16.756 0.016
53730.74 16.859 0.042
53736.79 17.080 0.015
53744.73 17.505 0.026
53751.77 17.785 0.032
53763.74 18.300 0.045
53764.68 18.294 0.038
53767.69 18.434 0.033
53776.66 18.715 0.082
53778.67 18.749 0.047
53785.66 18.932 0.047
53807.64 19.753 0.309
53810.62 19.666 0.140
