SN2007nq 0.045031 14.389990 -1.388740
#SN2007nq 14.38999 -1.38874 UGC_595     E 0.045031 5.3e-05 NED_Host_Galaxy_Name CBET_1106 ROTSE-III CBET_1106   Ia
# ['' 'B' 'H' 'J' 'Ks' 'V' 'Y' 'g' 'i' "i'" 'r' "r'" 'u']
# [''] on ['' 'PAIRITEL']
filter B
#
54397.13 17.557 0.014
54400.15 17.587 0.017
54401.35 17.588 0.062
54402.28 17.718 0.058
54403.08 17.732 0.009
54404.24 17.840 0.050
54405.37 17.966 0.067
54406.21 18.038 0.043
54407.23 18.162 0.015
54407.26 18.173 0.047
54408.19 18.276 0.048
54409.13 18.418 0.014
54411.10 18.728 0.013
54411.20 18.793 0.089
54412.22 18.895 0.082
54413.11 19.015 0.020
54415.16 19.334 0.078
54416.19 19.534 0.156
54419.15 19.841 0.154
54421.11 20.056 0.036
54422.12 20.079 0.050
54423.10 20.245 0.065
54427.15 20.645 0.195
54430.11 20.763 0.176
54433.19 20.580 0.279
54435.05 20.723 0.044
54440.08 20.931 0.050
54440.25 20.482 0.185
54443.15 20.866 0.077
54445.10 20.957 0.059
54449.07 21.084 0.090
54455.06 21.199 0.218
54456.06 20.995 0.216
54457.05 20.968 0.174
54466.05 21.237 0.070
54468.05 21.298 0.076
54472.03 21.305 0.087
54476.05 21.391 0.138
filter H
#
54399.18 17.637 0.204
54402.17 18.198 0.154
54421.11 18.118 0.065
54427.15 18.709 0.102
filter H2m
# PAIRITEL
54411.25 18.660 0.170
54416.22 18.360 0.060
filter J
#
54399.18 17.893 0.137
54402.17 18.233 0.074
54412.15 19.122 0.210
54415.18 18.960 0.223
54421.11 18.488 0.047
54424.17 18.444 0.150
54427.15 18.920 0.043
54431.13 19.066 0.187
54457.05 21.006 0.229
54458.03 21.322 0.191
filter J2m
# PAIRITEL
54405.24 18.840 0.170
54411.25 19.130 0.170
54448.15 19.970 0.180
filter Ks2m
# PAIRITEL
54404.26 17.990 0.180
54408.25 17.760 0.190
54422.18 17.850 0.170
filter V
#
54397.13 17.493 0.015
54400.15 17.463 0.013
54401.35 17.580 0.035
54402.27 17.577 0.034
54403.08 17.552 0.009
54404.23 17.606 0.035
54405.36 17.670 0.038
54406.20 17.696 0.034
54407.23 17.779 0.011
54407.25 17.771 0.043
54408.18 17.838 0.040
54409.13 17.920 0.013
54411.10 18.071 0.011
54411.19 18.079 0.052
54412.22 18.136 0.048
54413.11 18.231 0.014
54415.16 18.364 0.049
54416.19 18.579 0.064
54419.14 18.726 0.077
54421.11 18.962 0.020
54422.12 19.057 0.024
54423.10 19.101 0.027
54427.15 19.340 0.051
54427.18 18.937 0.104
54429.18 19.446 0.144
54430.11 19.532 0.048
54433.19 19.570 0.119
54435.05 19.787 0.022
54440.08 19.916 0.027
54440.25 19.959 0.203
54443.15 20.033 0.038
54445.10 20.070 0.027
54449.07 20.195 0.049
54456.06 20.317 0.106
54457.05 20.376 0.119
54461.22 19.999 0.242
54466.05 20.573 0.039
54468.05 20.568 0.045
54472.03 20.615 0.053
54476.05 20.745 0.064
filter Y
#
54399.18 17.896 0.052
54402.17 18.053 0.035
54408.24 18.301 0.118
54410.16 18.258 0.062
54412.15 18.160 0.056
54415.18 17.974 0.038
54421.11 17.662 0.016
54424.17 17.733 0.097
54427.15 17.966 0.022
54431.13 18.170 0.053
54437.14 18.560 0.056
54439.16 18.651 0.051
54442.15 18.922 0.074
54444.15 18.809 0.058
54448.11 19.223 0.136
54457.05 19.617 0.088
54458.03 19.644 0.025
54465.07 19.743 0.070
54467.08 20.088 0.064
filter g
#
54397.13 17.428 0.013
54400.15 17.413 0.010
54403.08 17.561 0.007
54407.23 17.921 0.008
54409.13 18.105 0.010
54411.10 18.376 0.009
54413.11 18.648 0.011
54421.11 19.597 0.023
54422.12 19.736 0.029
54423.10 19.839 0.034
54427.15 20.053 0.084
54430.11 20.235 0.072
54435.05 20.355 0.024
54440.08 20.420 0.145
54443.15 20.525 0.042
54445.10 20.626 0.030
54449.07 20.674 0.043
54455.06 20.739 0.110
54456.06 20.751 0.117
54457.05 20.739 0.116
54458.03 20.896 0.126
54466.05 20.893 0.046
54468.05 20.935 0.045
54472.03 20.892 0.172
54476.05 21.053 0.058
filter i
#
54397.13 17.935 0.018
54400.15 17.964 0.017
54403.08 18.047 0.013
54407.23 18.465 0.016
54409.13 18.576 0.019
54411.10 18.605 0.017
54413.11 18.497 0.020
54421.11 18.448 0.016
54422.12 18.506 0.018
54423.10 18.644 0.022
54427.15 18.924 0.035
54430.11 19.110 0.029
54435.05 19.438 0.029
54440.08 19.730 0.032
54443.15 19.819 0.060
54445.10 19.844 0.035
54449.07 20.001 0.037
54455.06 20.335 0.105
54456.06 20.330 0.081
54457.05 20.282 0.087
54458.03 20.318 0.078
54466.05 20.696 0.070
54468.05 20.662 0.072
54472.03 21.009 0.142
54476.05 21.139 0.117
filter ik
#
54401.34 17.933 0.050
54402.27 17.960 0.048
54404.23 18.160 0.044
54405.36 18.325 0.044
54406.20 18.295 0.043
54407.25 18.476 0.047
54408.18 18.460 0.057
54411.19 18.496 0.056
54412.21 18.518 0.090
54415.15 18.357 0.044
54416.18 18.375 0.062
54419.14 18.418 0.046
54427.20 19.189 0.161
54429.18 18.889 0.131
54433.18 19.240 0.088
54440.24 19.814 0.154
54457.18 20.373 0.252
54461.22 20.319 0.282
filter r
#
54397.13 17.485 0.013
54400.15 17.443 0.010
54403.08 17.509 0.009
54407.23 17.777 0.008
54409.13 17.900 0.012
54411.10 18.005 0.010
54413.11 18.056 0.009
54421.11 18.450 0.012
54422.12 18.546 0.013
54423.10 18.608 0.014
54427.15 18.951 0.030
54430.11 19.140 0.026
54435.05 19.338 0.015
54440.08 19.469 0.018
54443.15 19.613 0.030
54445.10 19.645 0.019
54449.07 19.813 0.032
54455.06 19.999 0.059
54456.06 19.988 0.061
54457.05 19.989 0.056
54458.03 20.008 0.049
54466.05 20.359 0.034
54468.05 20.404 0.036
54472.03 20.382 0.065
54476.05 20.632 0.045
filter rk
#
54401.34 17.494 0.034
54402.27 17.524 0.035
54404.23 17.598 0.032
54405.36 17.661 0.034
54406.20 17.755 0.034
54407.25 17.827 0.033
54408.18 17.870 0.036
54411.19 18.037 0.037
54412.21 18.080 0.034
54415.15 18.134 0.043
54416.18 18.203 0.038
54419.14 18.311 0.045
54427.18 18.867 0.075
54433.18 19.379 0.087
54440.24 19.645 0.135
54457.18 20.331 0.401
54461.22 20.881 0.352
filter u
#
54397.13 18.079 0.030
54407.23 19.454 0.094
54409.13 19.583 0.049
54411.10 20.010 0.058
54413.11 20.451 0.122
54421.11 21.398 0.271
54435.05 21.845 0.242
54440.08 21.859 0.248
54445.10 21.901 0.387
