SN2010ai 0.0231 194.849990 27.996460
#SN2010ai 194.84999 27.99646 SDSS_J125925.04+275948.2     E 0.018369 0.000123 NED_Host_Galaxy_Name CBET_2200 ROTSE-III;_Itagaki CBET_2200   Ia
# ['B' 'H' 'J' 'Ks' 'R' 'V' "i'" "r'"]
# [''] on ['' 'P48' 'PAIRITEL']
#host galaxy zhelio=0.018369, but in Coma cluster ...
filter Bk
#
55267.40 17.293 0.026
55268.31 16.986 0.031
55269.38 16.771 0.026
55270.33 16.576 0.025
55275.37 16.100 0.025
55277.50 16.113 0.034
55280.32 16.209 0.038
55287.15 16.839 0.031
55289.25 17.160 0.028
55290.30 17.309 0.032
55291.27 17.410 0.028
55295.29 17.923 0.043
55297.30 18.248 0.056
55299.24 18.444 0.077
55301.38 18.643 0.060
55306.30 19.004 0.090
filter H2m
# PAIRITEL
55268.33 16.940 0.090
55269.41 16.800 0.100
55270.33 16.670 0.110
55276.36 16.730 0.140
55279.33 16.770 0.210
55281.32 16.820 0.140
55284.29 17.020 0.200
55285.32 16.990 0.180
55287.33 17.050 0.140
55291.30 16.820 0.140
55292.24 16.790 0.150
55295.30 16.720 0.140
55296.29 16.720 0.080
55297.21 16.740 0.180
55299.23 16.730 0.140
55300.23 16.750 0.170
55301.19 16.690 0.110
filter J2m
# PAIRITEL
55268.33 17.090 0.070
55269.41 16.880 0.060
55270.33 16.650 0.060
55276.36 16.560 0.040
55277.32 16.630 0.050
55279.33 16.790 0.050
55281.32 17.080 0.050
55284.29 17.610 0.110
55285.32 17.860 0.100
55287.33 17.960 0.030
55289.33 18.100 0.110
55290.35 18.040 0.180
55291.30 17.930 0.070
55292.24 17.930 0.120
55294.28 17.810 0.090
55295.30 17.810 0.100
55296.29 17.830 0.150
55297.21 17.800 0.170
55298.31 17.690 0.180
55299.23 17.680 0.130
55300.23 17.650 0.080
55301.19 17.590 0.140
filter Ks2m
# PAIRITEL
55268.33 16.940 0.190
55269.41 16.630 0.160
55270.33 16.490 0.100
55276.36 16.540 0.130
55279.33 16.660 0.110
55281.32 16.910 0.190
55284.29 17.350 0.210
55285.32 17.410 0.170
55289.33 17.880 0.020
55291.30 17.330 0.180
55292.24 17.100 0.290
55295.30 17.040 0.180
55296.29 17.090 0.030
55297.21 16.920 0.180
55299.23 16.760 0.180
55300.23 16.670 0.310
55301.19 16.740 0.260
filter Vk
#
55267.40 17.311 0.026
55268.30 17.073 0.027
55269.37 16.801 0.021
55270.33 16.620 0.019
55271.32 16.464 0.021
55275.36 16.111 0.019
55276.37 16.124 0.030
55277.49 16.093 0.022
55280.32 16.100 0.019
55281.30 16.149 0.020
55282.29 16.104 0.025
55285.47 16.361 0.037
55287.15 16.470 0.026
55289.25 16.629 0.021
55290.29 16.671 0.022
55291.27 16.734 0.021
55295.29 16.991 0.023
55297.30 17.118 0.026
55299.23 17.266 0.028
55301.37 17.446 0.029
55306.24 17.831 0.049
55339.19 19.062 0.193
filter ik
#
55267.39 17.515 0.052
55268.30 17.250 0.044
55269.37 16.976 0.032
55270.32 16.839 0.035
55271.32 16.744 0.034
55275.36 16.575 0.025
55276.36 16.661 0.050
55277.49 16.709 0.033
55280.31 16.796 0.028
55281.29 16.883 0.034
55282.29 16.949 0.042
55287.14 17.447 0.048
55289.20 17.496 0.038
55290.29 17.441 0.046
55291.26 17.487 0.047
55295.28 17.393 0.040
55297.29 17.333 0.041
55299.23 17.297 0.049
55301.37 17.295 0.047
55306.24 17.656 0.056
filter rk
#
55267.40 17.322 0.021
55268.30 17.069 0.021
55269.37 16.794 0.021
55270.32 16.607 0.020
55271.32 16.459 0.019
55275.36 16.164 0.021
55276.36 16.195 0.034
55277.49 16.175 0.023
55280.31 16.161 0.021
55281.30 16.214 0.021
55282.29 16.305 0.034
55285.46 16.512 0.026
55287.14 16.647 0.021
55289.24 16.761 0.020
55290.29 16.795 0.021
55291.26 16.818 0.020
55295.29 16.895 0.021
55297.30 16.953 0.024
55299.23 17.047 0.030
55301.37 17.136 0.022
55306.23 17.558 0.032
filter PTF48R
# from Firth and Dimitriadis
#55246.236 21.098 9.999
#55246.292 21.672 9.999
#55246.336 21.824 9.999
55250.384 21.226 9.999
55250.428 21.562 9.999
55253.293 18.556 9.999
55253.356 19.355 9.999
55268.401 17.098 0.009
55268.445 17.055 0.010
55271.362 16.641 0.007
55271.405 16.525 0.007
55274.398 16.392 0.007
55274.458 16.377 0.007
55277.368 16.226 0.007
55277.486 16.306 0.010
55280.344 16.311 0.009
55280.393 16.294 0.009
55283.240 16.464 0.013
55283.283 16.440 0.013
55284.315 16.622 0.014
55284.359 17.006 0.018
55288.452 16.711 0.051
55288.478 17.088 0.034
55288.525 16.928 0.027
55288.526 16.950 0.029
55290.352 16.943 0.009
55290.396 16.960 0.010
55292.514 16.992 0.012
55292.515 17.016 0.012
55293.502 16.984 0.021
55293.503 17.005 0.020
55293.518 17.015 0.021
55293.519 17.015 0.024
55295.147 17.066 0.010
55295.232 17.071 0.010
55296.278 17.106 0.009
55297.317 17.183 0.009
55297.361 17.099 0.009
55304.382 18.010 0.171
55310.181 18.048 0.032
55310.252 18.011 0.026
55311.330 18.071 0.035
55311.374 18.133 0.034
55312.376 18.092 0.039
55314.257 18.117 0.060
55316.294 18.301 0.033
55316.340 18.272 0.034
55317.342 18.384 0.029
55317.385 18.379 0.034
55319.151 18.419 0.034
55319.195 18.337 0.026
55320.197 18.530 0.024
55320.240 18.472 0.023
55321.263 18.506 0.025
55321.328 18.523 0.023
55322.340 18.434 0.026
55323.338 18.611 0.026
55323.388 18.546 0.028
55324.348 18.612 0.032
55329.169 18.801 0.045
55329.212 18.830 0.041
55330.173 18.824 0.029
55330.217 18.850 0.029
55331.183 18.923 0.030
55331.226 18.865 0.028
55332.233 18.978 0.028
55333.186 18.923 0.029
55333.229 18.960 0.029
55336.243 19.115 0.041
55336.277 19.091 0.041
55336.314 19.095 0.038
55336.350 19.070 0.037
55336.386 18.969 0.043
55337.339 19.053 0.042
55337.394 19.139 0.042
55338.256 19.097 0.055
55338.299 19.128 0.075
55341.306 19.245 0.077
55341.350 19.210 0.090
55343.175 19.306 0.075
55343.219 19.340 0.075
55346.192 19.417 0.046
55346.235 19.473 0.063
55347.187 19.520 0.049
55347.230 19.505 0.051
55348.211 19.447 0.047
55348.256 19.505 0.051
55349.258 19.520 0.060
55349.308 19.542 0.062
55350.266 19.603 0.047
55350.333 19.555 0.069
55351.284 19.538 0.046
55351.328 19.693 0.061
55352.281 19.670 0.050
55352.324 19.532 0.052
55353.278 19.592 0.052
55353.322 19.688 0.056
55355.204 19.691 0.062
55355.260 19.620 0.054
55356.211 19.688 0.056
55356.285 19.610 0.055
55357.240 19.702 0.080
55357.296 19.687 0.072
55360.232 19.821 0.078
55360.276 19.893 0.084
55361.232 19.917 0.077
55361.288 19.933 0.088
55363.216 20.001 0.082
55363.304 20.012 0.097
55364.265 20.008 0.093
55364.309 19.892 0.094
55365.267 20.143 0.090
55365.310 20.123 0.104
55366.269 20.067 0.115
55366.313 20.007 0.103
55368.185 20.111 0.127
55368.228 20.289 0.157
55369.180 20.234 0.145
55369.223 20.366 0.182
55370.180 20.144 0.141
55370.223 20.178 0.145
55371.178 20.322 0.165
55371.222 20.119 0.142
55372.178 20.515 0.207
55372.222 20.264 0.156
55373.185 20.243 0.189
55373.228 20.549 0.279
55374.206 20.581 0.269
55374.250 20.214 0.185
55375.250 20.378 0.194
55376.201 20.271 0.119
55376.244 20.461 0.186
55377.196 20.475 0.116
55377.240 20.333 0.153
55378.193 20.368 0.133
55378.240 20.329 0.143
55379.191 20.528 0.122
55379.235 20.631 0.140
55380.188 20.359 0.098
55380.230 20.419 0.124
55381.205 20.661 0.129
55381.248 20.522 0.133
55382.202 20.528 0.129
55382.248 20.497 0.141
55383.205 20.615 0.122
55383.249 20.550 0.124
55384.202 20.467 0.101
55384.246 20.632 0.132
55385.197 20.565 0.123
55385.240 20.451 0.132
55386.192 20.531 0.131
55386.235 20.718 0.153
55387.212 20.829 0.183
55388.208 20.776 0.193
55388.258 20.885 0.252
55390.176 20.750 0.215
55390.219 20.553 0.164
55391.194 20.599 0.158
55391.238 20.713 0.203
55392.200 20.829 0.216
55392.243 20.715 0.238
#55394.173 21.165 9.999
55394.216 20.881 0.258
55395.182 20.674 0.275
55395.225 20.983 0.319
55396.182 20.838 0.265
55396.226 20.776 0.273
55397.183 21.115 0.340
55397.226 21.054 9.999
#55399.170 20.834 9.999
#55399.214 21.039 9.999
#55400.169 20.897 9.999
#55400.212 20.836 9.999
#55401.212 20.655 9.999
#55497.547 18.957 9.999
#55505.544 20.882 9.999
#55530.516 20.848 9.999
#55530.559 20.399 9.999
#55532.459 20.444 9.999
#55532.503 21.226 9.999
#55538.467 21.568 9.999
#55538.516 21.653 9.999
#55539.511 21.595 9.999
#55543.510 21.694 9.999
#55543.553 21.746 9.999
#55554.498 21.153 9.999
#55554.542 21.228 9.999
#55557.387 20.083 9.999
#55557.430 21.117 9.999
#55561.445 20.955 9.999
#55561.488 20.971 9.999
#55572.349 20.566 9.999
#55573.412 21.492 9.999
#55573.456 21.346 9.999
#55574.422 21.744 9.999
#55574.465 21.807 9.999
#55575.492 21.124 9.999
#55575.536 21.297 9.999
filter g60
# Kasliwal Automated Pipeline
55270.515 16.480 0.080
filter r60
# Kasliwal Automated Pipeline
55270.516 16.530 0.080
filter i60
# Kasliwal Automated Pipeline
55270.517 16.800 0.160
