SN2008hs 0.017349 36.373350 41.843110
#SN2008hs 36.37335 41.84311 NGC_910    E+ 0.017349 7.3e-05 NED_21-cm_or_Opt_Smallest_Error CBET_1598 LOSS CBET_1599   Ia
# ['' 'B' 'CLEAR' 'H' 'I' 'J' 'Ks' 'R' 'U' 'UVM2' 'UVW1' 'UVW2' 'V' "i'"
 "r'"]
# ['' 'UVOT'] on ['' 'PAIRITEL' 'Swift' 'kait4' 'nickel1' 'nickel2']
filter B4sh
#
54804.18 17.367 0.019
54806.20 16.796 0.023
54820.11 16.897 0.029
54821.09 17.112 0.029
54825.07 17.767 0.024
54829.11 18.317 0.037
54830.16 18.467 0.034
54831.13 18.503 0.040
54832.23 18.614 0.044
54833.26 18.770 0.043
54856.20 19.572 0.086
54861.18 19.746 0.133
54862.20 19.826 0.126
54864.10 19.706 0.171
54886.11 19.939 0.233
filter B_UVOT
# Swift
54803.11 17.880 0.060
54803.11 17.830 0.075
54804.54 17.270 0.050
54804.54 17.218 0.068
54806.63 16.850 0.040
54806.63 16.820 0.060
54808.87 16.530 0.040
54808.87 16.487 0.059
54812.68 16.297 0.057
54812.68 16.340 0.040
54814.31 16.390 0.040
54814.31 16.343 0.058
54816.83 16.555 0.060
54816.83 16.590 0.040
54818.65 16.837 0.063
54818.65 16.880 0.050
54820.01 16.990 0.050
54820.01 16.955 0.062
54824.77 17.720 0.070
54824.77 17.675 0.080
54828.04 18.353 0.184
54828.04 18.390 0.180
54835.16 18.992 0.152
54835.16 19.000 0.140
54839.47 18.970 0.180
54839.47 18.980 0.190
54843.16 19.489 0.245
54843.16 19.530 0.240
54848.33 19.473 0.198
54848.33 19.530 0.190
54851.53 19.430 0.180
54851.53 19.358 0.186
54855.11 19.618 0.345
54859.67 19.650 0.220
54859.67 19.616 0.227
filter Bkait
# kait4
54802.32 18.102 0.032
54804.23 17.388 0.031
54806.25 16.901 0.023
54824.08 17.580 0.272
54827.17 18.105 0.057
54831.19 18.554 0.057
54833.22 18.751 0.065
54835.21 18.891 0.167
54862.12 19.589 0.139
54865.12 19.059 0.403
54870.13 19.482 0.634
54873.12 19.953 0.580
54887.13 20.222 0.659
54890.14 20.012 0.451
54901.14 19.129 0.417
filter Bs
# nickel1
54839.98 18.892 0.207
54843.98 19.359 0.128
#filter B
# nickel2
54845.88 19.403 0.037
54865.82 19.813 0.184
#filter CLEAR
# kait4
#54802.32 17.638 0.044
#54806.25 16.543 0.042
#54813.21 15.989 0.038
#54835.21 17.281 0.063
#54861.13 18.484 0.152
filter H2m
# PAIRITEL
54803.19 17.460 0.140
54804.18 16.960 0.070
54806.20 16.610 0.070
54807.07 16.760 0.060
54810.18 16.580 0.100
54818.18 17.180 0.170
54821.18 16.740 0.070
54831.14 16.520 0.050
54832.12 16.490 0.050
54833.12 16.790 0.090
54834.28 16.810 0.070
54839.12 17.190 0.090
54840.10 17.380 0.060
54843.10 17.590 0.140
54844.12 17.700 0.110
54845.11 17.760 0.170
54846.09 17.730 0.180
54847.09 17.790 0.040
54849.11 18.030 0.200
54876.16 18.980 0.180
54882.13 19.480 0.180
filter Ikait
# kait4
54802.32 17.643 0.051
54804.23 17.002 0.043
54806.25 16.581 0.032
54827.17 16.761 0.289
54831.19 16.590 0.032
54833.22 16.707 0.036
54835.21 16.893 0.048
54862.12 18.504 0.161
54865.12 18.134 0.357
54870.13 19.131 0.720
54887.13 19.477 0.446
54890.14 20.179 0.661
54901.14 19.256 0.506
filter Is
# nickel1
54839.98 17.201 0.208
54843.98 17.556 0.039
#filter I
# nickel2
54845.88 17.651 0.033
54865.82 18.605 0.358
filter J2m
# PAIRITEL
54803.19 17.280 0.030
54804.18 17.030 0.040
54806.20 16.600 0.020
54810.18 16.370 0.070
54818.18 17.200 0.090
54821.18 17.300 0.050
54831.14 17.020 0.030
54832.12 17.100 0.030
54833.12 17.040 0.020
54834.28 17.220 0.060
54838.12 17.660 0.080
54839.12 17.740 0.020
54840.10 17.860 0.080
54843.10 18.190 0.110
54844.12 18.310 0.100
54845.11 18.490 0.110
54846.09 18.420 0.250
54848.13 18.520 0.110
54849.11 18.710 0.170
54882.13 20.050 0.170
filter Ks2m
# PAIRITEL
54803.19 16.670 0.150
54806.20 16.460 0.150
54807.07 16.440 0.100
54810.18 16.170 0.120
54818.18 16.260 0.280
54821.18 16.740 0.110
54831.14 16.450 0.180
54832.12 16.640 0.250
54833.12 16.580 0.180
54834.28 16.640 0.120
54838.12 16.900 0.170
54839.12 16.970 0.180
54840.10 16.940 0.180
54843.10 17.280 0.270
54844.12 17.270 0.300
54845.11 17.110 0.170
54846.09 17.370 0.360
filter Rkait
# kait4
54802.32 17.799 0.046
54804.23 17.097 0.039
54806.25 16.606 0.026
54824.08 16.555 0.220
54827.17 16.683 0.033
54831.19 16.882 0.027
54833.22 17.078 0.037
54835.21 17.236 0.063
54862.12 18.589 0.102
54865.12 18.290 0.342
54870.13 18.935 0.301
54873.12 18.872 0.262
54887.13 19.251 0.266
54890.14 19.216 0.391
54901.14 19.626 0.449
filter Rs
# nickel1
54839.98 17.624 0.150
54843.98 17.867 0.044
#filter R
# nickel2
54845.88 17.938 0.029
54865.82 18.908 0.210
filter Us
#
54806.21 16.576 0.074
54825.07 18.128 0.246
filter U_UVOT
# Swift
54803.11 17.539 0.080
54803.11 17.570 0.070
54804.54 16.800 0.050
54804.54 16.760 0.071
54806.63 16.390 0.050
54806.63 16.353 0.064
54808.87 16.140 0.040
54808.87 16.098 0.063
54812.68 16.308 0.064
54812.68 16.350 0.050
54814.31 16.530 0.050
54814.31 16.492 0.066
54816.83 16.946 0.073
54816.83 16.970 0.060
54818.65 17.285 0.082
54818.65 17.330 0.070
54820.01 17.430 0.060
54820.01 17.408 0.079
54824.77 18.300 0.120
54824.77 18.269 0.131
54828.04 18.369 0.242
54828.04 18.390 0.230
54835.16 18.997 0.199
54835.16 19.020 0.190
54839.47 19.410 0.330
54843.16 19.463 0.312
54843.16 19.480 0.300
54848.32 19.665 0.282
54848.33 19.660 0.260
54851.53 19.750 0.300
54851.53 19.767 0.320
54859.67 19.840 0.310
54859.67 19.890 0.347
filter UVM2
# Swift
54804.55 20.890 0.300
54804.55 20.960 0.310
54806.64 20.517 0.326
54806.64 20.450 0.300
54808.88 19.882 0.223
54808.88 19.840 0.210
54812.68 19.760 0.200
54812.68 19.773 0.204
54814.32 19.916 0.224
54814.32 19.880 0.210
filter UVW1
# Swift
54803.14 19.690 0.180
54803.14 19.594 0.187
54804.54 18.609 0.130
54804.54 18.680 0.120
54806.63 18.150 0.080
54806.63 18.086 0.093
54808.87 17.870 0.070
54808.87 17.813 0.088
54812.68 18.016 0.093
54812.68 18.090 0.080
54814.31 18.260 0.090
54814.31 18.198 0.100
54816.83 18.665 0.131
54816.83 18.730 0.120
54818.65 18.949 0.157
54818.65 19.020 0.150
54820.01 18.920 0.120
54820.01 18.874 0.135
54824.77 19.790 0.230
54824.77 19.671 0.225
54831.27 19.560 0.260
54831.27 19.552 0.282
54835.15 20.360 0.320
filter UVW2
# Swift
54804.54 20.090 0.190
54804.54 20.081 0.200
54806.63 19.520 0.110
54806.63 19.551 0.132
54808.88 19.142 0.115
54808.88 19.130 0.100
54812.68 19.349 0.123
54812.68 19.330 0.110
54814.32 19.613 0.141
54814.32 19.610 0.130
54816.83 19.800 0.168
54816.83 19.770 0.150
54818.65 20.170 0.211
54818.65 20.170 0.200
54820.02 20.124 0.185
54820.02 20.080 0.170
54824.77 20.700 0.290
54824.77 20.654 0.283
filter V4sh
#
54804.17 17.258 0.021
54806.19 16.794 0.024
54820.10 16.409 0.033
54821.09 16.466 0.018
54825.07 16.790 0.021
54829.11 17.134 0.020
54830.15 17.206 0.024
54831.12 17.317 0.020
54832.22 17.425 0.022
54833.26 17.521 0.030
54839.08 17.949 0.036
54840.09 18.142 0.041
54843.10 18.164 0.057
54856.19 18.659 0.065
54861.17 18.747 0.078
54862.20 18.746 0.081
54864.10 18.866 0.075
54867.15 19.258 0.122
54882.12 19.433 0.142
54886.11 19.625 0.236
filter V_UVOT
# Swift
54803.14 17.848 0.148
54803.14 17.920 0.140
54804.55 17.354 0.101
54804.55 17.420 0.090
54806.64 16.791 0.073
54806.64 16.860 0.060
54808.88 16.477 0.069
54808.88 16.540 0.060
54812.68 16.265 0.065
54812.68 16.330 0.050
54814.32 16.221 0.065
54814.32 16.290 0.050
54816.83 16.310 0.050
54816.83 16.247 0.067
54818.65 16.430 0.060
54818.65 16.357 0.070
54820.02 16.417 0.067
54820.02 16.480 0.050
54824.77 16.940 0.080
54824.77 16.873 0.087
54828.04 17.289 0.185
54828.04 17.380 0.180
54835.16 17.900 0.110
54835.16 17.834 0.121
54839.47 18.530 0.240
54839.47 18.498 0.251
54848.33 18.487 0.193
54848.33 18.560 0.180
54851.50 19.024 0.314
54851.50 19.080 0.300
54859.67 19.320 0.340
54859.68 19.223 0.341
filter Vkait
# kait4
54802.32 17.977 0.028
54804.23 17.363 0.035
54806.25 16.871 0.024
54824.08 16.739 0.116
54827.17 16.983 0.033
54831.19 17.318 0.027
54833.22 17.532 0.032
54835.21 17.676 0.048
54862.12 18.858 0.096
54865.12 18.708 0.298
54870.13 19.400 0.371
54873.12 19.150 0.164
54887.13 19.615 0.237
54890.14 19.170 0.524
54901.14 19.466 0.445
filter Vs
# nickel1
54839.98 17.932 0.178
54843.98 18.259 0.062
#filter V
# nickel2
54845.88 18.349 0.028
54865.82 18.944 0.123
filter ik
#
54804.17 17.384 0.028
54806.17 16.895 0.026
54820.09 16.962 0.027
54821.08 17.016 0.025
54825.06 16.989 0.024
54829.10 16.929 0.021
54830.15 16.946 0.021
54831.12 16.972 0.022
54832.21 17.032 0.022
54833.25 17.122 0.023
54839.07 17.694 0.038
54840.08 17.760 0.032
54843.09 17.947 0.037
54856.18 18.527 0.049
54861.16 18.678 0.070
54862.19 18.840 0.064
54864.09 18.837 0.067
54882.11 19.678 0.137
54886.10 20.264 0.308
filter rk
#
54804.17 17.234 0.022
54806.18 16.742 0.020
54820.10 16.432 0.026
54821.08 16.484 0.018
54825.06 16.664 0.018
54829.11 16.845 0.018
54830.15 16.895 0.018
54831.12 16.984 0.020
54832.21 17.085 0.019
54833.25 17.181 0.020
54839.07 17.732 0.030
54840.09 17.802 0.031
54843.09 17.933 0.037
54856.18 18.492 0.043
54861.16 18.700 0.084
54862.19 18.628 0.056
54864.10 18.747 0.055
54867.15 19.239 0.114
54882.11 19.634 0.117
54886.11 19.535 0.165
