SN2009D 0.025007 58.594950 -19.181940
#SN2009D 58.59495 -19.18194 MCG_-03-10-52    Sb 0.025007 3.3e-05 NED_Host_Galaxy_Name CBET_1647 LOSS CBET_1647   Ia
# ['B' 'CLEAR' 'H' 'I' 'J' 'Ks' 'R' 'V' "i'" "r'"]
# [''] on ['' 'PAIRITEL' 'kait4' 'nickel1' 'nickel2']
filter B4sh
#
54843.16 15.824 0.034
54846.09 16.096 0.087
54847.09 16.145 0.064
54848.08 16.164 0.057
54849.11 16.233 0.020
54856.16 16.935 0.070
54857.16 17.026 0.026
54861.15 17.542 0.047
54862.15 17.586 0.044
54877.10 19.127 0.231
54882.10 18.913 0.108
54883.10 19.010 0.153
54884.12 19.063 0.141
54886.13 19.431 0.356
54890.12 19.323 0.213
filter Bs
# nickel1
54843.85 15.994 0.018
#filter Bs
# nickel2
54865.80 17.929 0.045
#filter CLEAR
# kait4
#54833.31 16.274 0.040
#54835.30 16.076 0.033
#54860.19 16.610 0.057
filter H2m
# PAIRITEL
54838.19 16.920 0.070
54839.18 16.800 0.070
54841.20 16.930 0.180
54842.18 16.870 0.170
54844.17 16.960 0.060
54845.17 17.060 0.250
54846.16 16.980 0.250
54847.16 16.920 0.040
54848.16 16.950 0.250
54849.14 17.020 0.170
54851.21 16.930 0.050
54856.15 16.960 0.170
54861.12 16.780 0.250
54862.09 16.830 0.170
54863.12 16.850 0.250
54864.10 16.850 0.040
54866.09 16.830 0.070
54867.10 16.860 0.070
54869.11 16.950 0.060
54874.10 16.830 0.220
54875.12 16.870 0.180
54876.12 16.830 0.060
54879.17 16.970 0.070
54884.16 17.700 0.120
filter Is
# nickel1
54843.85 16.202 0.019
#filter I
# nickel2
54865.80 16.616 0.099
filter J2m
# PAIRITEL
54838.19 16.310 0.010
54839.18 16.330 0.030
54841.20 16.440 0.090
54842.18 16.550 0.020
54843.20 16.700 0.030
54844.17 16.680 0.030
54845.17 16.810 0.030
54846.16 16.850 0.020
54847.16 16.900 0.170
54848.16 17.150 0.030
54849.14 17.170 0.050
54851.21 17.410 0.050
54856.15 17.640 0.170
54860.13 17.480 0.080
54861.12 17.520 0.090
54862.09 17.560 0.250
54863.12 17.470 0.060
54864.10 17.510 0.080
54866.09 17.450 0.170
54867.10 17.510 0.180
54869.11 17.460 0.250
54873.11 17.120 0.250
54874.10 17.070 0.030
54875.12 17.120 0.180
54876.12 17.160 0.040
54879.17 17.350 0.050
54884.16 17.830 0.090
filter Ks2m
# PAIRITEL
54838.19 16.880 0.250
54839.18 16.720 0.170
54841.20 16.570 0.250
54842.18 16.610 0.250
54844.17 16.290 0.250
54846.16 16.360 0.250
54847.16 16.480 0.170
54849.14 16.610 0.170
54856.15 16.730 0.170
54860.13 16.920 0.170
54861.12 16.780 0.170
54862.09 16.830 0.170
54863.12 16.810 0.170
54866.09 16.950 0.180
54867.10 16.930 0.170
54869.11 16.800 0.170
54875.12 16.910 0.180
54876.12 17.270 0.180
54879.17 17.690 0.180
filter Rs
# nickel1
54843.85 15.860 0.014
#filter R
# nickel2
54865.80 16.677 0.031
filter V4sh
#
54841.27 15.905 0.027
54843.16 15.916 0.031
54846.09 15.928 0.019
54847.09 15.942 0.030
54848.09 16.020 0.021
54849.11 16.013 0.022
54856.17 16.412 0.022
54857.16 16.475 0.019
54861.15 16.664 0.019
54862.15 16.743 0.020
54864.08 16.845 0.039
54867.13 17.053 0.035
54877.10 17.594 0.090
54882.10 17.791 0.039
54883.10 17.808 0.059
54884.13 17.863 0.047
54886.13 17.967 0.040
54890.11 18.233 0.082
filter Vs
# nickel1
54843.85 15.948 0.013
#filter V
# nickel2
54865.80 16.961 0.028
filter ik
#
54841.25 16.628 0.047
54843.14 16.564 0.025
54846.08 16.640 0.021
54847.08 16.674 0.019
54848.07 16.746 0.023
54849.10 16.756 0.023
54856.16 17.172 0.028
54857.15 17.155 0.023
54861.14 17.120 0.027
54862.14 17.100 0.024
54864.07 16.994 0.035
54867.12 17.120 0.028
54877.10 17.264 0.034
54882.09 17.606 0.034
54883.09 17.680 0.042
54884.10 17.717 0.034
54886.12 17.769 0.090
54890.11 17.997 0.042
filter rk
#
54841.26 16.065 0.054
54843.15 15.941 0.019
54846.08 15.976 0.026
54847.08 16.016 0.021
54848.08 16.050 0.026
54849.10 16.078 0.019
54856.16 16.482 0.021
54857.15 16.511 0.020
54861.14 16.604 0.021
54862.14 16.614 0.018
54864.07 16.689 0.028
54867.12 16.784 0.031
54877.10 17.235 0.057
54882.10 17.504 0.026
54883.09 17.518 0.032
54884.11 17.540 0.065
54890.11 17.796 0.033
