SN2008gl 0.034017 20.228290 4.805310
#SN2008gl 20.22829 4.80531 UGC_881     E 0.034017 0.000117 NED_Host_Galaxy_Name CBET_1545 CHASE CBET_1547;CBET_1548   Ia
# ['' 'B' 'H' 'I' 'J' 'Ks' 'R' 'V' "i'" "r'"]
# [''] on ['' 'PAIRITEL' 'kait4' 'nickel1']
filter B4sh
#
54762.21 17.274 0.021
54763.37 17.108 0.021
54766.33 16.910 0.019
54767.28 16.893 0.019
54768.26 16.909 0.021
54775.39 17.304 0.025
54786.26 18.532 0.087
54790.27 19.209 0.082
54794.23 19.482 0.102
54800.27 19.991 0.180
54802.22 20.054 0.159
54825.15 20.425 0.291
54831.10 20.298 0.190
filter Bkait
# kait4
54764.34 17.087 0.035
54766.26 16.998 0.046
54773.38 17.220 0.073
54775.39 17.411 0.048
54777.27 17.655 0.066
54786.23 18.915 0.134
54833.13 20.753 0.527
filter Bs
# nickel1
54765.03 17.013 0.015
54783.94 18.528 0.155
54786.08 18.853 0.497
54787.93 18.977 0.037
54811.92 21.037 0.476
54843.88 21.187 0.482
filter H2m
# PAIRITEL
54762.29 17.500 0.180
54768.14 17.080 0.180
54772.25 17.590 0.240
54777.23 17.810 0.360
54778.21 17.920 0.280
54779.19 18.080 0.360
54784.17 18.060 0.250
54785.18 18.110 0.250
54786.16 17.840 0.180
54792.20 17.480 0.180
54793.14 17.310 0.250
54794.21 17.360 0.100
filter Ikait
# kait4
54764.34 17.045 0.111
54766.26 17.073 0.094
54773.38 17.163 0.079
54775.39 17.336 0.103
54777.27 17.739 0.158
54786.23 17.699 0.093
54833.13 19.442 0.363
filter Is
# nickel1
54765.03 17.039 0.029
54783.94 17.656 0.084
54786.08 17.593 0.050
54787.93 17.526 0.045
54811.92 18.797 0.124
54843.88 20.541 0.447
filter J2m
# PAIRITEL
54762.29 17.140 0.170
54763.18 17.150 0.170
54768.14 17.310 0.240
54772.25 17.650 0.130
54779.19 18.550 0.220
54783.18 18.640 0.250
54786.16 18.480 0.110
54792.20 17.930 0.140
54794.21 17.900 0.350
filter Ks2m
# PAIRITEL
54762.29 16.740 0.290
54763.18 16.450 0.170
54768.14 17.030 0.170
54779.19 17.600 0.210
54784.17 17.280 0.320
54785.18 17.220 0.320
54786.16 17.150 0.130
54792.20 17.310 0.170
54793.14 17.150 0.180
54794.21 17.030 0.280
filter Rkait
# kait4
54764.34 16.906 0.076
54766.26 16.822 0.066
54773.38 16.823 0.109
54775.39 17.066 0.091
54777.27 17.180 0.067
54786.23 17.506 0.116
54833.13 19.383 0.259
filter Rs
# nickel1
54765.03 16.802 0.017
54783.94 17.421 0.371
54786.08 17.161 0.202
54787.93 17.511 0.027
54811.92 18.812 0.154
54843.88 19.930 0.261
filter V4sh
#
54762.20 17.285 0.021
54763.36 17.124 0.020
54766.32 16.922 0.023
54767.27 16.904 0.018
54768.25 16.892 0.021
54775.38 17.011 0.020
54786.27 17.790 0.033
54790.26 18.019 0.056
54794.22 18.355 0.043
54800.28 18.867 0.062
54802.21 18.875 0.054
54825.14 19.581 0.131
54831.10 19.562 0.151
filter Vkait
# kait4
54764.34 17.066 0.051
54766.26 16.981 0.044
54773.38 17.036 0.061
54775.39 17.032 0.064
54777.27 17.156 0.048
54786.23 17.748 0.093
54833.13 19.922 0.201
filter Vs
# nickel1
54765.03 17.005 0.012
54783.94 17.713 0.042
54786.08 17.775 0.059
54787.93 17.868 0.027
54811.92 19.061 0.145
54843.88 19.854 0.531
filter ik
#
54762.20 17.490 0.025
54763.36 17.423 0.028
54766.31 17.373 0.026
54767.27 17.419 0.028
54768.24 17.431 0.027
54775.37 17.799 0.054
54786.26 18.027 0.043
54790.25 17.934 0.038
54794.21 18.013 0.042
54800.27 18.507 0.062
54802.20 18.655 0.053
54811.21 19.189 0.315
54825.13 19.791 0.117
54831.09 19.821 0.173
filter rk
#
54762.20 17.230 0.019
54763.36 17.117 0.026
54766.32 16.927 0.019
54767.27 16.893 0.019
54768.25 16.882 0.019
54775.38 17.075 0.023
54786.27 17.578 0.028
54790.26 17.671 0.026
54794.22 17.920 0.032
54800.28 18.478 0.059
54802.21 18.499 0.042
54825.13 19.291 0.091
54831.10 19.416 0.085
