SN2008hv 0.012549 136.891780 3.392400
#SN2008hv 136.89178 3.3924 NGC_2765    S0 0.012549 6.7e-05 NED_Host_Galaxy_Name CBET_1601;CBET_1616 CHASE CBET_1603;CBET_1604   Ia
# ['B' 'H' 'J' 'Ks' 'U' 'UVM2' 'UVW1' 'UVW2' 'V' 'Y' 'g' 'i' "i'" 'r' "r'"
 'u']
# ['' 'UVOT'] on ['CSP' 'PAIRITEL' 'Swift']
filter B
#
54804.36 17.580 0.027
54805.44 16.889 0.020
54806.28 16.492 0.007
54806.49 16.368 0.018
54807.38 16.000 0.045
54808.30 15.769 0.005
54809.28 15.530 0.005
54810.29 15.342 0.006
54811.43 15.098 0.017
54813.28 15.006 0.006
54817.26 14.909 0.006
54818.26 14.938 0.006
54821.54 15.055 0.015
54822.43 15.107 0.015
54827.25 15.585 0.004
54828.53 15.725 0.015
54829.26 15.834 0.015
54830.23 15.963 0.006
54831.26 16.100 0.005
54831.50 16.128 0.017
54832.47 16.258 0.018
54833.38 16.374 0.017
54834.32 16.496 0.006
54837.30 16.847 0.007
54838.29 16.956 0.008
54839.18 17.071 0.007
54840.23 17.165 0.010
54841.23 17.293 0.012
54842.35 17.387 0.011
54844.27 17.526 0.017
54856.25 18.036 0.011
54856.34 17.943 0.046
54857.33 18.033 0.073
54861.33 18.144 0.044
54862.29 18.167 0.049
54865.23 18.163 0.053
54866.33 18.133 0.052
54867.20 18.272 0.011
54867.32 18.197 0.069
54870.17 18.316 0.022
54874.13 18.381 0.018
54878.14 18.454 0.013
54878.25 18.409 0.055
54882.29 18.481 0.052
54883.23 18.512 0.062
54884.16 18.548 0.011
54884.23 18.530 0.070
54886.15 18.658 0.060
54888.13 18.657 0.074
54890.26 18.592 0.060
54895.08 18.707 0.010
54909.26 18.902 0.095
54913.18 18.978 0.125
54914.17 18.953 0.114
54920.16 19.155 0.156
54945.15 19.434 0.147
filter B_UVOT
# Swift
54804.69 17.330 0.093
54804.69 17.390 0.080
54807.58 15.990 0.040
54807.58 15.949 0.060
54809.22 15.580 0.040
54809.22 15.476 0.052
54812.60 14.983 0.048
54812.60 15.080 0.050
54813.81 14.869 0.045
54813.81 14.960 0.040
54814.97 14.930 0.050
54814.97 14.842 0.048
54818.42 14.940 0.040
54818.42 14.854 0.046
54819.52 14.970 0.040
54819.53 14.886 0.046
54821.71 15.008 0.047
54821.71 15.090 0.040
54823.20 15.144 0.048
54823.20 15.240 0.040
54825.37 15.430 0.040
54825.37 15.333 0.051
54827.66 15.650 0.040
54827.66 15.548 0.055
54829.80 15.940 0.050
54829.80 15.897 0.062
54837.19 16.830 0.050
54837.19 16.786 0.067
54841.89 17.345 0.077
54841.89 17.400 0.060
54845.89 17.690 0.070
54845.89 17.640 0.087
54853.32 17.894 0.093
54853.32 17.960 0.080
54862.33 18.220 0.090
54862.34 18.145 0.101
filter H
#
54804.28 17.117 0.014
54811.29 15.481 0.030
54812.27 15.447 0.012
54822.30 15.954 0.013
54828.28 16.139 0.018
54829.24 16.073 0.050
54833.26 15.974 0.014
54839.18 15.726 0.006
54849.27 16.301 0.025
54854.27 16.635 0.031
54868.15 17.246 0.034
54875.14 17.556 0.050
54887.16 18.292 0.269
54889.17 18.367 0.179
54895.08 18.475 0.249
54899.12 18.785 0.298
filter H2m
# PAIRITEL
54804.35 17.360 0.090
54805.38 16.490 0.100
54806.39 16.360 0.060
54807.33 16.010 0.090
54810.32 15.490 0.250
54811.45 15.500 0.180
54813.38 15.440 0.040
54819.37 15.880 0.050
54820.36 15.970 0.020
54821.34 16.020 0.250
54830.32 16.130 0.090
54831.29 16.110 0.050
54834.31 15.800 0.050
54838.28 15.750 0.170
54839.28 15.650 0.060
54842.22 15.670 0.070
54844.26 15.680 0.050
54846.24 15.880 0.040
54848.27 16.110 0.250
54860.24 16.780 0.250
54861.21 16.800 0.180
54862.23 16.830 0.170
54873.22 17.290 0.040
54875.20 17.410 0.170
54876.20 17.500 0.080
54880.28 18.020 0.300
54881.21 18.070 0.290
54885.29 18.120 0.310
54889.25 18.650 0.220
filter J
#
54804.28 17.138 0.014
54811.29 15.277 0.037
54812.27 15.211 0.027
54815.33 15.311 0.029
54822.30 16.140 0.014
54828.28 17.076 0.047
54829.24 17.114 0.050
54833.26 17.114 0.054
54839.18 16.565 0.013
54849.27 16.939 0.018
54854.27 17.441 0.026
54868.15 18.431 0.080
54875.14 18.971 0.111
54887.16 19.242 0.147
54899.12 19.248 0.271
54912.19 19.781 0.245
filter J2m
# PAIRITEL
54804.35 17.180 0.120
54805.38 16.760 0.060
54806.36 16.430 0.130
54807.33 15.950 0.080
54810.32 15.140 0.250
54811.45 15.250 0.250
54813.38 15.240 0.020
54819.37 15.830 0.060
54820.36 15.890 0.040
54821.34 16.090 0.090
54830.32 17.100 0.100
54831.29 17.220 0.060
54834.31 16.910 0.110
54838.28 16.650 0.040
54839.28 16.420 0.020
54842.22 16.410 0.160
54843.25 16.380 0.140
54845.25 16.400 0.040
54846.24 16.520 0.100
54848.27 16.700 0.170
54860.24 17.540 0.180
54861.21 17.700 0.250
54862.23 17.600 0.170
54873.22 18.070 0.060
54875.20 18.290 0.130
54884.21 19.040 0.250
filter Ks2m
# PAIRITEL
54804.35 17.240 0.180
54805.38 16.340 0.280
54806.36 16.180 0.180
54811.45 15.290 0.190
54813.38 15.150 0.080
54819.37 15.630 0.250
54820.36 15.680 0.250
54821.34 15.750 0.250
54830.32 16.040 0.350
54831.29 15.950 0.070
54834.31 15.880 0.150
54838.28 15.650 0.190
54839.28 15.650 0.250
54842.22 15.380 0.070
54843.25 15.350 0.250
54844.26 15.390 0.050
54846.24 15.660 0.250
54860.24 16.520 0.170
54861.21 16.520 0.250
54863.21 16.740 0.250
54880.28 16.810 0.180
54881.21 16.760 0.250
54884.21 16.950 0.250
54888.20 17.400 0.290
filter U_UVOT
# Swift
54804.69 17.511 0.126
54804.69 17.580 0.120
54807.58 15.500 0.040
54807.58 15.412 0.060
54809.22 14.910 0.040
54809.22 14.836 0.050
54812.60 14.325 0.047
54812.60 14.400 0.050
54813.81 14.296 0.045
54813.81 14.370 0.040
54814.97 14.340 0.040
54814.97 14.258 0.045
54818.42 14.700 0.040
54818.42 14.595 0.048
54819.52 14.780 0.040
54819.52 14.693 0.050
54821.71 14.912 0.051
54821.71 14.990 0.040
54823.20 15.120 0.056
54823.20 15.180 0.050
54825.37 15.500 0.050
54825.37 15.407 0.063
54827.66 15.800 0.050
54827.66 15.748 0.069
54829.80 16.190 0.060
54829.80 16.142 0.073
54837.19 17.270 0.070
54837.19 17.206 0.087
54841.89 17.656 0.105
54841.89 17.730 0.090
54845.89 18.070 0.120
54845.89 18.029 0.128
54853.31 18.220 0.120
54853.31 18.146 0.130
54862.33 18.510 0.120
54862.33 18.432 0.134
filter UVM2
# Swift
54809.23 19.770 0.300
54809.23 19.753 0.298
54811.59 19.050 0.170
54811.59 19.043 0.176
54812.61 18.798 0.173
54812.61 18.820 0.170
54813.81 18.510 0.150
54813.81 18.515 0.158
54814.67 18.451 0.107
54814.67 18.460 0.090
54818.43 18.561 0.122
54818.43 18.570 0.110
54819.53 18.420 0.100
54819.53 18.412 0.115
54821.71 18.490 0.100
54821.71 18.489 0.117
54823.21 18.896 0.135
54823.21 18.880 0.120
54825.38 19.040 0.144
54825.38 19.040 0.130
54827.60 19.480 0.180
54827.60 19.468 0.190
54829.81 19.378 0.174
54829.81 19.360 0.160
54837.19 20.020 0.200
54837.19 20.003 0.209
54841.89 19.980 0.180
54841.89 19.985 0.197
54845.90 20.619 0.299
54845.90 20.600 0.280
54853.32 20.820 0.300
54853.32 20.775 0.307
filter UVW1
# Swift
54804.68 19.630 0.350
54804.68 19.505 0.345
54807.58 17.143 0.086
54807.58 17.220 0.070
54809.22 16.540 0.060
54809.22 16.459 0.075
54811.59 16.150 0.050
54811.59 16.084 0.071
54812.60 15.896 0.076
54812.60 15.970 0.060
54813.81 15.946 0.070
54813.81 16.030 0.050
54814.74 16.024 0.065
54814.74 16.100 0.040
54818.42 16.290 0.050
54818.42 16.217 0.072
54819.52 16.340 0.050
54819.52 16.263 0.073
54821.71 16.512 0.072
54821.71 16.590 0.050
54823.20 16.718 0.078
54823.20 16.790 0.060
54825.37 16.970 0.060
54825.37 16.897 0.081
54827.59 17.330 0.070
54827.59 17.243 0.088
54829.80 17.680 0.080
54829.80 17.606 0.098
54837.19 18.470 0.100
54837.19 18.396 0.116
54841.89 18.963 0.158
54841.89 19.070 0.150
54845.89 19.180 0.160
54845.89 19.091 0.171
54853.31 19.560 0.200
54853.31 19.445 0.205
54862.33 19.780 0.225
54862.33 19.890 0.220
filter UVW2
# Swift
#
#
54807.58 19.070 0.120
54807.58 19.063 0.137
54809.23 18.280 0.106
54809.23 18.280 0.090
54811.61 17.943 0.107
54811.61 17.960 0.090
54812.60 17.640 0.090
54812.60 17.626 0.108
54813.81 17.637 0.091
54813.81 17.650 0.070
54814.75 17.593 0.089
54814.75 17.610 0.060
54818.42 17.750 0.070
54818.42 17.745 0.095
54819.53 17.831 0.099
54819.53 17.840 0.080
54821.71 18.058 0.097
54821.71 18.070 0.070
54823.20 18.260 0.090
54823.20 18.258 0.108
54825.37 18.370 0.090
54825.37 18.358 0.111
54827.60 18.799 0.130
54827.60 18.800 0.110
54829.80 19.150 0.130
54829.80 19.125 0.146
54837.19 19.550 0.130
54837.19 19.519 0.147
54841.89 19.966 0.187
54841.89 20.000 0.180
54845.90 20.048 0.195
54845.90 20.090 0.190
54853.32 20.450 0.237
54853.32 20.490 0.230
filter V
#
54804.36 17.319 0.021
54805.44 16.759 0.018
54806.28 16.327 0.006
54806.48 16.339 0.018
54807.38 16.037 0.017
54808.30 15.691 0.005
54809.28 15.465 0.006
54810.29 15.296 0.005
54810.47 15.322 0.017
54811.43 15.194 0.017
54812.45 15.089 0.017
54813.28 14.959 0.005
54817.26 14.822 0.006
54818.26 14.826 0.007
54820.55 14.925 0.016
54821.53 14.948 0.017
54822.43 14.990 0.015
54827.25 15.250 0.004
54828.52 15.394 0.015
54829.26 15.456 0.014
54830.23 15.454 0.007
54831.26 15.508 0.005
54831.49 15.594 0.015
54832.47 15.655 0.016
54833.37 15.699 0.016
54834.32 15.702 0.006
54837.30 15.894 0.006
54838.29 15.945 0.007
54839.18 16.043 0.007
54840.23 16.122 0.007
54841.23 16.203 0.009
54842.35 16.303 0.006
54844.27 16.458 0.009
54856.25 17.047 0.011
54856.34 17.075 0.021
54857.32 17.093 0.047
54861.32 17.213 0.024
54862.29 17.253 0.020
54865.23 17.318 0.020
54866.32 17.368 0.023
54867.20 17.355 0.010
54867.32 17.463 0.023
54868.32 17.427 0.026
54870.17 17.469 0.009
54873.21 17.682 0.060
54874.13 17.579 0.012
54878.14 17.670 0.011
54878.25 17.720 0.036
54882.28 17.818 0.031
54883.23 17.835 0.034
54884.16 17.804 0.011
54884.23 17.852 0.036
54886.15 17.903 0.031
54888.13 17.960 0.033
54890.25 18.062 0.031
54895.08 18.127 0.008
54909.26 18.514 0.043
54913.17 18.633 0.065
54914.16 18.533 0.072
54920.15 18.848 0.075
54945.15 19.413 0.107
filter V
# Swift
54804.69 16.950 0.110
54804.69 16.859 0.120
54807.58 15.910 0.050
54807.58 15.837 0.068
54809.23 15.568 0.065
54809.23 15.640 0.050
54812.60 15.090 0.060
54812.60 15.008 0.069
54813.81 14.990 0.040
54813.81 14.913 0.059
54814.97 15.030 0.050
54814.97 14.957 0.062
54818.43 14.878 0.061
54818.43 14.960 0.050
54819.53 14.895 0.062
54819.53 14.960 0.050
54821.71 15.030 0.050
54821.71 14.959 0.060
54823.20 15.040 0.050
54823.20 14.970 0.061
54825.38 15.095 0.063
54825.38 15.180 0.050
54827.67 15.332 0.066
54827.67 15.410 0.050
54829.80 15.630 0.060
54829.80 15.557 0.068
54837.19 16.030 0.050
54837.19 15.951 0.068
54841.89 16.330 0.060
54841.89 16.254 0.074
54845.90 16.650 0.085
54845.90 16.730 0.070
54853.32 17.060 0.080
54853.32 16.976 0.094
54862.34 17.331 0.119
54862.34 17.450 0.110
filter Y
#
54804.28 17.208 0.009
54811.29 15.343 0.014
54812.27 15.305 0.006
54815.33 15.463 0.010
54822.30 16.107 0.011
54828.28 16.294 0.010
54829.24 16.266 0.011
54833.26 16.066 0.018
54839.18 15.534 0.007
54849.27 15.706 0.010
54854.27 16.036 0.009
54868.15 16.913 0.014
54875.14 17.276 0.016
54887.16 17.910 0.025
54889.17 18.015 0.041
54895.08 18.195 0.036
54899.12 18.335 0.072
54912.19 18.675 0.047
filter g
#
54806.28 16.352 0.007
54808.30 15.647 0.004
54809.28 15.406 0.005
54810.29 15.208 0.006
54813.28 14.889 0.005
54817.26 14.788 0.006
54818.26 14.798 0.005
54827.25 15.310 0.005
54830.23 15.589 0.007
54831.26 15.703 0.006
54834.32 16.028 0.006
54837.30 16.347 0.004
54838.29 16.449 0.007
54839.18 16.572 0.007
54840.23 16.694 0.008
54841.23 16.800 0.009
54842.35 16.906 0.007
54844.27 17.063 0.011
54856.25 17.574 0.010
54867.20 17.819 0.009
54870.17 17.912 0.014
54874.13 17.942 0.012
54878.14 18.010 0.010
54884.16 18.104 0.014
54895.08 18.307 0.006
filter i
#
54806.28 16.705 0.009
54808.30 15.984 0.006
54809.28 15.739 0.010
54810.29 15.558 0.009
54813.28 15.394 0.006
54817.26 15.531 0.009
54818.26 15.540 0.008
54827.25 16.248 0.007
54830.23 16.325 0.009
54831.26 16.305 0.009
54834.32 16.211 0.009
54837.30 16.110 0.006
54838.29 16.054 0.010
54839.18 16.053 0.008
54840.23 16.050 0.009
54841.23 16.076 0.009
54842.35 16.131 0.006
54844.27 16.265 0.009
54856.25 17.050 0.013
54867.20 17.520 0.015
54870.17 17.656 0.015
54874.13 17.816 0.015
54878.14 17.966 0.022
54884.16 18.152 0.024
54895.08 18.570 0.017
filter ik
#
54804.35 17.738 0.042
54805.43 17.167 0.027
54806.45 16.647 0.027
54807.37 16.303 0.020
54810.46 15.574 0.017
54811.43 15.492 0.018
54812.45 15.440 0.020
54813.43 15.412 0.031
54820.54 15.626 0.019
54821.53 15.706 0.019
54822.42 15.778 0.020
54828.52 16.344 0.018
54829.25 16.348 0.017
54831.49 16.345 0.020
54832.46 16.317 0.022
54833.37 16.280 0.020
54856.33 17.093 0.023
54857.29 17.119 0.062
54861.31 17.342 0.028
54862.28 17.389 0.031
54865.22 17.511 0.030
54866.31 17.572 0.042
54867.31 17.601 0.033
54868.31 17.609 0.038
54873.20 17.596 0.060
54878.23 18.093 0.047
54883.22 18.217 0.050
54884.22 18.290 0.052
54886.14 18.307 0.055
54888.12 18.482 0.063
54890.23 18.552 0.059
54909.25 19.149 0.138
54913.17 19.270 0.142
54914.16 19.347 0.172
54920.15 19.410 0.142
54935.16 20.088 0.293
54939.16 19.837 0.222
54945.14 19.990 0.229
filter r
#
54806.28 16.379 0.009
54808.30 15.728 0.004
54809.28 15.494 0.008
54810.29 15.295 0.007
54813.28 15.012 0.005
54817.26 14.870 0.007
54818.26 14.861 0.007
54827.25 15.440 0.004
54830.23 15.602 0.009
54831.26 15.631 0.007
54834.32 15.683 0.008
54837.30 15.729 0.004
54838.29 15.742 0.008
54839.18 15.798 0.006
54840.23 15.859 0.007
54841.23 15.924 0.008
54842.35 16.014 0.005
54844.27 16.162 0.008
54856.25 16.826 0.010
54867.20 17.239 0.008
54870.17 17.353 0.010
54874.13 17.466 0.009
54878.14 17.601 0.014
54884.16 17.783 0.017
54895.08 18.180 0.010
filter rk
#
54804.36 17.332 0.025
54805.44 16.798 0.018
54806.46 16.361 0.016
54807.37 16.050 0.018
54810.46 15.332 0.014
54811.43 15.210 0.016
54812.45 15.122 0.021
54813.44 15.040 0.020
54820.55 14.983 0.017
54821.53 15.013 0.017
54822.43 15.070 0.017
54828.52 15.575 0.014
54829.26 15.614 0.014
54831.49 15.699 0.018
54832.47 15.706 0.016
54833.37 15.728 0.017
54856.34 16.922 0.018
54857.31 16.906 0.030
54861.32 17.099 0.020
54862.28 17.135 0.021
54865.23 17.262 0.022
54866.32 17.259 0.024
54867.31 17.309 0.025
54868.32 17.371 0.028
54873.21 17.562 0.054
54878.24 17.693 0.031
54883.22 17.853 0.033
54884.22 17.866 0.035
54886.15 17.943 0.034
54888.13 18.037 0.038
54890.25 18.122 0.041
54909.25 18.714 0.071
54913.17 18.808 0.068
54914.16 18.835 0.076
54915.17 18.951 0.099
54920.15 19.072 0.108
54945.15 19.613 0.127
filter u
#
54806.28 17.130 0.013
54808.30 16.186 0.010
54809.28 15.903 0.009
54810.29 15.698 0.009
54813.28 15.408 0.014
54817.26 15.420 0.011
54818.26 15.495 0.010
54827.25 16.430 0.010
54830.23 16.918 0.011
54831.26 17.092 0.011
54834.32 17.601 0.013
54837.30 17.969 0.015
54838.29 18.070 0.016
54839.18 18.196 0.018
54840.23 18.302 0.023
54841.23 18.424 0.030
54842.35 18.498 0.035
54844.27 18.563 0.034
54856.25 19.094 0.027
54867.20 19.363 0.035
54870.17 19.409 0.073
54874.13 19.446 0.064
54878.14 19.587 0.033
54884.16 19.739 0.033
54895.08 19.897 0.053
