SNF20080522-000 0.045260 204.197960 5.142000
#SNF20080522-000 204.19796 5.142 SDSS?  -999 0.04526 0.0002 Childress+13   SNF SNF Bailey+09   Ia
# ['' 'B' 'H' 'J' 'Ks' 'V' "i'" "r'"]
# [''] on ['S18' 'PAIRITEL']
filter B4sh
#
54618.30 17.475 0.041
54619.15 17.495 0.042
54622.30 17.211 0.035
54623.30 17.271 0.036
54624.26 17.287 0.037
54625.20 17.541 0.043
54643.23 18.992 0.112
54648.16 19.588 0.146
54676.18 20.879 0.400
filter H2m
# PAIRITEL
54624.14 18.040 0.250
54637.18 17.440 0.250
54639.18 17.170 0.250
filter J2m
# PAIRITEL
54624.14 18.840 0.180
54637.18 18.740 0.250
54639.18 18.300 0.180
54640.17 18.060 0.170
filter Ks2m
# PAIRITEL
54637.18 16.790 0.300
filter V4sh
#
54618.29 17.133 0.035
54619.15 17.079 0.029
54620.27 17.092 0.028
54622.30 17.097 0.025
54623.29 17.105 0.025
54624.25 17.100 0.019
54625.19 17.134 0.022
54631.23 17.457 0.037
54639.22 17.828 0.062
54643.23 17.990 0.030
54648.15 18.339 0.127
54672.18 19.475 0.146
filter ik
#
54618.29 17.687 0.078
54619.14 17.784 0.062
54620.27 17.795 0.053
54622.29 17.679 0.044
54623.29 17.705 0.071
54624.25 17.717 0.072
54625.19 17.748 0.077
54629.23 17.767 0.083
54631.22 18.114 0.078
54634.23 18.378 0.089
54636.24 18.462 0.089
54639.21 18.530 0.123
54643.23 18.423 0.079
54648.15 18.339 0.109
filter rk
#
54618.29 17.217 0.027
54619.14 17.162 0.025
54620.27 17.164 0.031
54622.29 17.119 0.026
54623.29 17.115 0.028
54624.25 17.116 0.024
54625.19 17.111 0.022
54629.23 17.184 0.049
54634.23 17.710 0.064
54636.24 17.800 0.111
54639.22 17.926 0.059
54643.23 17.798 0.041
54648.15 17.954 0.029
54672.17 18.937 0.072
54676.18 19.064 0.094
filter Jnot
54627.466  18.3193   0.0330
54614.277  17.7031   0.0180
filter Hnot
54627.466  18.1904   0.0314
54614.277  17.9301   0.0360
filter Unot
54618.556  16.4860   0.0215
54626.457  17.0733   0.0237
54636.478  18.2314   0.0504
filter Bnot
54618.556  17.1467   0.0131
54625.591  17.2690   0.0112
54626.457  17.2673   0.0172
54628.555  17.3894   0.0224
54631.544  17.5203   0.0254
54635.560  17.8455   0.0334
54636.478  17.9043   0.0226
54645.584  19.0592   0.0375
54650.536  19.5376   0.0257
54656.444  19.8179   0.0182
54658.547  19.9291   0.1033
54663.537  20.1898   0.2053
54671.400  20.3031   0.0195
filter Vnot
54618.556  17.1260   0.0122
54625.591  17.1297   0.0208
54626.457  17.1230   0.0091
54628.555  17.1609   0.0165
54631.544  17.2597   0.0156
54635.560  17.4616   0.0294
54636.478  17.5864   0.0283
54645.584  18.1057   0.0186
54650.536  18.3808   0.0164
54656.444  18.6617   0.0141
54658.547  18.7699   0.0494
54663.537  19.0180   0.0653
54664.409  18.9801   0.0470
54671.400  19.3051   0.0127
filter Rnot
54618.556  17.1343   0.0114
54625.591  17.0093   0.0329
54626.457  17.0293   0.0120
54628.555  17.0745   0.0178
54631.544  17.2415   0.0460
54636.478  17.6024   0.0164
54645.584  17.8009   0.0219
54650.536  17.9160   0.0157
54656.444  18.0790   0.0115
54658.547  18.1724   0.0505
54663.537  18.4376   0.0438
54664.409  18.4869   0.0209
54671.400  18.8054   0.0140
filter Inot
54618.556  17.3298   0.0123
54625.591  17.4088   0.0755
54626.457  17.4906   0.0139
54628.555  17.4946   0.0664
54631.544  17.7057   0.1380
54636.478  18.1412   0.0216
54645.584  17.9031   0.0592
54650.536  17.9226   0.0354
54656.444  18.0760   0.0116
54658.547  18.1381   0.1077
54663.537  18.3779   0.0668
54664.409  18.4468   0.0513
54671.400  18.8541   0.0148
