SNF20080514-002 0.022095 202.303500 11.272360
#SNF20080514-002 202.3035 11.27236 UGC_8472    S0 0.022095 9e-05 NED_Host_Galaxy_Name ATEL_1532 SNF ATEL_1532   Ia
# ['B' 'H' 'J' 'Ks' 'U' 'UVM2' 'UVW1' 'UVW2' 'V']
# ['' 'UVOT'] on ['PAIRITEL' 'Swift']
filter B_UVOT
# Swift
54605.98 16.506 0.063
54605.98 16.540 0.050
54607.21 16.340 0.040
54607.21 16.311 0.061
54609.53 16.127 0.059
54609.53 16.160 0.040
54611.26 16.080 0.040
54611.26 16.050 0.059
54613.33 16.130 0.040
54613.33 16.092 0.059
54615.31 16.190 0.040
54615.31 16.159 0.060
54617.19 16.248 0.060
54617.19 16.280 0.040
54619.32 16.440 0.040
54619.32 16.406 0.061
54623.21 16.831 0.067
54623.21 16.860 0.050
54628.17 17.570 0.070
54628.17 17.534 0.084
54630.14 17.819 0.100
54630.15 17.860 0.080
54634.60 18.480 0.090
54634.60 18.446 0.114
54637.14 18.765 0.137
54637.14 18.770 0.110
54642.69 19.020 0.159
54642.69 19.020 0.130
54646.81 18.949 0.151
54646.81 18.950 0.120
54652.73 19.470 0.200
54652.73 19.455 0.235
54655.04 19.600 0.210
54655.04 19.609 0.248
filter H2m
# PAIRITEL
54608.17 16.610 0.120
54611.21 16.720 0.150
54612.22 16.770 0.160
54613.22 16.830 0.230
54614.19 16.920 0.120
54615.18 17.010 0.210
54616.17 16.990 0.250
54617.19 17.060 0.220
54624.15 17.160 0.220
filter J2m
# PAIRITEL
54608.17 16.520 0.160
54611.21 16.510 0.110
54612.22 16.560 0.170
54613.22 16.710 0.050
54614.19 16.760 0.070
54615.18 16.880 0.100
54616.17 17.000 0.180
54617.19 17.080 0.100
54624.15 17.930 0.170
filter Ks2m
# PAIRITEL
54608.17 16.470 0.180
54611.21 16.760 0.070
54612.22 16.960 0.140
54614.19 16.820 0.250
54615.18 16.920 0.100
54616.17 16.690 0.150
54617.19 16.790 0.080
54624.15 17.020 0.140
filter U_UVOT
# Swift
54606.00 15.810 0.040
54606.00 15.776 0.062
54607.21 15.640 0.040
54607.21 15.576 0.059
54609.53 15.526 0.057
54609.53 15.610 0.040
54611.26 15.660 0.040
54611.26 15.591 0.059
54613.33 15.820 0.040
54613.33 15.778 0.062
54615.31 16.050 0.040
54615.31 16.013 0.064
54617.19 16.316 0.066
54617.19 16.350 0.050
54619.32 16.650 0.050
54619.32 16.608 0.069
54623.21 17.105 0.078
54623.21 17.140 0.060
54628.17 17.891 0.097
54628.17 17.930 0.080
54630.14 18.350 0.110
54630.14 18.287 0.125
54634.60 18.890 0.130
54634.60 18.823 0.144
54637.13 19.020 0.140
54637.13 18.973 0.158
54642.69 19.304 0.198
54642.69 19.360 0.180
54646.80 19.440 0.190
54646.80 19.390 0.210
54652.73 19.774 0.300
54652.73 19.820 0.280
filter UVM2
# Swift
54605.98 18.980 0.120
54605.98 18.989 0.134
54609.54 18.941 0.129
54609.54 18.940 0.110
54611.27 18.680 0.100
54611.27 18.683 0.116
54613.34 18.760 0.100
54613.34 18.780 0.114
54615.32 19.057 0.136
54615.32 19.060 0.120
54617.19 19.440 0.160
54617.19 19.455 0.171
54619.57 19.452 0.139
54619.57 19.440 0.120
54629.33 20.460 0.320
54629.33 20.503 0.346
filter UVW1
# Swift
54606.00 17.310 0.050
54606.00 17.256 0.072
54607.21 17.200 0.060
54607.21 17.147 0.077
54609.53 17.180 0.075
54609.53 17.240 0.050
54611.26 17.162 0.076
54611.26 17.230 0.050
54613.33 17.400 0.050
54613.33 17.345 0.077
54615.31 17.589 0.083
54615.31 17.650 0.060
54617.18 17.905 0.091
54617.19 17.970 0.070
54619.32 18.250 0.080
54619.32 18.204 0.102
54621.43 18.560 0.150
54621.43 18.518 0.162
54623.21 18.719 0.136
54623.21 18.760 0.120
54628.16 19.206 0.155
54628.17 19.230 0.130
54630.14 19.531 0.208
54630.14 19.590 0.190
54634.60 20.190 0.230
54634.60 20.209 0.276
54637.13 20.613 0.384
54637.13 20.580 0.320
filter UVW2
# Swift
54605.98 18.673 0.109
54605.98 18.660 0.080
54607.21 18.600 0.080
54607.21 18.624 0.109
54609.53 18.470 0.070
54609.53 18.495 0.098
54611.27 18.455 0.099
54611.27 18.440 0.070
54613.34 18.701 0.102
54613.34 18.670 0.070
54615.31 18.860 0.080
54615.31 18.898 0.112
54617.19 19.222 0.128
54617.19 19.180 0.100
54619.33 19.472 0.152
54619.33 19.440 0.120
54623.21 19.960 0.360
54629.33 20.788 0.334
54629.33 20.670 0.280
filter V_UVOT
# Swift
54605.98 16.650 0.080
54605.98 16.603 0.093
54607.08 16.510 0.090
54607.08 16.455 0.106
54609.54 16.234 0.070
54609.54 16.280 0.050
54611.27 16.206 0.071
54611.27 16.260 0.050
54613.34 16.149 0.068
54613.34 16.200 0.050
54615.32 16.183 0.070
54615.32 16.230 0.050
54617.19 16.290 0.050
54617.19 16.248 0.071
54619.56 16.400 0.060
54619.56 16.357 0.079
54628.17 17.050 0.100
54628.17 17.008 0.118
54630.15 17.093 0.126
54630.15 17.140 0.110
54634.60 17.450 0.100
54634.60 17.418 0.116
54637.14 17.600 0.138
54637.14 17.620 0.120
54642.69 18.113 0.194
54642.69 18.120 0.170
54646.81 18.230 0.193
54646.81 18.220 0.160
54655.04 18.911 0.323
54655.04 18.880 0.260
