SNF20080522-011 0.037770 229.995190 4.904540
#SNF20080522-011 229.99519 4.90454 SDSS?  -999 0.03777 6e-05 Childress+13   SNF SNF Bailey+09   Ia
# ['' 'B' 'H' 'J' 'Ks' 'V' "i'" "r'"]
# [''] on ['S18' 'PAIRITEL']
filter B4sh
#
54618.34 16.817 0.020
54622.34 16.983 0.018
54623.31 17.055 0.018
54624.29 17.096 0.024
54627.35 17.315 0.026
54628.18 17.389 0.021
54629.29 17.502 0.022
54631.25 17.653 0.045
54634.29 18.044 0.160
54639.25 18.529 0.113
54643.29 18.929 0.116
54648.18 19.401 0.090
54649.25 19.206 0.118
54655.23 19.701 0.119
54672.20 20.179 0.207
54676.20 20.648 0.291
filter H2m
# PAIRITEL
54626.31 18.360 0.050
54630.19 17.900 0.150
54631.21 17.820 0.170
54634.19 17.590 0.120
54636.21 17.770 0.110
54637.21 17.640 0.170
54638.21 18.020 0.080
54640.21 18.330 0.310
54641.18 18.740 0.180
filter J2m
# PAIRITEL
54626.31 18.940 0.240
54630.19 19.770 0.180
54631.21 19.360 0.330
54636.21 19.090 0.170
54637.21 18.830 0.100
54638.21 18.680 0.080
54640.21 18.900 0.170
54641.18 18.880 0.180
filter Ks2m
# PAIRITEL
54637.21 17.450 0.260
54638.21 17.240 0.180
filter V4sh
#
54618.34 16.807 0.020
54622.34 16.878 0.017
54623.31 16.923 0.019
54624.29 16.947 0.018
54627.34 17.109 0.022
54628.18 17.149 0.020
54629.29 17.174 0.021
54631.24 17.459 0.041
54634.29 17.582 0.044
54636.26 17.741 0.045
54639.25 17.776 0.046
54643.27 17.950 0.034
54646.19 17.970 0.074
54648.18 18.221 0.036
54649.24 18.423 0.051
54655.23 18.709 0.049
54672.20 19.247 0.083
54676.20 19.340 0.120
filter ik
#
54618.33 17.461 0.024
54622.33 17.642 0.026
54623.31 17.627 0.025
54624.29 17.717 0.027
54627.34 18.002 0.030
54628.17 18.063 0.034
54629.28 18.103 0.053
54634.28 18.190 0.063
54636.26 18.276 0.087
54639.24 18.293 0.101
54643.27 18.260 0.078
54648.17 18.146 0.033
54649.23 18.137 0.065
54655.22 18.416 0.051
54672.19 19.282 0.107
54676.19 19.503 0.148
filter rk
#
54618.34 16.843 0.017
54622.34 16.924 0.016
54623.31 16.950 0.018
54624.29 17.006 0.017
54627.34 17.187 0.019
54628.18 17.235 0.020
54629.29 17.279 0.020
54631.24 17.450 0.026
54634.28 17.528 0.035
54636.26 17.643 0.032
54639.24 17.577 0.042
54643.27 17.723 0.025
54648.18 17.873 0.024
54649.23 17.960 0.073
54655.23 18.257 0.035
54672.19 18.880 0.058
54676.20 19.041 0.060
filter Jnot
54614.369  17.2842   0.0172
filter Hnot
54614.369  17.5471   0.0356
filter Unot
54624.393  17.1824   0.0230
filter Bnot
54613.600  16.8446   0.0124
54624.393  17.0852   0.0153
54638.723  18.4583   0.0675
54650.585  19.5560   0.0429
54656.468  19.7196   0.0217
54661.632  20.1783   0.2086
54664.419  19.9419   0.0932
54671.413  20.1082   0.0187
filter Vnot
54613.600  16.8884   0.0124
54624.393  16.9538   0.0120
54638.723  17.7999   0.0738
54650.585  18.3862   0.0240
54656.468  18.7174   0.0137
54661.632  18.9711   0.0625
54664.419  19.0360   0.0573
54671.413  19.2078   0.0137
filter Rnot
54613.600  16.8347   0.0117
54624.393  16.9107   0.0127
54638.723  17.5008   0.0321
54650.585  17.8187   0.0266
54656.468  18.1938   0.0106
54661.632  18.4579   0.0750
54664.419  18.5706   0.0255
54671.413  18.7984   0.0121
filter Inot
54613.600  17.0612   0.0242
54624.393  17.4315   0.0161
54638.723  17.7630   0.0440
54650.585  17.7020   0.0338
54656.468  18.1115   0.0241
54661.632  18.4601   0.0732
54664.419  18.6476   0.1046
54671.413  18.8498   0.0234
