2000ca	0.02362	203.84583	-34.16028
filter Bs
51663.76	15.869999999838214	0.015000479849806736
51664.77	15.910000002598174	0.03000381873304418
51669.71	15.880999988930668	0.054022264930679166
51672.76	16.049999989492342	0.011000182319099014
51675.62	16.21800000733967	0.02100130389489963
51676.69	16.3150000107276	0.018000831211322423
51677.68	16.40199999863789	0.018000826537715193
51681.69	16.803000001472576	0.02400194876025613
51682.69	16.97900001407627	0.024001960580617588
51683.7	17.048000000563714	0.02000112110946848
51699.63	18.484999981084073	0.018000858747510447
51705.59	18.780999974988987	0.023001809374555943
51711.61	18.912999898846614	0.03500593711520386
51730.53	19.2429998941301	0.025002012871797857
51738.54	19.374000012440998	0.0530211372960897
51745.5	19.481000243802033	0.03900848841397314
51752.54	19.53600014094628	0.028003026655914975
51757.51	19.758000345100744	0.04301127290101246
filter H_K
51663.2	16.85000051229528	0.04801564994768812
51664.1	16.710997667054613	0.08709292202568243
51665.2	16.814998160975847	0.05702610860905171
51666.2	16.840998584435724	0.033005055148941406
51667.2	16.833997368428577	0.031004144124208606
51668.2	16.923003073281365	0.04000916568279776
51675.0	16.964003167518122	0.02800317602161142
51677.2	16.904000196207797	0.03200463955777231
51681.1	17.001997528304045	0.028003014340599246
51684.0	16.81300105918289	0.02800312841156504
51687.2	16.73799843154744	0.025002167392988064
filter Is
51663.76	16.081000006623157	0.019000971501796863
51664.77	16.045000002387965	0.01100018362759955
51669.71	16.144999984527693	0.028003101986310917
51672.76	16.391999984300682	0.021001300954748572
51675.62	16.625000018704895	0.011000183486662301
51676.69	16.68099997950375	0.010000132477688706
51677.68	16.75599999917084	0.011000193239968526
51681.69	16.93000002032383	0.01200026122727519
51682.69	16.94799999797143	0.015000480346342486
51683.7	16.896000019646152	0.013000307016252608
51699.63	16.75599999917084	0.01000015328836616
51705.59	17.112999984810706	0.019000967602141528
51711.61	17.448000008048325	0.024001954498827607
51730.53	18.351999945449517	0.031004189464262838
51738.54	18.62200009325541	0.036006474515254974
51745.5	18.832000104529776	0.04100980490293152
51752.54	19.187999982649348	0.07606186226228452
51757.51	19.43099980378973	0.07205272766422152
filter J_K
51663.2	16.39199904514981	0.045012895012409
51664.1	16.4250019378542	0.031004270687068874
51665.2	16.36400082364085	0.029003462660546025
51666.2	16.571997744177047	0.04100966775559111
51667.2	16.571997744177047	0.037007091666723134
51668.2	16.58799892003683	0.03700712727340336
51675.0	17.35599637673528	0.04301106372845819
51677.2	17.66800032393216	0.04601377876162264
51681.1	18.003000606160647	0.04601380391431868
51684.0	18.0419996536128	0.045012864167209114
51687.2	17.849000745109073	0.04601377715859341
51688.0	17.774000553364118	0.058027612919797314
filter Rs
51663.76	15.759000001258705	0.023001720485777737
51664.77	15.825000002987926	0.019000975621357503
51669.71	15.778999993962511	0.015000486198693406
51672.76	15.900000005571915	0.02100130661358425
51675.62	16.094000007388615	0.01200025470648146
51676.69	16.153000011091304	0.012000242097855034
51677.68	16.236000000289053	0.012000228955215622
51681.69	16.492999991339524	0.016000578886176325
51682.69	16.531000002692963	0.012000253241630237
51683.7	16.541000010390462	0.012000238908374618
51699.63	16.946999971695984	0.012000238176934516
51705.59	17.305000028403324	0.012000213374542143
51711.61	17.548999968064983	0.02300170651868722
51730.53	18.193000102303845	0.022001495553951766
51738.54	18.441000008360007	0.02300173976161967
51745.5	18.620999941898912	0.05001777363899943
51752.54	18.901999959144508	0.031004080477831254
51757.51	19.03100004716882	0.036006765440501395
filter Us
51663.76	15.335999996054884	0.03200463374708595
51664.77	15.366999994945287	0.05402226626623509
51672.76	15.882000000753823	0.044012043852739303
51675.62	16.108999997507837	0.04000905173215969
51677.68	16.292999988844354	0.028003094895539163
51683.7	17.162999974134614	0.05201986693791948
filter Vs
51663.76	15.858999990770258	0.012000247797066226
51664.77	15.8499999990852	0.031004210963100718
51669.71	15.874000005981312	0.01900097654343263
51672.76	15.941000008360007	0.012000241175537428
51675.62	16.074000009707504	0.012000239681569354
51676.69	16.09799998699386	0.022001495346888274
51677.68	16.168000008447315	0.01200023184087527
51681.69	16.446000012072677	0.012000228604708124
51682.69	16.527000016342726	0.015000490194141578
51683.7	16.549000019701765	0.012000243619696704
51699.63	17.3929999901262	0.012000285603841285
51705.59	17.71500005867057	0.02100125106163853
51711.61	17.93399996787791	0.03200467601862539
51730.53	18.455000111553737	0.016000685199195938
51738.54	18.633999965507165	0.041009725801629766
51745.5	18.822999840290507	0.023001633106354905
51752.54	19.006999910744533	0.020000955579521525
51757.51	19.137000054966247	0.02700274233901739
