2006ej	0.02038	9.74904	-9.01572
filter B
53981.21	16.078999885707255	0.007999982436340692
53986.18	16.56299995379518	0.010999901792724122
53998.16	18.05299991053063	0.01300035113045121
54001.1	18.33100109774513	0.014000102666710939
54003.11	18.502999119704093	0.01600125572478159
54008.1	18.814998698447443	0.018998889042878244
54012.09	18.925001937854205	0.04400177787913073
54017.24	19.031000491927497	0.05399816179867298
54018.2	19.15199767692266	0.03399793092646601
54025.14	19.153998227301486	0.01899784323191743
54040.11	19.419002843843646	0.03699762232007468
54046.24	19.54399903757456	0.08300233741161558
filter H
53980.22	16.88299982621365	0.07400025167718566
53999.18	16.672999995297022	0.04699998735012109
filter J
53980.22	16.634000193330643	0.0349999602056304
53980.22	16.65299997959051	0.03300018985432219
53999.18	17.243999784980332	0.03800027829011541
53999.17	17.157999680776108	0.036000220928122544
54000.17	17.050000178212947	0.050999927464756276
filter V
53979.24	15.850999975391547	0.007999881712095399
53981.21	15.916999952384225	0.010000002090670156
53986.18	16.20099993060668	0.010999917592669696
53998.16	17.03699979862499	0.008999644594154673
54001.1	17.283999863879018	0.01199983339343436
54003.11	17.4689995486985	0.009999885333687857
54008.1	17.790999703342145	0.012000143647763641
54012.09	17.9530006662923	0.015999230215363695
54017.24	18.16499978045255	0.029000321099561514
54018.2	18.15999930776934	0.015000823628878827
54025.14	18.37499900865787	0.014000592229421302
54040.11	18.734001274797055	0.0209993849687267
54046.24	18.869000385221398	0.03900068653647762
filter Y
53999.18	16.245000024145437	0.022999928580048373
53999.17	16.27999993461106	0.02699995374631485
54000.17	16.179000015615344	0.025999926462105746
filter g
53979.24	15.823000081809766	0.007000093303560647
53981.21	15.925000047854079	0.008000117302392057
53986.18	16.3260001155867	0.010000141805579435
53998.16	17.62400022969652	0.007999964211269028
54001.1	17.932999546528734	0.010999404661089701
54003.11	18.11700021450146	0.01099918813611104
54008.1	18.41799914896508	0.011000520545997131
54012.09	18.570998660577423	0.02300122019052799
54017.24	18.668999559167077	0.0319995860795051
54018.2	18.70700035484007	0.017998636063351513
54025.14	18.82000050885094	0.013000285098610577
54040.11	19.022000399728064	0.021000162790385756
54046.24	19.180999928438638	0.03999930246672637
filter i
53986.18	17.074000238270845	0.010999848923192137
54001.1	16.992000167281468	0.013000023190552733
54008.1	17.564999534903382	0.009999853036210992
54012.09	17.812999927272678	0.01600034436408867
54017.24	18.028999224608597	0.03599927197640078
54018.2	18.13800061128358	0.012999962152758284
filter r
53986.18	16.277000048488468	0.00899990826045339
54008.1	17.397999846858678	0.01000043597609718
54012.09	17.57500034994346	0.012000343906460731
54017.24	17.774000553364118	0.024000555132324197
54018.2	17.838999699824683	0.009999633813651564
filter u
53979.24	16.655999975510632	0.020000016369083266
53981.21	16.887000218622028	0.01899987273442924
53986.18	17.58000045205195	0.03200058698195368
54001.1	19.40800207527696	0.05100009545955527
54008.1	19.917999963045837	0.08800055789133301
