2006ax	0.01672	171.01442	-12.29144
filter B
53815.14	16.735000095895025	0.008999772329171932
53816.27	16.365000041013076	0.008000090391650873
53818.2	15.883999997795089	0.008999923515127954
53819.23	15.695999975949492	0.008999904110693933
53821.1	15.438000007605018	0.009000070366648719
53823.17	15.28699993461813	0.00699994127908252
53824.17	15.219000023881819	0.007000063504690414
53831.15	15.285999959166016	0.009000016011308176
53832.15	15.333999988291218	0.006999926735924512
53834.24	15.472000007661748	0.006999992533526829
53835.09	15.533999968958724	0.007999937233184852
53838.17	15.799999982584485	0.008000052385590657
53840.13	15.976000105211646	0.009000024588415522
53841.19	16.103999960274084	0.006999871944236941
53845.07	16.527000149279644	0.008000144250265904
53850.13	17.07900013043304	0.006000150407961493
53858.07	17.72499935371767	0.009000260260325054
53861.07	17.865000495498798	0.012000149488555496
53866.06	18.074000460980074	0.015000610661511215
53867.13	18.138999564707994	0.01999999717161103
53870.08	18.196999096519875	0.014000315215841342
53871.04	18.222000911920055	0.013000629129852531
53872.04	18.249000122876232	0.012998992613913964
53890.06	18.545999001647168	0.015998969266613802
53891.0	18.600000163782653	0.019999569617058507
filter H
53817.28	16.396000145799526	0.03199990930477659
53817.29	16.3260001155867	0.03100018183321097
53822.25	15.898999909012879	0.03899989756596268
53822.29	15.949999956948492	0.047000019263116394
53826.14	15.997999964363473	0.025000114290191767
53826.15	16.049000071336437	0.025000141501536257
53829.17	16.161999915457468	0.0340000879364148
53829.18	16.246000139759893	0.03800000946510531
53830.14	16.21299994565571	0.03300015536984067
53830.14	16.233999921526753	0.03100002008023977
53837.23	16.58300017676226	0.04500006219988204
53837.24	16.463000175921344	0.06199982757899451
53839.13	16.564999861174222	0.034999885399545634
53839.14	16.527999851947502	0.03399977787333653
53848.15	16.28199987649473	0.04700004418116084
53848.16	16.322999840290507	0.0649998334803186
53851.11	16.168999877824625	0.03899986547032579
53851.12	16.087999999077155	0.04000014755490595
53860.18	16.193999951762578	0.11300012527794479
53864.09	16.42499992090623	0.04500008445804834
53864.1	16.355999891230386	0.03899982733013597
53869.09	16.644999937156086	0.032000136438090736
53869.1	16.75799984046372	0.046000089813554704
filter Hdw
53833.14	16.409000167775513	0.026000109423507008
53833.15	16.42499992090623	0.026000048797983483
53835.08	16.504000141313465	0.026000152833001926
53835.08	16.482000057724207	0.025999830482984466
53843.16	16.50199983751488	0.025999929592529083
53843.17	16.508999867751243	0.025999866445207943
53845.1	16.417999931808335	0.026000092042827248
53845.12	16.435999807549372	0.0279999227224327
filter J
53817.28	16.266999883321944	0.021000118797136664
53817.29	16.188999957239623	0.020000087731585788
53820.32	15.84599993029694	0.020000110438401875
53820.33	15.8020000787665	0.01600006274417442
53822.25	15.694999920557162	0.013000088791241012
53822.29	15.672000044350469	0.013999992260644311
53826.14	15.748999906442814	0.013999994499098991
53826.15	15.753999975476559	0.015999982449647298
53829.17	15.966999874230831	0.023000057367693925
53829.18	15.935000036644977	0.01700008518042102
53830.14	16.015000097886478	0.017999978669971377
53830.14	16.038000033213606	0.018999939448279195
53837.23	16.94699990645443	0.04099974841385159
53837.24	17.030000318987913	0.037999710797391936
53839.13	17.319000231520015	0.044999757294670255
53839.14	17.332000071144517	0.04499954945582403
53848.15	17.32400016070816	0.06299962216013513
53848.16	17.278999674078293	0.05399959718430003
53851.11	17.212000039255223	0.04000037362745585
53855.09	17.008999881330926	0.027000246067645426
53855.1	16.973000224008125	0.04400011456087136
53860.18	16.831000142846527	0.037000016024014835
53860.18	16.850999775315675	0.047999842533181535
53864.09	17.054000246092684	0.02900034057901564
53864.1	17.06199989610647	0.026000224281086004
53869.09	17.493000071670927	0.03700034783718815
53869.1	17.51500053460254	0.037000361538799355
filter Jdw
53833.14	16.378999894874777	0.014000025107338073
53833.15	16.38599999899141	0.013999906080156941
53835.08	16.642000089565833	0.014000164797070919
53835.08	16.650999775817255	0.013999962115899508
53843.16	17.481999786921136	0.016000111688789558
53843.17	17.502999686161438	0.016999586961520263
53845.1	17.475999934690464	0.019000232248344934
53845.12	17.464000054985206	0.018000496343902828
filter V
53815.14	16.745999832116457	0.008999789276278081
53816.27	16.428000033794497	0.006999966105439658
53818.2	15.96899993736834	0.008999964985840428
53819.23	15.78299990724471	0.009999969458610421
53821.1	15.536999935902445	0.007999994898212537
53823.17	15.360999973743885	0.006999953764116738
53824.17	15.290000009801245	0.005999938786419237
53831.15	15.261000037914021	0.009000058953305549
53832.15	15.29400004849375	0.00600002179382101
53834.24	15.362999984697865	0.0059999504133013
53835.09	15.398999944060696	0.00599996495833086
53838.17	15.570000062724741	0.00600001796427422
53840.13	15.68699996290794	0.006999968907653814
53841.19	15.73999991844092	0.00600002019110652
53845.07	15.95699992823306	0.00599999806627793
53850.13	16.256000160702467	0.005999971223585077
53858.07	16.722000146544893	0.008000156484817547
53861.07	16.887000218622028	0.00800010887238745
53866.06	17.132999871233913	0.008999999934318667
53867.13	17.184999607283633	0.011000361878110205
53870.08	17.29900024467316	0.009999579811840685
53871.04	17.33099975669664	0.008999613276255673
53872.04	17.358999582316123	0.011999892978231787
53890.06	17.844999708398863	0.009999848553812609
53891.0	17.868999797549606	0.012000202929242549
filter Y
53817.28	16.278000146776193	0.02199996797491615
53817.29	16.30199995831933	0.025000004722692856
53820.32	15.872000075758939	0.016000034694554403
53820.33	15.861000090835137	0.019999998379287443
53822.25	15.768000090991897	0.014000022798213474
53826.14	15.886000051746008	0.017000043678148263
53826.15	15.925000047854079	0.01800000940896121
53829.17	16.221000062724762	0.01900008272160234
53829.18	16.233999921526753	0.018999903172610123
53830.14	16.29600005501365	0.017000123479287314
53830.14	16.289999996305227	0.02200009589229856
53837.23	16.68000002345951	0.022000027545935705
53837.24	16.730000005842406	0.03400022486975782
53839.13	16.71699978179462	0.016999945778051338
53839.14	16.70899994642658	0.02300008589162386
53848.15	16.31099997378356	0.016999822804512617
53848.16	16.32399986876767	0.017999983553909086
53851.11	16.139000083425643	0.016999868294284168
53851.12	16.147000139326146	0.017000060605562358
53855.09	15.923999984864919	0.021000045139605062
53855.1	15.933000041458449	0.02099997818907599
53860.18	15.73700008539201	0.015000082859735532
53860.18	15.756000020485612	0.016000075833984592
53864.09	15.92000005167732	0.017999899693838813
53864.1	15.88800010691741	0.016999901420432117
53868.14	16.161999915457468	0.01900006776504068
53868.15	16.153999921132637	0.021999982149421168
53869.09	16.1860000998012	0.02100012178222719
53869.1	16.183999943332168	0.01999995314552361
filter Ydw
53833.14	16.59800022519224	0.01600013677772666
53833.15	16.584000047402082	0.01600016177682444
53835.08	16.7049998366479	0.016000236189900333
53835.08	16.689000083792216	0.016000245041077554
53843.16	16.703000083674567	0.01599997524917729
53845.1	16.578000191474537	0.016000230130604646
filter g
53815.14	16.661000248013387	0.008999891189309887
53818.2	15.837000011186468	0.009000039020751508
53819.23	15.633999946220598	0.010000001056771476
53823.17	15.231999948011177	0.008000043627232755
53824.17	15.1670000210658	0.00700003512057206
53832.15	15.237999959340335	0.005999992991647804
53834.24	15.348999996432104	0.0069999774978658615
53835.09	15.400999944076014	0.006000031801941925
53838.17	15.606999948570513	0.0070000830759113794
53840.13	15.753000029496317	0.005999955177540395
53841.19	15.83800008478875	0.0069999815420358925
53845.07	16.19600001168695	0.006000156120848675
53850.13	16.65799992168224	0.00800015782492138
53858.07	17.311999706877298	0.0060000610583790985
53861.07	17.483999639264812	0.008000361965442336
53866.06	17.701000053626395	0.010999801573359613
53867.13	17.7579998867379	0.012999967671559306
53870.08	17.81800012397342	0.010000173164766172
53871.04	17.85700056234583	0.008000701367135954
53872.04	17.868999797549606	0.010000677504708105
53890.06	18.217999170197338	0.011000835661437247
53891.0	18.20600055301552	0.011000590231667969
filter i
53815.14	17.078000074903205	0.010999962606722103
53818.2	16.235999864712596	0.010999995251554897
53819.23	16.072999862956898	0.010000071008411672
53823.17	15.78299990724471	0.00799993090323145
53824.17	15.777999952035834	0.008000075399750365
53831.15	16.002000013829306	0.010000124591323182
53832.15	16.037000095641076	0.008000050716442447
53834.24	16.153999921132637	0.008999878411868924
53835.09	16.222999959217653	0.005999859992184186
53838.17	16.496999839582422	0.007999794438507186
53840.13	16.63000007272735	0.008999912124110493
53841.19	16.67700022530976	0.007999953179419391
53845.07	16.655999975510632	0.0069998560209873495
53850.13	16.529000032010018	0.007000046807649639
53858.07	16.477000125698986	0.00800020382666967
53861.07	16.616999791422426	0.006999848540704606
53866.06	16.965999768781728	0.011999924274173356
53867.13	17.015999717228645	0.010999820217263987
53870.08	17.188000378145425	0.007999819392447927
53871.04	17.23599975008521	0.008999954064803983
53872.04	17.278999674078293	0.012999656976802113
53890.06	18.025000003277803	0.012000246896952867
53891.0	18.026000631544953	0.013999390731889709
filter r
53815.14	16.80399980364282	0.009999766936779026
53818.2	15.984999981084076	0.008999891408400108
53819.23	15.81099998473576	0.009999979366938411
53823.17	15.416000041896403	0.0070000796043964844
53824.17	15.338999996549763	0.00899996961696183
53832.15	15.346000004718075	0.007000074478827868
53834.24	15.439000006276828	0.007999933076952084
53835.09	15.485000060219944	0.005999991253690458
53838.17	15.710999964494928	0.006000086318320082
53840.13	15.844000105511892	0.006000094338762186
53841.19	15.88800010691741	0.0060000375583625365
53845.07	16.015000097886478	0.005999900717121728
53850.13	16.073999951315372	0.006000083023011957
53858.07	16.35700010471435	0.008000090116047284
53861.07	16.52999980123998	0.0069998303342942
53866.06	16.835999929027416	0.00900010644327819
53867.13	16.889999691616186	0.00899971716711321
53870.08	17.0230001916584	0.007000000639568367
53871.04	17.04799992896185	0.008000075586514594
53872.04	17.08199992536661	0.010999927431179567
53890.06	17.708999373400353	0.009000220837165429
53891.0	17.737000330702237	0.009999789599686016
filter u
53815.14	17.66800032393216	0.019000063556848204
53818.2	16.335000140293037	0.015000128904387894
53819.23	16.09599985338186	0.014999930015776595
53823.17	15.628999989911064	0.013999937597706104
53824.17	15.590999925117375	0.012999909924164792
53831.15	15.910000077906952	0.01600010316870205
53832.15	16.041000002149765	0.013000093264868215
53834.24	16.271000174839862	0.014000066256967187
53835.09	16.34600009908724	0.014999839900728909
53840.13	16.994999813874653	0.016000232575274193
53841.19	17.154000076909313	0.015000329836377899
53845.07	17.699999701210736	0.015999572789541734
53850.13	18.34099971962393	0.018000078848142333
53858.07	18.928998812396216	0.02500119726876631
53861.07	19.129997636634336	0.031001684904578886
53866.06	19.24000229139334	0.04099844119828386
53870.08	19.436998263671445	0.05300105468517071
53871.04	19.33499730432794	0.03500210808501455
