2006cp	0.02229	184.81208	22.42722
filter Bs
53885.172	17.558000001157588	0.019816898654012146
53886.201	17.19899996477771	0.01686757865864927
53888.164	16.755000009488732	0.015882697950919056
53890.255	16.41099998348537	0.017851616637503512
53894.273	16.10299999327307	0.022758087658796482
53899.208	16.124000015233683	0.018834726650695344
53928.155	18.624000106949786	0.0649747481762124
filter H2m
53900.19	16.966061649096734	0.10676444612290704
53901.167	16.844109680346087	0.08272282514779034
53902.164	16.90710071144892	0.12420861368916743
53904.205	17.08632212282926	0.09567884974661606
53905.205	16.995827621794817	0.12063129766059484
filter J2m
53900.19	17.135906166542075	0.10922061976473248
53901.167	16.95889639987225	0.0758382297254316
53902.164	17.085405271269707	0.0893495129327111
53904.205	17.57627104722734	0.16420122108967244
53905.205	17.4872863836533	0.13493365156460443
filter Ks2m
53900.19	16.05736825192344	0.1393601602883542
53902.164	16.16572821535201	0.09962456882995452
53905.205	16.59303006093211	0.26255511052807196
filter Us
53885.175	17.737999959340335	0.0479107226963744
53885.179	17.795000014283232	0.05077441880289717
53886.205	17.458999952961122	0.0498207190355145
53886.209	17.417000010042656	0.04599728235843387
53888.167	16.80899997381893	0.04886617313620332
53899.211	16.301999994337717	0.049820747568194684
filter Vs
53885.17	17.484999984726276	0.02177862321969194
53886.198	17.160999984697227	0.014896885296577551
53888.161	16.743000002262114	0.01489686181768337
53890.252	16.381999998065496	0.016867608384631708
53894.27	16.069000006564508	0.015882688742072305
53899.205	15.968000001341531	0.015882697530659674
53928.152	17.34699997562823	0.02764201906739228
53934.14	17.767000056078032	0.0982652413201501
filter i_40
53885.167	17.799999964259793	0.025691172172982002
53886.194	17.417999963045837	0.02275812620245669
53888.158	16.980999974534274	0.022758104217506594
53890.247	16.66900000524702	0.017851589103325988
53894.265	16.579000021674304	0.018834732923503256
53899.2	16.646000000481195	0.02861612483837202
53928.147	17.07400001825922	0.0286161022750267
53929.149	17.15900002434855	0.023736650656639272
53934.152	17.619000008312863	0.03927218697095192
filter r_40
53885.168	17.38599995690994	0.02079823742575509
53886.196	17.08199999924617	0.01489685350503969
53888.16	16.674000016467154	0.020798190584031238
53890.25	16.357999988953285	0.017851624386210633
53894.267	16.090000013771295	0.016867600382502453
53899.202	15.958999994871427	0.023736692285738156
53928.15	16.96000001532822	0.019816941547125076
53929.151	17.03499998783056	0.03347314665036103
53934.137	17.419000031698076	0.0479107355176435
53934.155	17.444999972982792	0.039272149931617484
