2008fl	0.01988	294.18683	-37.55125
filter B
54723.99	16.38299985945765	0.007999936420788155
54725.0	16.428000033794497	0.006999966105439658
54725.99	16.485999835782447	0.0059998509620819524
54727.99	16.652000162881265	0.009000174828233124
54728.99	16.75299989691921	0.009000160804198997
54732.03	17.084000208877203	0.01100022733354011
54739.0	18.04100026109085	0.008999329345614844
54740.0	18.159000775631547	0.011000718017985906
54742.01	18.344000341736105	0.012000191288412185
54743.99	18.537999185897586	0.018999642182037476
54747.01	18.773001126878412	0.019000444954213498
54749.0	18.932998263619588	0.024000321977488834
54752.01	19.08799892003683	0.028002003545371624
54753.0	19.127000513925005	0.04199903228286615
54756.01	19.258002581373933	0.019997706135774614
54759.01	19.333997368428577	0.017002843442213818
54760.01	19.402001644864246	0.019998427154399995
54765.02	19.522001450746203	0.02199994743657094
54768.01	19.545998355079654	0.019997300470086864
54776.03	19.629002421150577	0.03700023333394907
54779.02	19.765002017826518	0.03699713995354283
54783.02	19.69400152407247	0.07500291519788006
54789.03	19.90099877828616	0.044996598442694984
filter H
54731.06	17.009999864717802	0.035000330428996855
54733.05	16.938000050656587	0.03299981818874271
54738.03	16.680999928438638	0.02199987168226102
54741.04	16.56699978111989	0.02799985532573707
54743.04	16.46399991230456	0.02499990225954973
54748.04	16.481000181412284	0.026999948777717483
54750.04	16.631999999260557	0.027999880374773113
54767.0	17.485000413062092	0.0829997184117717
54771.0	17.763999363815437	0.11600033347926335
filter Hdw
54725.04	16.735000095895025	0.011999875335914798
54726.07	16.74400003506196	0.013000246145754759
54727.99	16.888999770928873	0.01700010370862878
54728.99	16.932999689454412	0.013000287281795184
54745.0	16.43199986077869	0.013000067038294759
54751.97	16.771000189448202	0.02599998019254054
filter J
54731.06	17.633999535361355	0.03700052942968769
54733.05	17.81800012397342	0.04000069265906469
54738.03	17.612000508057374	0.03299991136607898
54741.04	17.472000386409015	0.03800040741438993
54743.04	17.37199999321201	0.033999610444585326
54748.04	17.047000111496825	0.028999959811991185
54750.04	17.14600013131433	0.02899990111238015
54771.0	18.44299928147896	0.15600053714466633
54780.01	18.99999845755905	0.15399802341313765
filter Jdw
54725.04	16.65899977671836	0.005000076580997403
54726.07	16.801999977418372	0.0060002362035110725
54727.99	17.135000250237198	0.010000253943153976
54728.99	17.345000242684932	0.01099993956303681
54745.0	17.258000345100744	0.010999994469351569
54751.97	17.313000025537384	0.015999678439415476
54756.99	17.829000261841813	0.012999422216939628
filter V
54723.99	16.168999877824625	0.006000003815249568
54725.0	16.183999943332168	0.007000080528107566
54725.99	16.197000117051537	0.0049998877590501575
54727.99	16.276000167245613	0.007000166769312968
54728.99	16.3089999578582	0.005999962579557612
54732.03	16.520000148475958	0.006999937924521672
54739.0	17.023999852132718	0.006000024554949346
54740.0	17.103000290562495	0.006000186344942185
54742.01	17.226999740474803	0.006999689035628463
54743.99	17.35099964011266	0.011000313113624201
54747.01	17.56399943399078	0.009000218974736657
54749.0	17.71200051986644	0.010000502325435829
54752.01	17.919000783291843	0.019000371605223467
54753.0	17.96600083125237	0.0170007970030542
54756.01	18.129999227038574	0.010999771360451037
54759.01	18.250999643614932	0.010999907667542708
54760.01	18.270999026338025	0.010999001803740709
54765.02	18.428001181552652	0.018001084743746117
54768.01	18.47999875617854	0.012999093174505911
54776.03	18.72399944688381	0.019000014846211322
54779.02	18.802001399055904	0.017998413659733387
54783.02	18.862998334020773	0.02900163171206502
54789.03	18.991002042916033	0.042001284489516115
filter Y
54731.06	16.96200030871958	0.009999771045897504
54733.05	16.87999997443305	0.01100022263947152
54737.02	16.667000179292465	0.008000208735791336
54738.03	16.594999913860004	0.008999831226757328
54741.04	16.44399984681979	0.00900003196903758
54743.04	16.373999982166023	0.008000096687003268
54748.04	16.127999867486537	0.007999852076069819
54750.04	16.1860000998012	0.00799990767051612
54767.0	17.13999984642834	0.016999637395059622
54771.0	17.409999623855974	0.03400039870021619
54780.01	17.887999660166024	0.02499993288260406
54784.0	17.978999877229928	0.05199982392176533
54787.0	18.303000941564555	0.048999376895668974
filter Ydw
54725.04	16.831000142846527	0.006000256136241112
54726.07	16.89799995407156	0.0059999069652171945
54727.99	16.981000243802033	0.005999959570883001
54728.99	17.009999864717802	0.00599989861254439
54745.0	16.248999851548298	0.004999914987954757
54751.97	16.32799999619983	0.006000005991773958
54756.99	16.621999761839827	0.00700023779405072
filter g
54723.99	16.205000040112616	0.0049999711331382675
54725.0	16.23500010988701	0.003999887735746136
54725.99	16.289000177173552	0.00499999768599138
54727.99	16.40500006808801	0.00499983570936673
54728.99	16.47899979529407	0.0050001768093786425
54732.03	16.75600027275716	0.005000064224796366
54739.0	17.561000052781914	0.005999672014496468
54740.0	17.664999395214675	0.00599989029746528
54742.01	17.865999321035993	0.008000364840009808
54743.99	18.04100026109085	0.008000396640253706
54747.01	18.30200053328801	0.010999422774363414
54749.0	18.444001206834244	0.01799894767358155
54752.01	18.582999167539967	0.030999333626448185
54753.0	18.739999270322308	0.017999555886422425
54756.01	18.807001448270803	0.010001449305629885
54759.01	18.939998184845283	0.02000011316640581
54760.01	18.919999343131263	0.021000311953153952
54765.02	19.049001511941384	0.012001232330273861
54768.01	19.085999280229984	0.025999466042579182
54776.03	19.234999559204102	0.01899885401451186
54779.02	19.271000744232943	0.03599999096940023
54783.02	19.487998129279074	0.08899932471998795
54789.03	19.46499769258942	0.01499767573073478
filter i
54723.99	16.580000028978766	0.006999832636533976
54725.0	16.613999878108707	0.007000218261176026
54725.99	16.650999775817255	0.006999981057949754
54727.99	16.75499995482185	0.00899980873972951
54728.99	16.8330001147576	0.010999997244401828
54732.03	17.00200027356651	0.006999741811714059
54739.0	16.952999756461654	0.006000057600155316
54740.0	16.942000231975033	0.005999974157979949
54742.01	16.94600021384018	0.0069998421713342715
54743.99	16.947999867368086	0.006999685669178357
54747.01	16.994999813874653	0.008000116287637096
54749.0	17.11300006083009	0.00800027993894185
54752.01	17.448000215040704	0.05300040421526702
54753.0	17.478000459568282	0.010000141688303767
54756.01	17.65300043795049	0.009000300122338736
54759.01	17.816999403814698	0.00800061909362298
54760.01	17.840000123972274	0.009999942012177224
54765.02	18.07100006725537	0.009999140739603934
54768.01	18.18399913330301	0.011998977281606517
54776.03	18.52300126216592	0.022000976352696537
54779.02	18.59899885294914	0.016999499206340325
54783.02	18.822001832694323	0.028000347083041468
54789.03	18.918001534996893	0.023999750434087426
filter r
54723.99	16.091999979249167	0.004999994705029355
54725.0	16.101000004419216	0.005000009180166429
54725.99	16.127999867486537	0.005000099327971988
54727.99	16.218999839102043	0.005000126627193833
54728.99	16.293999924368116	0.005999873958707686
54732.03	16.482000057724207	0.0059998954756832375
54739.0	16.735000095895025	0.003999958445304932
54740.0	16.752000157582785	0.003999842605310528
54742.01	16.818999939686744	0.005000145958531082
54743.99	16.899000087250982	0.005999818558409809
54747.01	17.070999762350024	0.006999734074653404
54749.0	17.212000039255223	0.006000097682547819
54752.01	17.48799969069657	0.033999791765574064
54753.0	17.522000178487588	0.007999476905603188
54756.01	17.697000256974825	0.006999458762787627
54759.01	17.824000479645132	0.007000284374061333
54760.01	17.85700056234583	0.00700061369624396
54765.02	18.038000462891702	0.007999707550125468
54768.01	18.129000765058763	0.008999468000236942
54776.03	18.40200119734895	0.010999099423018837
54779.02	18.46499926351205	0.013000314571383365
54783.02	18.58999873970354	0.021001365085841592
54789.03	18.790999667326737	0.01299992513373378
filter u
54723.99	17.186999741942635	0.01600036242313346
54725.0	17.278000092600895	0.015000096726029154
54725.99	17.400999769401118	0.014999540582900593
54727.99	17.638000281614374	0.017000324226059647
54728.99	17.786000524342924	0.017999476215430858
54732.03	18.254000410341497	0.01799906337712638
54739.0	19.374999639796766	0.03199914214374202
54740.0	19.560003500794522	0.04899887065109237
54742.01	19.702000540541846	0.039004088977236256
54743.99	19.856995253543325	0.03499581010269852
54747.01	20.15300043795049	0.07800260106026903
54752.01	20.24400000830728	0.14399363510827018
54753.0	20.519003264521317	0.14499598031317737
54756.01	20.570002999325556	0.06600019258080725
54760.01	20.661002750754548	0.06700030219435736
54765.02	20.68900308564185	0.06100930215928449
54768.01	20.81500699487216	0.07399087765764739
54776.03	20.773004108495098	0.10499344362063512
54779.02	20.968994106331174	0.14699475128377565
54789.03	21.301997797218043	0.14799927233781693
