2008ia	0.02194	132.64646	-61.27794
filter B
54809.27	16.79100017597386	0.008000103809181723
54810.35	16.713000122053664	0.00799985536464364
54813.22	16.7049998366479	0.008000118094950166
54814.29	16.710000182932	0.007999809834777317
54818.24	16.895000095102088	0.00900021557481785
54821.29	17.154999980255468	0.007999750616772487
54830.21	18.274000288218858	0.013000574264998508
54831.24	18.380999842282876	0.014999624261294217
54834.25	18.672999697373577	0.021000279614462224
54838.27	19.090998251576274	0.022998464245311684
54839.22	19.17400108194355	0.03000078590764567
54840.21	19.291000741072814	0.03600246372553267
54841.22	19.35200115437396	0.04400090402854401
54855.33	19.894004266029647	0.04500307882404111
54856.23	19.885001686894032	0.047004653589458566
54858.26	19.82999943463707	0.04600105083006867
54889.13	20.45000566622306	0.043992126718090364
54894.11	20.642990853827087	0.0439908666581625
filter H
54811.24	16.50099998429648	0.08499988699780318
54812.34	16.55600001817329	0.04899985988887521
54812.35	16.52199995864093	0.06200007735654472
54815.29	16.793000206348456	0.05400020149205707
54815.3	16.74800006041828	0.07799987477583939
54816.27	16.719000126540568	0.05299982499452277
54816.28	16.70899994642658	0.06500010604374531
54823.23	17.003999981248565	0.08800014449434898
54828.24	17.03400004833763	0.06900011204192774
54828.25	16.947999867368086	0.07500027040549237
54833.22	16.70400002134199	0.03999976163037807
54833.23	16.661000248013387	0.043999802257184244
54847.26	17.06100015262632	0.08799997795482258
54847.27	16.911999807576812	0.09699988858114039
54854.35	17.53099966812986	0.10499952970246246
54854.37	17.604999438102134	0.10699959055242257
54857.24	17.735000594783653	0.12000045013687999
54857.25	17.779999416995192	0.1309997462046962
filter Hdw
54840.23	16.992000167281468	0.01499997444877398
54840.24	17.011999828080437	0.01499969537850878
54841.18	17.078000074903205	0.01600014635855985
54841.19	17.08799997920367	0.014999685057496517
54843.2	17.222999816658763	0.019999839249913623
54843.21	17.23599975008521	0.021000176611716492
54872.22	18.55199915944786	0.07800054322991615
54872.23	18.56599941556634	0.09699890301058606
54874.17	18.66599876960681	0.10900103188622946
54874.19	18.53300025147789	0.07999871489450132
filter J
54811.24	16.246000139759893	0.041999920441065174
54811.24	16.337999924984054	0.07199981063773113
54812.34	16.35199992865484	0.03799988461484873
54812.35	16.227000080874586	0.04500016476981762
54815.29	16.943999682086858	0.03399984814586569
54815.3	16.939000172316405	0.02999998700437154
54816.27	16.977000243221855	0.030000142349439336
54816.28	16.95599999056141	0.03200026656163683
54833.22	18.06999932857578	0.10000023178677245
54833.23	17.801000316483922	0.0999996626120155
filter Jrc2
54847.26	18.21700050974861	0.08500051874185978
54847.27	18.333000952400283	0.10000069579922645
54854.35	18.70300143113441	0.07500137354145212
54854.37	18.877998532191484	0.08799894238044477
54857.24	19.083998646378923	0.12399980949011497
filter Jdw
54840.23	17.621000587180106	0.01200021671076042
54840.24	17.655999676562345	0.01400033673870485
54841.18	17.7579998867379	0.016000383894028084
54841.19	17.738000229707755	0.013000618909849307
54843.2	17.931000173164215	0.01299930906988838
54843.21	17.939999624219347	0.013999792876365122
54872.22	20.276997944012624	0.17500528459802636
54874.17	20.095000580802708	0.14200057782646816
filter V
54809.27	16.687999982649348	0.0080002091171215
54813.22	16.542000202824937	0.009000128551347237
54814.29	16.542000202824937	0.008000014426182554
54818.24	16.65899977671836	0.00800002244799895
54821.29	16.80700015815507	0.008999748185636244
54830.21	17.41699970829388	0.010999747217303448
54831.24	17.480000413634446	0.010000458548171708
54834.25	17.641999737609133	0.011999457465525705
54838.27	17.98599981175665	0.016000333746306508
54839.22	18.08299970346969	0.013000504168545094
54840.21	18.13800061128358	0.014000410164514221
54841.22	18.244999156400283	0.01700084853518283
54845.36	18.52300126216592	0.020000887593360484
54856.23	18.918001534996893	0.02300176481984431
54858.26	18.91599939496719	0.026999983956582
54889.13	19.791001605434708	0.02799715720156329
54890.25	19.779004102970184	0.03599810674479937
54894.11	19.9370016821584	0.02699638495798659
filter Y
54811.24	16.64800017032797	0.02200010326044089
54811.24	16.63700005496625	0.03100024271216361
54812.34	16.78100004401786	0.018000240065393434
54812.35	16.768999815722257	0.01599988583585884
54815.29	17.063999969049647	0.01899967510110015
54815.3	17.06100015262632	0.026000207585858196
54816.27	17.051999807344856	0.02599972756764709
54816.28	17.142999751279973	0.01999992870733236
54823.23	17.526999711090696	0.028000500253624782
54823.22	17.49599992527326	0.030999523179697452
54828.24	17.339000113446662	0.027000064106702814
54828.25	17.347999573160813	0.02799973117460594
54833.22	16.825000079684685	0.023999946256028512
54833.23	16.87500025035107	0.023000197702072334
54847.26	17.081000056685042	0.022000271468860615
54847.27	17.10799963544617	0.024000278225707446
54854.35	17.514000331123157	0.02699965770512539
54857.24	17.593999702970848	0.03800044158715215
54857.25	17.653999680934746	0.028000440819859588
filter Ydw
54840.23	16.648999779408857	0.010000197971559998
54840.24	16.616999791422426	0.01099996831544426
54841.18	16.694999939800965	0.009000125885726457
54841.19	16.724000170586102	0.008999902285407757
54843.2	16.835999929027416	0.00900010644327819
54843.21	16.836999943122493	0.008000260802210996
54872.22	18.5350010073999	0.031999359294842
54872.23	18.58600020789072	0.03499956073741097
54874.17	18.6599998353495	0.03400135006896278
54874.19	18.759998518404444	0.03599958328540354
filter g
54809.27	16.6619998603908	0.0059999342798348915
54810.35	16.603000232185455	0.0060000628505932395
54814.29	16.496999839582422	0.021000160851857942
54818.24	16.731999848517503	0.007999784608193544
54821.29	16.938000050656587	0.00900018569870615
54830.21	17.809000697331985	0.009999888561000484
54831.24	17.940999837387942	0.010999265446968992
54834.25	18.244999156400283	0.012000218429514518
54838.27	18.683999943332168	0.01799937626792544
54839.22	18.764001221058898	0.017998452346187147
54858.26	19.37600141058324	0.03400259052635442
54889.13	20.03100190249748	0.021997371890402396
54894.11	20.09599645159976	0.020994047088879905
filter i
54809.27	16.835000246674568	0.012000082756740606
54810.35	16.84000020298284	0.011000204494507879
54813.22	16.919000300617732	0.009999952583155522
54814.29	16.971000057624465	0.015999941073536247
54818.24	17.101999716393337	0.01299996738047151
54821.29	17.39200018084868	0.022999674498374024
54830.21	17.5300002497697	0.018000227987477066
54831.24	17.542000247364633	0.013999779243416015
54834.25	17.45200045857907	0.01699967086796395
54838.27	17.449999531387625	0.018999598154561627
54839.22	17.546999973888486	0.01399977095276737
54840.21	17.6160005980966	0.01700002352050826
54841.22	17.743000003422782	0.017000405034313236
54856.23	18.506000594346617	0.04400117552427979
filter r
54809.27	16.552000078383983	0.008999970845541317
54810.35	16.518999863507187	0.010000002786913209
54813.22	16.412000178217067	0.005999947535926299
54814.29	16.41700000347904	0.00900001731114969
54818.24	16.531999879928705	0.009999816463865713
54821.29	16.836999943122493	0.021999832873640796
54830.21	17.19800024263972	0.009000346009078607
54831.24	17.21499964762715	0.009999993117806593
54834.25	17.265000268967615	0.009999967170844946
54838.27	17.623000238409965	0.04800058762050943
54839.22	17.58400028712494	0.012000520095808613
54840.21	17.66699951456024	0.011000031968368223
54841.22	17.729000599719782	0.013999362158848944
54856.23	18.476000638736267	0.01800112507145577
54858.26	18.459000283751152	0.026999753091513708
filter u
54809.27	17.481999786921136	0.014999504023275588
54810.35	17.417999963045837	0.011999526936355087
54813.22	17.39500030510066	0.018000011412481046
54814.29	17.514000331123157	0.016000285970677586
54818.24	17.823000063907497	0.01700069656813431
54821.29	18.15299907315771	0.016000010199583328
54830.21	19.563999969049647	0.043003050922978035
54831.24	19.658999310564734	0.04100290125274494
54834.25	20.118999766012386	0.06000570662657489
54838.27	20.501993359248686	0.08200773461470978
54839.22	20.530003547113623	0.11599277070188761
54840.21	20.344000630906272	0.1480041253792055
54855.33	21.089992813826626	0.11999867998227334
54856.23	21.259995053246506	0.15399137311923936
54858.26	21.125990028889696	0.1339980223932076
