2009aa	0.02731	170.92617	-22.27069
filter B
54869.18	17.222000032781057	0.009999960802570823
54870.33	17.006999915393294	0.008999836592376404
54871.29	16.828000059340276	0.009000105764801234
54872.29	16.724000170586102	0.008999902285407757
54873.27	16.61100009171611	0.00899986514404794
54874.21	16.54400002524816	0.00799990944385419
54878.26	16.415000107452556	0.008999842117764764
54879.29	16.42300014637963	0.005000069419949828
54883.27	16.594999913860004	0.007000025986403796
54884.23	16.66899980323172	0.012000213024061622
54888.15	17.02100013553833	0.008999999829217686
54898.18	18.246000175010003	0.019000065224796216
54900.19	18.446999555740145	0.024999129164656003
54902.17	18.642998654224737	0.03599935132459257
54908.17	19.083998646378923	0.021001323564215392
54911.24	19.324998330461373	0.025002211740586436
54914.16	19.404997714828053	0.03100005269508042
54915.15	19.42000152034217	0.02800126196272021
54917.23	19.557003139139557	0.03399807018217506
54928.1	19.763996888542657	0.057003771612864455
54931.14	19.824997740494137	0.08099819418422848
54938.15	20.00300077490202	0.04800259643394361
filter H
54868.27	17.29199978752675	0.0449998068014761
54868.28	17.375000439611476	0.057000236307508084
54875.28	16.97900008126932	0.04300019211205554
54875.28	16.971999680222716	0.050000139777061366
54882.2	17.340000333705667	0.06399955424210527
54882.21	17.284999642768305	0.060000109678772284
54886.23	17.400000194221626	0.06900034105213304
54886.24	17.589999494852307	0.08700044491079427
54887.23	17.65300043795049	0.07500000093612215
54887.24	17.45599985562736	0.07199991270243485
54891.28	17.416000374197182	0.07200034924235839
54891.29	17.589999494852307	0.06199943577412357
54892.26	17.68200025690352	0.09499941435039877
54892.27	17.510999753310188	0.08199945033571604
54894.16	17.679000126612145	0.13500003675189612
54894.17	17.361999644162527	0.08699971755221966
54899.24	17.191999906996426	0.0500000520136151
54899.25	17.15199987656149	0.05299985440719488
54901.15	17.07900013043304	0.06300010576925187
54901.16	17.233999994876292	0.07800025637905388
54907.26	17.1720002881606	0.052000270394627145
54907.27	17.06100015262632	0.05599972246453555
54913.23	17.29599991865609	0.060999792606444794
54913.23	17.493999462127825	0.06599985432318159
54921.26	17.83300020604807	0.08000035707245123
54921.27	18.027999361711053	0.12100011531005397
54929.19	18.264999312477705	0.16800092470799768
filter Hdw
54872.28	17.01400001251913	0.015000290045719209
54872.29	17.019999742937983	0.014999675736796789
54873.26	16.95999981724598	0.015000106484235429
54873.27	17.000000131846114	0.013999749560656229
54956.14	19.35399950116106	0.09899727635730987
filter Jrc2
54868.27	17.35299955876857	0.024000278905094256
54868.28	17.31700045129014	0.025999818561101312
54875.28	16.720000094657266	0.015999978676098706
54875.28	16.69900017141255	0.018000237286716392
54882.2	17.16499974677034	0.028999857761293782
54882.21	17.17900021252781	0.02500016988713546
54886.23	17.741000041390237	0.040000379466630306
54886.24	17.69800045424959	0.04000026579487814
54887.23	17.951999219543346	0.04700019890494464
54887.24	17.91100025226972	0.05000026890557684
54889.24	18.198000169861754	0.06600012332323632
54889.25	18.106999758670817	0.06299921746670865
54891.28	18.14300066887963	0.10000013332752715
54891.29	18.40699890728247	0.09999935080103625
54892.26	18.2330007880723	0.05900044805819265
54892.27	18.376998850487055	0.06400033852055828
54894.16	18.11300004716297	0.07299906149006673
54894.17	18.127000788567315	0.062000232620197035
54899.24	18.055999823495043	0.05300048137985811
54899.25	18.087000648684455	0.0549998261873781
54901.15	18.117999206275414	0.06900052042380575
54901.16	17.91000035867559	0.05699937679526236
54907.26	17.810999916797005	0.04400021331280689
54913.23	17.887000557275364	0.04300058980173635
54913.23	17.94500011516189	0.054000303719173484
54921.26	18.667999435391778	0.09000153212127844
54921.27	18.582999167539967	0.07100113280177373
54929.19	18.85599913412886	0.10600174749362702
54929.19	18.79199847521707	0.11200003718884254
54939.23	19.271000744232943	0.13699857867134674
54939.24	19.412998383360435	0.18900100689774302
filter Jdw
54872.28	16.861999708357207	0.010999737857062274
54872.29	16.817000100594058	0.010999988576655722
54873.26	16.79399990483953	0.01299979868339383
54873.27	16.811999851196738	0.011999739812749006
54956.14	20.185006125315542	0.10099961493516803
filter V
54869.18	17.26600020134086	0.007999642817173679
54870.33	17.043999750959735	0.007999903939066069
54871.29	16.87999997443305	0.008000217680753152
54872.29	16.74800006041828	0.008000140354258823
54873.27	16.65799992168224	0.00800015782492138
54874.21	16.594999913860004	0.007000025986403796
54878.26	16.428000033794497	0.007999903476872587
54879.29	16.41700000347904	0.00600001154076646
54883.27	16.492000021222214	0.0060000620784961805
54884.23	16.512999931542826	0.008000009553872768
54888.15	16.69700002713732	0.004999903537438687
54898.18	17.39600021844508	0.00999979298192081
54900.19	17.523000019349567	0.013999783306759614
54902.17	17.65300043795049	0.014000466856971365
54908.17	18.074999364529443	0.012999096948503869
54911.24	18.282000571332016	0.01400033019856372
54914.16	18.43400022013688	0.01500061012157025
54915.15	18.46100064808102	0.014999459863100502
54917.23	18.582999167539967	0.017001059040146087
54928.1	18.857999723479097	0.026001297373332035
54931.14	18.946998246753854	0.031001040200312684
54938.15	19.125000552183636	0.01599951641785069
filter Y
54868.27	17.39300028527813	0.02399979066019356
54868.28	17.36700031193092	0.02399958867775194
54875.28	16.791999730630216	0.015000223567771033
54875.28	16.82399998389061	0.014999772795900144
54882.2	17.32100001901549	0.017999941320400725
54882.21	17.325999937549486	0.02100035677894028
54886.23	17.51299994938985	0.02300038076992076
54886.24	17.551000466881703	0.02300031565503385
54887.23	17.555999608294893	0.03299975918055465
54887.24	17.60699976303713	0.028000407624557442
54889.24	17.58300011806217	0.023000328170761846
54889.25	17.610999476824787	0.028999690792094895
54891.28	17.490999739164113	0.025000518882893046
54891.29	17.51500053460254	0.024000532036205512
54892.26	17.483999639264812	0.025999571607940575
54892.27	17.496999916625303	0.027000293924763653
54894.16	17.406999680745812	0.022000112645888595
54894.17	17.40200026568033	0.026000091543323476
54899.24	17.121000094288775	0.017999736030258538
54899.25	17.177000232541957	0.020999812830874553
54901.15	17.06500029789421	0.02400004507293622
54901.16	17.084000208877203	0.027000221565079374
54907.26	16.793000206348456	0.012999723500630242
54907.27	16.813999728093165	0.01700018895772581
54913.23	17.009999864717802	0.01699994319949775
54913.23	16.99300026336259	0.01899968931934573
54921.26	17.4870004410301	0.022000199942665548
54921.27	17.419000132466472	0.02400001038438134
54929.19	17.890000628331396	0.03000021282095148
54929.19	17.80600011830022	0.03000034622113185
54939.23	18.265999163733774	0.0489998876831489
54939.24	18.345000030351727	0.05799918358250018
filter Ydw
54872.28	16.94999993944373	0.011000067213591806
54872.29	16.9270001611078	0.011000079982936948
54873.26	16.89700011827144	0.009999986277109768
54873.27	16.927999813242778	0.010999955006701858
54956.14	19.2049982704552	0.03600152362365755
54956.16	19.17600196215527	0.03999858704976016
filter g
54869.18	17.150000208122453	0.005999776706985165
54870.33	16.918000003324956	0.007000126944114294
54871.29	16.756999870130862	0.0059997982905537145
54872.29	16.63300012425643	0.006000094646069222
54873.27	16.537999936037135	0.00700012029307346
54874.21	16.470999973082776	0.0050000840537076045
54878.26	16.32199999829158	0.007999823592735295
54879.29	16.32000014264579	0.00400005820384806
54883.27	16.449999996654533	0.005999835657871901
54884.23	16.497999897150102	0.00799983179481539
54888.15	16.79399990483953	0.005999819905835572
54898.18	17.81399986591988	0.009999642929065175
54900.19	18.030000009136447	0.01300027595186325
54902.17	18.201000656931534	0.01800090178584696
54908.17	18.680000993581004	0.01699968542317872
54911.24	18.86600094293304	0.0200005244204769
54914.16	19.01700117588664	0.03199876038383591
54915.15	19.068999706897433	0.0260008861110106
54917.23	19.140002327357095	0.02100171798243646
54928.1	19.33699994312249	0.029000208464315322
54931.14	19.426998880093066	0.03999966137332177
54938.15	19.570998299654512	0.024997449415408407
filter i
54869.18	17.370999755992642	0.008999917837089878
54870.33	17.164000156956483	0.009000135883968382
54871.29	17.02200005259347	0.008999903354741774
54872.29	16.945000138416425	0.00800017590402239
54873.27	16.904000196207797	0.013000038847436935
54874.21	16.874000012440998	0.008999825815010264
54878.26	16.93099980378973	0.009999867761874079
54879.29	16.994999813874653	0.008000116287637096
54883.27	17.097000143288582	0.007000090954820948
54884.23	17.148000290326394	0.009000375182924934
54888.15	17.462999554906304	0.010000392427454824
54898.18	17.506999454262008	0.008999957106755968
54900.19	17.521000150578146	0.01299991230886815
54902.17	17.4689995486985	0.014000050501991188
54908.17	17.619999715701052	0.012000073134739964
54911.24	17.82100053435907	0.013000303540628099
54914.16	18.05500013803702	0.014999241723576813
54915.15	18.125000627858956	0.016000071004658417
54917.23	18.237000513501087	0.017000214773333015
54928.1	18.727000417017855	0.02499897880106443
54931.14	18.77100052488533	0.031000031690163445
54938.15	19.07600032209229	0.025000855449498056
filter r
54869.18	17.204000030199968	0.007000115106483845
54870.33	16.97900008126932	0.007000171910671062
54871.29	16.822000225831502	0.007000270543344006
54872.29	16.72700020579486	0.005999843540165289
54873.27	16.624000012978755	0.00999981425866941
54874.21	16.56200000691257	0.006000122817601532
54878.26	16.409999913589196	0.008999866868781518
54879.29	16.402999997002045	0.0050001209679157894
54883.27	16.465000151556804	0.005000152432906662
54884.23	16.504000141313465	0.006999924345672292
54888.15	16.74400003506196	0.006999882774646706
54898.18	17.14699975023018	0.005999690963322553
54900.19	17.17999996857676	0.009999739078873656
54902.17	17.273000086506872	0.009999924867500353
54908.17	17.597000359865028	0.010999422587989149
54911.24	17.809000697331985	0.01100002173646207
54914.16	18.00400015270059	0.015000101709451326
54915.15	18.04299996689771	0.014000097486233274
54917.23	18.14700081005261	0.016999446476257875
54928.1	18.516001280187027	0.020998821222178703
54931.14	18.557000314408974	0.026000459854616693
54938.15	18.83999892500104	0.020000953475130173
filter u
54869.18	17.40200026568033	0.021000264713671436
54870.33	17.194999618938258	0.010999668257323124
54871.29	17.050999891432525	0.01400027659398874
54872.29	16.939000172316405	0.012999800080710444
54873.27	16.858000049990896	0.011999741794074044
54874.21	16.818999939686744	0.009999712055533863
54878.26	16.85999984395155	0.010999969635531508
54879.29	16.932999689454412	0.009000050258895513
54883.27	17.345000242684932	0.01099993956303681
54884.23	17.448000215040704	0.013999931025579322
54888.15	17.968000607309428	0.015000445726295315
54898.18	19.412998383360435	0.07299911761514981
54900.19	19.647002887738157	0.07999872527328536
54908.17	20.36400714256046	0.06799989458311768
54911.24	20.43599660448087	0.06899511525746446
54917.23	20.5419924990559	0.08499585590278132
