2009D	0.02501	58.59512	-19.18172
filter B
54834.17	16.21299994565571	0.007000093291168049
54837.22	15.999999919692145	0.005000132521601103
54838.18	15.956000083247295	0.0069998835620291005
54839.09	15.91900002530373	0.0059999270294371475
54840.12	15.906000024278665	0.006999970260724242
54841.09	15.900000080190257	0.008000081392206301
54842.09	15.925000047854079	0.008999877443770144
54844.14	15.976000105211646	0.007000108045071188
54845.14	16.020999954814652	0.0049999112463985276
54848.11	16.200000070438644	0.010999956874248817
54855.11	16.809000031273467	0.007000260840708571
54856.1	16.920999842327916	0.009999913569689082
54859.13	17.255999584281142	0.008000009975250357
54866.09	17.91000035867559	0.014999419186126505
54867.11	17.968000607309428	0.013999636304369399
54870.08	18.228000534107508	0.017999861725664448
54871.07	18.264999312477705	0.01700062961339708
54872.12	18.352999884573386	0.027999282813286203
54874.03	18.506000594346617	0.01800085485455734
54878.03	18.790001777431375	0.022000488208518704
54884.03	19.01600057818169	0.03099985358010335
filter H
54847.09	16.838999785528188	0.08299994950234009
54849.09	17.044999664208866	0.04699971883136185
54849.1	17.11999963403923	0.04399997580312468
54854.04	17.108999697592207	0.04700033776321145
54854.05	17.10799963544617	0.05199972000480468
54868.03	16.906999907402437	0.04000030779967377
54868.04	16.838999785528188	0.031999795510676256
54875.03	16.889999691616186	0.041000155983978194
filter Hdw
54838.01	16.655999975510632	0.026999872390070612
54838.02	16.641000010703607	0.03499993335942618
54839.04	16.69200025207373	0.03399975068528821
54839.05	16.6740000672041	0.03399984417881118
54841.0	16.79100017597386	0.033000075026120304
54841.01	16.766999804262106	0.02500007015601532
filter Jrc2
54847.09	17.00200027356651	0.038999934155373214
54847.09	16.973000224008125	0.034000088524309684
54849.09	17.344000109955882	0.031999856077615955
54849.1	17.26900026986983	0.027000215509009953
54854.04	17.85700056234583	0.046999595248345044
54854.05	17.771000266326766	0.03599973223043254
54868.03	17.57500034994346	0.030000278072312446
54868.04	17.641000346038318	0.03300060066704632
54875.03	17.45099953403931	0.027999481026577618
54875.03	17.411000449435555	0.037999891915661214
54890.01	18.507998870616262	0.10900084311796761
54890.02	18.45300031516826	0.11100015741023446
filter Jdw
54838.01	16.38299985945765	0.031000044692566113
54838.02	16.377000021921607	0.00999980984804583
54839.04	16.430000131633314	0.0310001002994877
54839.05	16.4349998634194	0.03099987572462699
54841.0	16.494000023569917	0.03199986867194449
54841.01	16.527999851947502	0.00999985639840126
filter V
54834.17	16.219999991267798	0.006000003973849423
54837.22	16.007999969581817	0.0039999618925114005
54838.18	15.966000033180679	0.006999894810203231
54839.09	15.942000089619771	0.007999940798950451
54840.12	15.91500002645883	0.00699998091534214
54841.09	15.900000080190257	0.008000081392206301
54842.09	15.908999936053563	0.007999958758255668
54844.14	15.923000080018898	0.0069999227008467535
54845.14	15.939000026907395	0.006000093788582147
54848.11	16.034999880761653	0.01200009935802372
54855.11	16.365000041013076	0.003999854344869006
54856.1	16.453999815522053	0.0079998902454536
54859.13	16.619000007674906	0.005999909550723318
54866.09	16.988999969257755	0.006999840793633989
54867.11	17.03499998783056	0.009000063377851388
54870.08	17.203000238035965	0.008999769076248963
54871.07	17.251000373303064	0.011000087820177078
54872.12	17.31600010776141	0.009999744850381959
54874.03	17.430000123405744	0.008999652901629691
54878.03	17.68799968250483	0.00699976897032915
54884.03	17.94500011516189	0.015999544731529015
filter Y
54847.09	17.10799963544617	0.0209999596847064
54847.09	17.112000106357286	0.01800000843115022
54849.09	17.132999871233913	0.015999913846926492
54849.1	17.138999640957177	0.021000093355352793
54853.09	17.153000304848778	0.019000334288086982
54854.04	17.148000290326394	0.02200004478157035
54854.05	17.16499974677034	0.02200030458862643
54868.03	16.636000159693886	0.0130000036970612
54868.04	16.609999929152128	0.012999953113033785
54875.03	16.404000165488235	0.012999871995748369
54875.03	16.399999883053837	0.010999950642292576
54890.01	17.11400017620743	0.02400013131104029
54890.02	17.14199990276689	0.019000088841802796
filter Ydw
54838.01	16.56200000691257	0.02300008943383554
54838.02	16.52999980123998	0.018000135022657508
54839.04	16.607000187531145	0.022999827596582256
54839.05	16.634000193330643	0.04100020487845056
54841.0	16.74800006041828	0.02399987790707315
54841.01	16.801999977418372	0.04199994086548602
filter g
54834.17	16.09699989201585	0.005000110948743117
54837.22	15.891999946786159	0.004000056454034619
54838.18	15.849999975331881	0.006000088501998159
54839.09	15.821000044826636	0.00500011539750773
54840.12	15.795000109399588	0.004999894306051785
54841.09	15.8020000787665	0.005999909898712416
54842.09	15.8020000787665	0.007000084265752805
54844.14	15.848999946200436	0.006000022833388731
54845.14	15.874999980921656	0.003999895000734251
54848.11	15.995999882123888	0.007000093625847692
54855.11	16.496999839582422	0.004000112742569464
54856.1	16.593000064487832	0.006000147774317864
54859.13	16.864999774249846	0.003999973135774299
54866.09	17.446999867761512	0.009000013262733263
54867.11	17.519999936984576	0.008000236012928276
54870.08	17.77899940763932	0.009999701298682759
54871.07	17.81999996195784	0.010999768594474369
54872.12	17.924999960481454	0.01400042336973622
54874.03	18.030000009136447	0.013999752875635567
54878.03	18.30200053328801	0.013999265349189799
54884.03	18.544000615055854	0.009000089022324355
filter i
54834.17	16.564999861174222	0.007000160642532505
54837.22	16.455999868305327	0.004999966863529988
54838.18	16.467000044336405	0.00799981503495218
54839.09	16.470000080154158	0.006999812697719571
54840.12	16.511999953540915	0.007000119870534146
54841.09	16.52999980123998	0.014999890344364202
54842.09	16.569000167497816	0.009000133394891969
54844.14	16.59899980672714	0.00899990276571995
54845.14	16.615999861007968	0.00500023637594846
54848.11	16.723000228829395	0.011000134493834508
54855.11	17.17099984876431	0.005999871696129025
54856.1	17.18600002709711	0.00899979709702421
54859.13	17.162999894532554	0.007000204687576196
54866.09	17.085999735228512	0.008999856110507805
54867.11	17.054000246092684	0.007999771200214573
54870.08	17.06100015262632	0.009000071856643222
54871.07	17.05700025122068	0.009000187207175022
54872.12	17.074000238270845	0.008000356817328023
54874.03	17.121999944226758	0.006999873642801234
54878.03	17.33099975669664	0.010000396291075226
54884.03	17.727999574679615	0.010000279432614587
filter r
54834.17	16.253000008452567	0.005999940651151439
54837.22	16.057000026984078	0.005999993983875929
54838.18	16.010999891816773	0.008000018247862202
54839.09	15.972999977645749	0.0059999535350906226
54840.12	15.95699992823306	0.00599999806627793
54841.09	15.92699988163995	0.008999895336115938
54842.09	15.912000111840856	0.007999964021255574
54844.14	15.910000077906952	0.006999951000333501
54845.14	15.923999984864919	0.005000047074252328
54848.11	16.015000097886478	0.009000127594288783
54855.11	16.42000014620276	0.004000100619832292
54856.1	16.474000124639755	0.006999906104222188
54859.13	16.55600001817329	0.004000035003003085
54866.09	16.69800015740113	0.005999915285702341
54867.11	16.71199974650842	0.007999844031570202
54870.08	16.80800020827213	0.00800006845764254
54871.07	16.835999929027416	0.007999963724646881
54872.12	16.893000024809517	0.007999745272248057
54874.03	16.981000243802033	0.007999946094510667
54878.03	17.241000343802614	0.006999871671855871
54884.03	17.544999582993377	0.006000174439705193
filter u
54834.17	16.75900018393826	0.011000069958369012
54837.22	16.512999931542826	0.01200001433080915
54838.18	16.494999902108994	0.01300010557906593
54839.09	16.470000080154158	0.011999919173048807
54840.12	16.470000080154158	0.013000192743920676
54841.09	16.504000141313465	0.013999848691344585
54842.09	16.547000137659833	0.01100012764497598
54844.14	16.67799991638838	0.01100013825059595
54845.14	16.772999809023627	0.010000084873867773
54848.11	17.08499988217381	0.010999988515046046
54855.11	17.908999802642132	0.013999749611576942
54856.1	18.09700025464072	0.01500001563922245
54859.13	18.472001242961554	0.01799872604048903
54866.09	19.250001259707542	0.03299772633969155
54867.11	19.28799856834255	0.049997153638531966
54870.08	19.55899763663886	0.05800208268738593
54871.07	19.624998112694655	0.07700245868624564
54872.12	19.57299671570341	0.1240012385232318
54878.03	19.947999180079194	0.07700109968353082
54884.03	20.14899520081773	0.04400135369891681
