2009an	0.00922	185.6975	65.85111
filter Bs
54892.532	14.941700003764426	0.022855998461673913
54894.508	14.688199996916769	0.02324750833513355
54896.399	14.572099996789953	0.017359721816726962
54898.233	14.567099999778662	0.01981691905640372
54903.504	14.756999998588674	0.01903123152289383
54905.329	14.965300002797166	0.015882685408168236
54907.206	15.2004000058046	0.022072548593478097
54909.409	15.496299991752945	0.02314964339554144
54913.328	16.013699994811624	0.02881085032237738
54914.327	16.122199989960645	0.02900551515568601
54915.324	16.273000004667402	0.026179205425798824
54918.367	16.624199998608788	0.0276420425463561
54919.47	16.735199978042377	0.02900549428542089
54920.251	16.82069997428787	0.023443194883918158
54922.322	17.005699982051475	0.025788769559034665
54934.164	17.671800006777513	0.03589332105575107
54939.264	17.863700055412558	0.12606095200727804
54945.242	17.874000041242716	0.03386078002318931
54946.331	17.938899964953045	0.06572639897939116
54950.253	17.939700065421174	0.02686215983561795
filter H2m
54891.232	15.179218740593202	0.03413200700897186
54892.22	15.180406899066263	0.025295304864802224
54893.224	15.076720221157577	0.04395993917493679
54895.288	15.104593586227747	0.05026875301376734
54898.209	15.256370420369267	0.04756208015948107
54901.23	15.206723341233007	0.05807967062855157
54902.215	15.303044896409732	0.04761827201743775
54903.23	15.518838860633446	0.0667730580751052
54905.256	15.522578866222132	0.07658974638940909
54907.183	15.504895035225452	0.022503182830185323
54908.183	15.471206773837515	0.08534801230341986
54909.177	15.419301090421326	0.04553586729321119
54910.179	15.413468985308445	0.09557930386668116
54911.221	15.338980071640778	0.05054903026946786
54913.167	15.296765088030543	0.08619677577468766
54916.225	15.23910882889547	0.02928273663247182
54918.188	15.230556095788986	0.04876842739907229
54919.159	15.109043502057258	0.051571220394459966
54920.199	15.199376122802398	0.03317648347598694
54921.198	15.26883537682579	0.05442876368666436
54922.183	15.237072968016431	0.015557263971452592
54923.225	15.25288934562347	0.07090993220649497
54924.245	15.351092286558618	0.012426187003568219
54925.214	15.385268471556461	0.07610435000146128
54926.187	15.433553751209699	0.04797894411983815
54927.162	15.442631166822007	0.09418119376835007
54930.237	15.808985520265166	0.07832151425141669
54942.173	16.402090916208415	0.10240480251166159
54944.114	16.781794634212396	0.19037316469858998
filter J2m
54891.232	15.111029782970897	0.03158379854611389
54892.22	15.00977071519073	0.025141000519609914
54893.224	14.907786717867001	0.024474345571196824
54895.288	14.847896032705945	0.061623981662283465
54898.209	15.09578644841229	0.02575249623118926
54901.23	15.402152982571035	0.035257988918470574
54902.215	15.49711370114633	0.06103829338944136
54903.23	15.796923032402788	0.014766231980141986
54904.195	15.846870666368487	0.025009797943704764
54905.256	16.006258653719232	0.01956247916069444
54906.182	16.148380481649212	0.021268714055016517
54907.183	16.42872057561516	0.05213917480414023
54908.183	16.465287048458922	0.048376773672284004
54909.177	16.513627541473692	0.04440515405616527
54910.179	16.584305326758106	0.04208995600552623
54911.221	16.540027377402758	0.03664849870884195
54913.167	16.522656053272605	0.050938436492465176
54916.225	16.219469956105932	0.03517257301718879
54918.188	16.12383013973396	0.02122030493197062
54919.159	16.10515341162255	0.0777489877291676
54920.199	16.129865052790446	0.03322709852666997
54921.198	15.96517837260402	0.07105417487910069
54922.183	15.88899878478066	0.03043514199203316
54923.225	15.783572177147132	0.031033565352167322
54924.245	15.826960034870197	0.04150415387949187
54925.214	16.02603043707921	0.03262392450633491
54926.187	16.03608266864056	0.08051460810909566
54927.162	16.058492413564835	0.036730780494355804
54930.237	16.402307972207566	0.05239319348821163
54942.173	17.526315274787372	0.1078560175447341
54944.114	17.64021063653363	0.14217991170252
filter Ks2m
54891.232	15.152658755324637	0.079938043370912
54892.22	14.967015335241864	0.031010662039872065
54893.224	15.077805372872566	0.12331748413472612
54895.288	15.05753919051183	0.07072667809339479
54898.209	15.14729369607743	0.07562114098223166
54901.23	15.274998988221618	0.06332811639128987
54902.215	15.195199075532301	0.1735001240809503
54905.256	15.556684124345544	0.06910011006085777
54906.182	15.472979596494213	0.17350012546683438
54907.183	15.503450478120346	0.09638887221233841
54908.183	15.386263300234015	0.082018844514243
54909.177	15.413534372823207	0.17350011808225801
54911.221	15.284637368001029	0.05067550188535296
54916.225	15.25422360993504	0.056089081674136926
54918.188	15.22483123631578	0.0875375781432713
54920.199	15.301161510089454	0.05751226207091942
54921.198	15.343036587834574	0.07657991148965593
54923.225	15.31716879229985	0.07096145571792675
54924.245	15.404157701744005	0.13189115958749023
54926.187	15.631938768578506	0.1735001204696454
54929.268	16.036209351874795	0.30249412743952897
54942.173	16.572736115863847	0.14058620619183937
filter Vs
54892.53	14.906199998399003	0.0179499684837312
54894.505	14.673700002319613	0.017851610167857995
54896.396	14.570999996381486	0.020994365223918027
54898.23	14.501500002353694	0.01637525991742754
54901.457	14.505100002080615	0.018834718706330016
54902.344	14.523499997849976	0.01696604458192329
54903.501	14.566599997496748	0.01489686198889272
54905.326	14.652199998826523	0.017556503176768882
54907.203	14.768999997796444	0.016276762166503107
54909.405	14.929800003657451	0.01745811385558869
54913.324	15.196999996626753	0.014995487417824895
54914.324	15.251799999609588	0.014995479496069122
54915.321	15.300899996256339	0.01706448025532004
54918.363	15.500400006917136	0.015882692693585405
54919.466	15.549400008701612	0.018146638497897
54920.246	15.601700005170462	0.015981217725963174
54922.31	15.766700003852371	0.01647373957654647
54934.158	16.515599983262216	0.0194241296989121
54945.238	16.861499999818417	0.019031228284722215
54946.324	16.905500020559472	0.025398211008738958
54950.25	17.016499975972494	0.02197458471946609
filter i_40
54892.525	15.230400002866526	0.02422564683592849
54894.5	15.0658000025847	0.017458120095479205
54898.225	15.121499996967849	0.01991508671210075
54901.453	15.188099997365573	0.017949959388894474
54902.34	15.231899997439658	0.017949960333358425
54903.496	15.315899995447463	0.01794995786936453
54905.321	15.490699993146348	0.020013244863301808
54907.199	15.687400005617722	0.020602028272788467
54909.399	15.800200007989416	0.018638177023056833
54913.318	15.76660000068578	0.015389879766059688
54914.318	15.733899997450111	0.015389880389373035
54915.315	15.706700006405255	0.02020954135239199
54918.357	15.62760000771023	0.017162893090662344
54919.443	15.613599993296717	0.01942413835357761
54920.24	15.602299996424565	0.017359724175779894
54922.304	15.617400007680375	0.017753253578518716
54934.152	16.496300002344693	0.023541045438156747
54945.232	17.017199987922897	0.027349636280483078
54946.295	17.124200018653767	0.05515002423494851
54950.244	17.228999997326497	0.029783825335333726
filter r_40
54892.528	14.877199998373062	0.02001324856256185
54894.502	14.678400001162782	0.016178258005412813
54898.228	14.51879999935512	0.018146640270616923
54901.455	14.528500001986622	0.01883472217481627
54902.342	14.56749999833127	0.026081626651490126
54903.498	14.615200000886803	0.01598121536611375
54905.323	14.747199998792455	0.01667069132989827
54907.201	14.906099997354543	0.016966045944122737
54909.402	15.05709999765066	0.017458113509837545
54913.321	15.18200000012756	0.01410753936648596
54914.321	15.215300005473292	0.01814664068787706
54915.318	15.217599997629769	0.017949969730409545
54918.36	15.272900006388006	0.015685597903944554
54919.463	15.319600005613033	0.01726130876544121
54920.243	15.343300006056237	0.015981224198503823
54922.294	15.46290000794631	0.019424150697332436
54934.155	16.305499989897083	0.022170510434687766
54945.235	16.73139999026946	0.018539866788140985
54946.293	16.833800019334024	0.04676307627951089
54950.247	16.894799984372668	0.027739456918674524
filter u_40
54892.535	15.651399992731488	0.033085422191185994
54909.413	16.6833999840785	0.03260056369487461
54915.328	17.559099944415838	0.08508134311589519
54920.257	18.02870005247953	0.11046747430689421
