2009kk	0.01286	57.43458	-3.26444
filter Bs
55127.401	15.244799995730387	0.014699591382076478
55130.427	15.33439999659935	0.01460093220062312
55133.295	15.572600005789312	0.023834502847610815
55134.469	15.653000004312736	0.015291295769367344
55135.462	15.772699990948666	0.022268458176594855
55150.337	17.56720000183308	0.024714344066571196
55151.431	17.695400035619507	0.042832298944938015
55153.326	17.88790001888928	0.04129429258368386
55155.234	17.922500012194035	0.038404284290010325
55158.357	18.18589992075001	0.047337080237634256
55160.185	18.155300074804153	0.05893987350627452
55176.306	18.684300135977878	0.10388812562094918
55181.335	18.761900131854127	0.08885292813646546
55182.116	18.811499827252295	0.10117132450855894
55185.243	18.825700046014134	0.09206114085142508
55208.197	19.187500020464782	0.12305074364035712
55242.142	19.766400257175963	0.23223448889438167
55244.159	19.85099964011266	0.18581556268519722
filter H2m
55127.26	16.045101973250205	0.13452180387352514
55130.406	15.960237814329759	0.06062716495313304
55131.367	15.994822905756989	0.08861226444562946
55133.277	16.112380866127964	0.06897998893765275
55134.251	16.132725911790047	0.11907391183047997
55135.283	16.186083419859727	0.06681320895963602
55136.238	16.355104155147792	0.02851473606511732
55137.247	16.475837301886322	0.0746309285151434
55139.246	16.32155121308488	0.12551246708010036
55152.271	16.04310452609012	0.12970923289678937
55168.223	16.779642755936	0.1598175614378996
55175.246	17.212498482374677	0.24567348091780483
55178.235	17.120658287896383	0.26175913780947635
55181.258	17.158165614269283	0.17350013224423755
55183.212	17.228210288952866	0.06618340702267184
55185.197	17.504696724341443	0.24567345059928364
55198.247	17.96452789473614	0.11119975880063956
filter J2m
55127.26	15.716171478665007	0.04634720833164687
55128.288	15.781428125495653	0.06730163238843752
55130.406	15.932709703059063	0.03199611510843154
55131.367	16.055096185294385	0.1735001354087033
55133.277	16.35883503679326	0.17350011555251194
55134.251	16.61355396442529	0.0628016529464668
55135.283	16.72279048007183	0.07522587640664963
55136.238	16.93332530900905	0.05252093702766295
55140.258	17.17997247712173	0.2456734689657276
55152.271	16.574160774390112	0.10014679513144088
55168.223	17.388240585650927	0.17350008101355424
55175.246	17.920712916610892	0.2456734861946003
55177.253	18.028165529530646	0.2059444829912235
55180.198	18.31046802332066	0.318937197480679
55182.195	18.26032761504551	0.23470386826962616
55183.212	18.467424311506534	0.3045953947258778
55198.247	18.96925065925107	0.2456735606405478
filter Ks2m
55127.26	15.331779397367232	0.17350012729984907
55128.288	15.397533016076839	0.17350012214081276
55130.406	15.429483366021602	0.17350012271334952
55133.277	15.37477363392076	0.17350013136633471
55134.251	15.446868127554614	0.1735001192069781
55135.283	15.535402608047367	0.17350012978475737
55136.238	15.332446846892498	0.2456734901900373
55137.247	15.48254908301044	0.17350012349436467
55152.271	15.615755714122542	0.24567348445774861
55180.198	16.123178580361284	0.1735001342048741
55181.258	16.132504902381193	0.17350011879994431
55182.195	16.142209108573205	0.17350014055275015
55183.212	16.203555032472813	0.173500127516331
55184.241	16.208529334939836	0.17350013792034757
55185.197	16.168897179339673	0.3255286685341794
55198.247	16.369172224044156	0.17350013601719327
filter Vs
55127.398	15.130899995042633	0.014304922659064042
55130.424	15.15179999927283	0.015094093445192676
55133.292	15.266899996457301	0.021190476657780802
55134.466	15.30900000459927	0.014403611505167939
55135.459	15.38809999358194	0.015882687827799457
55144.316	15.951500012482747	0.018539891162023033
55150.334	16.316399986678277	0.01696603399198262
55151.427	16.452100007997426	0.033376233089189536
55153.322	16.53859997783608	0.022855992875801298
55155.23	16.678099987069373	0.016670710342889333
55158.353	16.94769997823198	0.022562284521995293
55160.181	17.019599983353757	0.024714405882554972
55176.3	17.66939996294434	0.028324036516326114
55181.331	17.68529995872575	0.03821136811854001
55182.11	17.79029999145193	0.03492595103266242
55185.237	17.85589996802477	0.031824211889199226
55208.194	18.524600002588926	0.048197566702882465
55242.138	19.302700068897572	0.09826547622591275
55244.155	19.48759981925766	0.1552189540994235
filter i_40
55127.393	15.702499992920222	0.016966044725170073
55130.419	15.804500004351949	0.01726131049705666
55133.287	16.02599998921016	0.01971874118880732
55134.462	16.154999997910767	0.018343282006654013
55135.454	16.326499998382243	0.042736188518516405
55144.31	16.42349998650677	0.022855981108438603
55150.328	16.301999994337717	0.02060201584188395
55151.421	16.317000018141776	0.020013247473145316
55153.316	16.373499985426765	0.021778589224470585
55155.224	16.49000001306154	0.026179219631946755
55158.347	16.764999994320988	0.022856012432817735
55160.175	16.909999984227255	0.03608664787258842
55176.294	17.750500023616368	0.034248253480089356
55181.325	17.892500021992518	0.05515005925357039
55182.104	18.02850006133355	0.039464935860252244
55185.231	18.16300002612512	0.05950711996527024
55208.188	19.02600003810538	0.08710685225396757
55242.132	20.155999676562345	0.1915986633402968
55244.148	20.687500908517613	0.3005651353822652
filter r_40
55127.396	15.14980000268731	0.02275810287490819
55130.421	15.153200000443503	0.01971874396469588
55133.29	15.335600004331639	0.026764589620898487
55134.464	15.411800005689658	0.029297467995708756
55135.457	15.499600000999475	0.015981220821574167
55144.313	15.8965000087814	0.018638181530998492
55150.331	16.053399998411486	0.017359715766199033
55151.424	16.16129999030776	0.033666960017922916
55153.319	16.218099989101376	0.01932594080578895
55155.227	16.367799996463717	0.015192695211506586
55158.35	16.650599978248557	0.018441575680705473
55160.178	16.781899980950307	0.028226618259007574
55176.297	17.47990000864217	0.02383453146519076
55181.328	17.646300056389602	0.02929749591871772
55182.107	17.666099953771308	0.028323986641233645
55185.234	17.78429996740212	0.02773949200215955
55208.191	18.55139993688045	0.05163187146997866
55242.135	19.550600039224275	0.09462048643717379
55244.152	19.761299878480276	0.1231398803564218
