2009cz	0.02116	138.75008	29.73531
filter B
54937.03	16.010000005712165	0.00700010955796958
54938.02	15.92699988163995	0.007000003591643426
54942.03	15.779000060711637	0.006999981092967058
54945.99	15.851999945449517	0.00699992119684302
54946.97	15.893000112800902	0.006999939454474816
54958.98	16.829999779409142	0.013999809711253593
54963.96	17.36700031193092	0.00900044610408388
54965.96	17.55499976432391	0.011000074045503174
54951.97	16.120999941898912	0.006999970027559761
54953.97	16.242000080628713	0.007000090376614488
filter H
54939.07	16.52600003810538	0.05900019868788755
54939.08	16.42300014637963	0.047999941667067066
54948.02	16.71099976688298	0.06899990185704329
54948.03	16.79100017597386	0.06999991940742803
54949.02	16.846000147886986	0.06600018622979929
54949.03	16.88399977461429	0.0620001176258712
54961.01	16.89199981914248	0.10600026914096652
54962.01	16.83399972013838	0.07999996270008135
54962.02	16.722000146544893	0.057999808756527896
54965.01	16.477000125698986	0.090000071358942
filter Hdw
54954.97	17.057999929902763	0.05300014291947866
54954.99	17.056000049505315	0.02100033474530512
filter Jrc2
54939.07	16.169999967151213	0.01599987044245315
54939.08	16.183999943332168	0.015000126404433212
54948.02	16.735000095895025	0.03099981212387739
54948.03	16.687999982649348	0.027000063327692465
54949.02	16.763999787725474	0.03199992074672472
54949.03	16.78399974469827	0.024999878605269074
54961.01	17.762000459201996	0.08900002721218292
54961.01	17.679000126612145	0.09000002450126408
54962.01	17.723000246937488	0.0800000291748142
54962.02	17.93699963010159	0.08699990445663186
filter Jdw
54954.97	17.589999494852307	0.020999904017935767
54954.99	17.610000569178208	0.02099985435358484
filter V
54937.03	16.01700006220667	0.00699995443531241
54938.02	15.930999884633483	0.006000065432713436
54942.03	15.764999971417037	0.006000083733849545
54945.99	15.766999936598673	0.005999923664308576
54946.97	15.77600005343376	0.006999969915410396
54958.98	16.339000082945205	0.009999852262692094
54963.96	16.626000072554987	0.006999864115516988
54965.96	16.72800010725201	0.006999867963453715
54950.96	15.90799996294571	0.006000083348654459
54953.97	15.989000119691513	0.0059999357010114525
filter Y
54939.07	16.291999902742937	0.012000147219884029
54939.08	16.311999910950597	0.01200004749473195
54948.02	16.868999847407327	0.022000297464843967
54948.03	16.876000188348463	0.023000001014428884
54949.02	16.935999983516226	0.02100010316538945
54961.01	16.85400010001959	0.02600004912594419
54961.01	16.835999929027416	0.022000194748879816
54965.01	16.675000045452542	0.03999978117841854
54965.0	16.694999939800965	0.03099997380341979
filter Ydw
54954.97	17.15600001440123	0.021000109783845335
54954.99	17.168000051291706	0.020000370100494973
filter g
54937.03	15.92799990542376	0.007000073315954
54938.02	15.854000030238137	0.008999974688508371
54942.03	15.691999929870004	0.009000076826594747
54945.99	15.736000055363942	0.007999978716920292
54946.97	15.774000066744021	0.006999932988118322
54958.98	16.533000188684543	0.008999798030648444
54963.96	16.958999962543686	0.010999935727265485
54965.96	17.1660002577109	0.014000039182183113
54951.97	15.932000014792019	0.005999959274035276
54953.97	16.010999891816773	0.009000089404268972
filter i
54937.03	16.355999891230386	0.007000163136636844
54938.02	16.316999945102864	0.007999952002392029
54942.03	16.35700010471435	0.007000173576488281
54945.99	16.44799983101337	0.007999890005526826
54946.97	16.468999846996915	0.007999860825265343
54958.98	17.050000178212947	0.010999674914827454
54963.96	16.97399968414918	0.009999871864707367
54965.96	16.945000138416425	0.010000057076285538
54951.97	16.661000248013387	0.005999927459539925
54953.97	16.72700020579486	0.008999765310247933
filter r
54937.03	16.06200006834315	0.005999968777113716
54938.02	15.980000094911924	0.006999973449926829
54942.03	15.79599996141967	0.006000067186955868
54945.99	15.751999918441458	0.006000073784257749
54946.97	15.762000014443787	0.005999956044228412
54958.98	16.377000021921607	0.00699986689363208
54963.96	16.468999846996915	0.007000088258360726
54965.96	16.499000013023917	0.00600000510257909
54951.97	15.917999907621937	0.005999966272337289
54953.97	15.978999985720614	0.006000032293292203
filter u
54937.03	16.435999807549372	0.01899994756165076
54938.02	16.367000091557447	0.017999836278607323
54942.03	16.245000024145437	0.01799994410612481
54945.99	16.482000057724207	0.019000023283443298
54946.97	16.574999914464904	0.019999863833211493
54958.98	18.008000632309255	0.08400035009613965
54963.96	18.651999138828458	0.0329988215448492
54965.96	18.87299975740731	0.03299990830518089
54951.97	16.97000002175058	0.020999747756419294
54953.97	17.224999622167218	0.02400039581051601
