2010dw	0.03812	230.66792	-5.92111
filter Bs
55355.278	17.52560003212806	0.036763171763837754
55356.184	17.47639995736722	0.03618333096810867
55359.178	17.52110000122616	0.03386077889688062
55361.222	17.62419997332783	0.04484748331832827
55363.219	17.684600014169774	0.05077434833270903
55376.172	18.906699956160857	0.12384869929052823
55385.239	19.95140020841663	0.28854190343752706
filter H2m
55358.196	17.981809836586677	0.08535609252597497
55359.215	17.55416391604571	0.24567347344778925
55360.287	17.724469058286857	0.17350017773000662
55363.199	17.873142483680244	0.24567354131669886
55364.24	17.795933025608804	0.17350019047827575
55366.205	18.05053436190297	0.26913701866554457
filter J2m
55358.196	17.887704798163107	0.07289317977850861
55359.215	17.778949431340955	0.053690996975524534
55360.287	17.823046846434863	0.13420924342243326
55364.24	17.873336022057124	0.0558153790553099
55366.205	18.233908620629258	0.08877683564417647
55370.207	19.047429918723914	0.21841895837985092
filter Ks2m
55359.215	17.18162392657105	0.3398872707300058
55363.199	16.666139149866517	0.17350010370039023
55364.24	16.655046852610393	0.24567350627118287
55366.205	16.888210756117033	0.31957137727368684
filter Vs
55355.275	17.374499982483847	0.03201839356662656
55356.18	17.34699997562823	0.03269749464116354
55359.174	17.28809999740604	0.03017284419407949
55361.225	17.312199970877405	0.03550643804451389
55363.215	17.3784000306784	0.03463549108307257
55376.169	18.023999944505903	0.06788490134918165
55385.236	18.442400121564464	0.08986238370095895
55393.183	19.09040007089556	0.14183970105033408
filter i_40
55355.269	17.703999971054614	0.037053025651255296
55356.174	17.704999952413544	0.033666991164354725
55359.168	17.772000045509056	0.04167892979146795
55361.219	17.802499992857197	0.041678952554068956
55363.209	17.863500032499815	0.03695636815663417
55376.163	18.29049999202885	0.044080310117988485
55385.228	18.221000042039655	0.06309261097663103
55393.176	18.444999909567052	0.06384579030657943
filter r_40
55355.272	17.357899982271107	0.023443211330799803
55356.177	17.33430001043499	0.02422566280483131
55359.171	17.28859996518256	0.02500754127558731
55361.221	17.27469995906631	0.02481206224039022
55363.212	17.314599983523955	0.022953846849078443
55376.166	17.886099980905122	0.03357013390090833
55385.232	18.086399938856303	0.04187129168161416
55393.18	18.462599908466235	0.07870185453735472
