1999cp	0.00948	211.63042	-5.44694
filter Bs
51355.73	14.554999997251976	0.04701467932733977
51365.77	14.050999999732097	0.00900010197706011
51367.75	14.199000000080623	0.02600248606220295
51368.74	14.20300000029794	0.01700069412567271
51383.64	15.55999999378755	0.007000047710490033
filter H2m
51354.3	15.040000026611981	0.07004849274607496
51360.2	14.769997745373916	0.0200011065421696
filter Is
51355.73	14.582999998396804	0.028003106148764837
51365.77	14.445999998741222	0.014000385529292586
51367.75	14.51100000180471	0.021001309833204026
51368.74	14.619000003094326	0.017000696715884334
51383.64	15.07500000092721	0.006000030417963767
filter J2m
51354.3	14.880003157269321	0.030003905792717896
51360.2	14.500002187008008	0.020001196992990508
filter Ks2m
51354.3	14.939997441058935	0.15047712859599632
51360.2	14.569996815932203	0.060030374781516564
filter Rs
51355.73	14.544000000644653	0.026002486685575123
51365.77	14.0680000014008	0.009000101970568821
51367.75	14.133000002114617	0.018000826665679127
51368.74	14.148999997569776	0.01200024493532672
51383.64	14.935999999626715	0.005000017810276495
filter Vs
51355.73	14.671000001126739	0.01600057828577481
51365.77	14.044999999408269	0.005000018184638485
51367.75	14.099000000864061	0.011000187220213906
51368.74	14.124999999305672	0.008000071797552893
51383.64	14.939000002565532	0.004000007965118953
